2 0.509635 0.112037 0.0536458 0.0722222 0.254883
5 0.579948 0.0578704 0.0442708 0.0694444 0.465576
7 0.580469 0.0578704 0.0442708 0.0694444 0.488037
2 0.025 0.284259 0.05 0.146296 0.601562
7 0.523177 0.0902778 0.0807292 0.106481 0.654297
9 0.0341146 0.025 0.0140625 0.0481481 0.67041
9 0.703125 0.0740741 0.0135417 0.0592593 0.70752
9 0.726562 0.075 0.0135417 0.0592593 0.730957
2 0.557292 0.50787 0.1375 0.221296 0.745117
2 0.0552083 0.260648 0.110417 0.10463 0.846191
2 0.892187 0.153241 0.109375 0.0768519 0.902832
