2 0.566667 0.481019 0.13125 0.217593 0.3396
7 0.583594 0.0490741 0.0421875 0.0851852 0.357422
7 0.561979 0.0717593 0.040625 0.0731481 0.426025
2 0.507031 0.105556 0.0619792 0.0944444 0.445068
9 0.703125 0.0736111 0.0125 0.0601852 0.53418
7 0.507031 0.10463 0.0619792 0.0944444 0.555664
2 0.684896 0.173148 0.0677083 0.112963 0.564941
2 0.972917 0.143519 0.0541667 0.103704 0.56543
7 0.530729 0.0833333 0.0510417 0.0833333 0.570801
7 0.684896 0.173148 0.0677083 0.111111 0.586426
7 0.491667 0.681944 0.171875 0.289815 0.653809
7 0.565625 0.482407 0.129167 0.216667 0.655762
7 0.608333 0.037963 0.04375 0.0759259 0.657715
9 0.726562 0.0740741 0.0135417 0.0592593 0.690918
9 0.0341146 0.024537 0.0140625 0.0472222 0.697266
2 0.598437 0.397222 0.10625 0.175926 0.766113
2 0.0270833 0.298611 0.0541667 0.117593 0.854004
2 0.059375 0.260648 0.11875 0.10463 0.861816
2 0.9375 0.170833 0.104167 0.0805556 0.867676
2 0.351823 0.925926 0.248437 0.137037 0.89502
