2 0.646875 0.00648148 0.034375 0.012963 0.318359
7 0.565625 0.0703704 0.0479167 0.0759259 0.501953
7 0.592448 0.05 0.0442708 0.0685185 0.543457
7 0.597656 0.403704 0.113021 0.181481 0.641113
9 0.034375 0.025 0.0145833 0.0481481 0.657227
7 0.519271 0.0958333 0.08125 0.108333 0.682617
2 0.515104 0.619907 0.161458 0.265741 0.732422
9 0.703125 0.074537 0.0125 0.0601852 0.750977
2 0.0817708 0.261574 0.120833 0.100926 0.768555
9 0.726823 0.074537 0.0130208 0.0601852 0.771973
2 0.98125 0.153241 0.0375 0.0712963 0.797852
2 0.561979 0.499537 0.1375 0.219444 0.838379
2 0.0497396 0.285185 0.0994792 0.138889 0.869141
