7 0.591927 0.0509259 0.0432292 0.0703704 0.356934
7 0.509896 0.100926 0.065625 0.0981481 0.383301
7 0.566406 0.0703704 0.0463542 0.0740741 0.395752
7 0.534115 0.0828704 0.0484375 0.0824074 0.431641
2 0.592969 0.0518519 0.0432292 0.0703704 0.435791
7 0.620313 0.0314815 0.0447917 0.062963 0.560547
7 0.598437 0.403241 0.114583 0.180556 0.598145
9 0.702604 0.0736111 0.0135417 0.0601852 0.640625
2 0.509896 0.101389 0.065625 0.0972222 0.647949
2 0.447917 0.8125 0.2125 0.349074 0.65332
9 0.726562 0.074537 0.0135417 0.0601852 0.700195
9 0.0341146 0.025 0.0161458 0.0481481 0.70166
2 0.561719 0.47963 0.136979 0.181481 0.764648
2 0.515625 0.618981 0.158333 0.265741 0.827148
2 0.978125 0.154167 0.0416667 0.0712963 0.835938
2 0.239844 0.290278 0.203646 0.152778 0.861816
2 0.071875 0.2625 0.14375 0.102778 0.916504
2 0.864844 0.159259 0.145313 0.103704 0.917969
