2 0.567969 0.0666667 0.0442708 0.0722222 0.374023
7 0.533333 0.0833333 0.0479167 0.0814815 0.379883
7 0.591927 0.05 0.0432292 0.0703704 0.381348
7 0.567969 0.0662037 0.0442708 0.0712963 0.417725
2 0.592969 0.0513889 0.0421875 0.0694444 0.42041
7 0.515625 0.618981 0.158333 0.265741 0.51709
7 0.515885 0.0967593 0.0734375 0.102778 0.527344
7 0.621354 0.0310185 0.046875 0.062037 0.580566
9 0.703125 0.0740741 0.0125 0.0592593 0.638672
9 0.0338542 0.025 0.0145833 0.05 0.666992
7 0.602344 0.399074 0.119271 0.181481 0.674805
9 0.726562 0.074537 0.0135417 0.0601852 0.711914
2 0.515365 0.618056 0.158854 0.263889 0.714355
2 0.446094 0.811111 0.207813 0.348148 0.794922
2 0.5625 0.477315 0.136458 0.178704 0.815918
2 0.975 0.151852 0.05 0.0740741 0.834473
2 0.345573 0.948148 0.243229 0.1 0.843262
2 0.0861979 0.2625 0.132812 0.102778 0.876953
2 0.0403646 0.280556 0.0807292 0.146296 0.880371
