7 0.448438 0.808796 0.2125 0.34537 0.311523
7 0.511979 0.1 0.06875 0.0944444 0.317627
2 0.567448 0.0699074 0.0442708 0.075 0.318604
7 0.591927 0.05 0.0432292 0.0703704 0.388672
2 0.592969 0.0509259 0.0432292 0.0703704 0.388916
7 0.566406 0.0703704 0.0453125 0.0740741 0.408936
7 0.533073 0.0833333 0.0494792 0.0833333 0.472656
2 0.510156 0.102315 0.0661458 0.0935185 0.585449
2 0.447917 0.812037 0.2125 0.348148 0.616211
7 0.620573 0.0314815 0.0442708 0.062963 0.637207
7 0.598177 0.402778 0.114063 0.181481 0.643555
9 0.702604 0.0736111 0.0135417 0.0601852 0.649414
9 0.726562 0.0740741 0.0135417 0.0592593 0.703613
9 0.0341146 0.025 0.0151042 0.0481481 0.721191
2 0.561198 0.484259 0.136979 0.190741 0.770508
2 0.515625 0.619444 0.158333 0.266667 0.778809
2 0.0351562 0.261574 0.0703125 0.100926 0.851074
2 0.127083 0.288426 0.2 0.149074 0.869629
2 0.944531 0.158333 0.110937 0.103704 0.898926
