2 0.592708 0.0490741 0.04375 0.0703704 0.444824
7 0.592448 0.0490741 0.0442708 0.0722222 0.456055
7 0.536198 0.0805556 0.0484375 0.0777778 0.478271
7 0.566146 0.0703704 0.046875 0.0759259 0.494141
7 0.510938 0.101389 0.0625 0.0953704 0.626953
7 0.597396 0.403704 0.1125 0.181481 0.650391
9 0.0341146 0.025 0.0140625 0.0481481 0.700195
9 0.703125 0.0736111 0.0135417 0.0601852 0.724609
9 0.726823 0.074537 0.0130208 0.0601852 0.762207
2 0.0815104 0.261574 0.121354 0.100926 0.770996
2 0.98125 0.153241 0.0375 0.0712963 0.790527
2 0.514844 0.619907 0.159896 0.265741 0.804688
2 0.561979 0.5 0.1375 0.218519 0.85498
2 0.0497396 0.286574 0.0994792 0.137963 0.858398
