7 0.547656 0.0736111 0.0723958 0.0768519 0.275391
0 0.0901042 0.485185 0.0291667 0.0407407 0.33667
2 0.536458 0.0824074 0.053125 0.0814815 0.417969
7 0.598177 0.0458333 0.0421875 0.0694444 0.453125
9 0.0338542 0.025463 0.0135417 0.0490741 0.521973
7 0.570312 0.0643518 0.0510417 0.0712963 0.552734
2 0.597135 0.40787 0.115104 0.178704 0.683594
9 0.703125 0.0736111 0.0135417 0.0601852 0.68457
9 0.726562 0.074537 0.0135417 0.0601852 0.734863
2 0.473958 0.735648 0.189583 0.308333 0.744141
2 0.5125 0.1 0.0645833 0.0962963 0.763184
2 0.0742188 0.262037 0.128646 0.103704 0.775879
2 0.983333 0.152315 0.0333333 0.0712963 0.778809
2 0.558854 0.499537 0.138542 0.217593 0.860352
2 0.0455729 0.284259 0.0911458 0.138889 0.87793
2 0.101823 0.522222 0.153646 0.196296 0.908691
