7 0.446875 0.813889 0.207292 0.35 0.349121
7 0.534896 0.0833333 0.05 0.0833333 0.388672
2 0.591927 0.0509259 0.0442708 0.0740741 0.412354
7 0.563021 0.0708333 0.040625 0.075 0.444092
7 0.591406 0.049537 0.0442708 0.075 0.449707
7 0.515625 0.618981 0.158333 0.265741 0.50293
7 0.621875 0.0314815 0.046875 0.062963 0.514648
7 0.510938 0.099537 0.0635417 0.102778 0.574219
2 0.446354 0.811574 0.207292 0.349074 0.628906
9 0.703125 0.0740741 0.0125 0.0592593 0.660645
9 0.034375 0.025 0.0145833 0.0481481 0.681641
7 0.601562 0.39537 0.113542 0.17963 0.717773
9 0.726823 0.074537 0.0130208 0.0601852 0.734375
2 0.515365 0.618519 0.157813 0.264815 0.743652
2 0.04375 0.28287 0.0875 0.150926 0.803223
2 0.5625 0.477778 0.136458 0.17963 0.82959
2 0.936719 0.152315 0.0953125 0.0768519 0.834473
2 0.351042 0.930556 0.25 0.131481 0.883789
2 0.179688 0.267593 0.163542 0.103704 0.916016
