2 0.594792 0.413889 0.1125 0.183333 0.467285
7 0.594792 0.414815 0.1125 0.185185 0.481201
7 0.572656 0.0587963 0.0578125 0.0861111 0.526855
7 0.526042 0.0916667 0.06875 0.0981481 0.616211
9 0.0341146 0.025 0.0140625 0.0481481 0.670898
9 0.703125 0.0740741 0.0125 0.0592593 0.687988
2 0.986979 0.15 0.0260417 0.0740741 0.724121
9 0.726823 0.074537 0.0130208 0.0601852 0.739746
2 0.0697917 0.260648 0.123958 0.106481 0.778809
2 0.040625 0.283796 0.08125 0.141667 0.798828
2 0.479167 0.148148 0.0604167 0.0796296 0.889648
2 0.556771 0.500463 0.134375 0.219444 0.895996
