2 0.592448 0.0509259 0.0421875 0.0703704 0.322754
7 0.591406 0.05 0.0432292 0.0703704 0.388672
7 0.534375 0.0833333 0.0479167 0.0833333 0.392822
7 0.567187 0.0694444 0.0458333 0.0759259 0.465332
7 0.515625 0.619444 0.158333 0.266667 0.483398
7 0.620833 0.0310185 0.0458333 0.062037 0.570312
9 0.0341146 0.025 0.0151042 0.0481481 0.57666
7 0.511719 0.0990741 0.0682292 0.103704 0.599609
9 0.703125 0.0736111 0.0125 0.0601852 0.62793
2 0.447135 0.811574 0.210938 0.347222 0.677246
7 0.602083 0.399074 0.11875 0.183333 0.702637
9 0.726562 0.074537 0.0135417 0.0601852 0.711914
2 0.515365 0.618981 0.157813 0.265741 0.717285
2 0.561979 0.478704 0.136458 0.181481 0.811035
2 0.975 0.151389 0.05 0.0731481 0.818359
2 0.0388021 0.27963 0.0776042 0.148148 0.876465
2 0.0825521 0.261574 0.138021 0.10463 0.877441
2 0.107031 0.140741 0.135937 0.0907407 0.905273
