0 0.484635 0.272685 0.0151042 0.0361111 0.282715
2 0.534375 0.0828704 0.0479167 0.0805556 0.287842
7 0.592708 0.05 0.04375 0.0722222 0.294189
2 0.592969 0.0513889 0.0432292 0.0694444 0.300293
7 0.534375 0.0828704 0.0479167 0.0824074 0.321777
7 0.565625 0.0699074 0.05 0.0768519 0.370605
2 0.599219 0.403704 0.110937 0.181481 0.404785
7 0.620313 0.0319444 0.0447917 0.0638889 0.430908
7 0.598958 0.401389 0.1125 0.176852 0.442383
2 0.447135 0.812037 0.210938 0.35 0.640625
9 0.0338542 0.025 0.0145833 0.0481481 0.647461
2 0.510938 0.101852 0.0677083 0.0981481 0.672852
2 0.0223958 0.269907 0.0447917 0.136111 0.681641
2 0.561979 0.475 0.136458 0.172222 0.803223
2 0.515365 0.618981 0.157813 0.265741 0.820801
2 0.978125 0.154167 0.04375 0.0712963 0.825684
2 0.0752604 0.262963 0.143229 0.1 0.889648
2 0.684115 0.154167 0.142188 0.102778 0.903809
2 0.46875 0.304167 0.203125 0.15463 0.909668
