7 0.446354 0.813889 0.207292 0.35 0.351074
7 0.583594 0.0509259 0.0411458 0.0777778 0.376709
2 0.508333 0.104167 0.0625 0.0935185 0.429199
2 0.600781 0.394907 0.107813 0.184259 0.429443
7 0.563281 0.0703704 0.0401042 0.0722222 0.469971
7 0.515625 0.618981 0.158333 0.265741 0.474854
7 0.508333 0.104167 0.0625 0.0953704 0.545898
9 0.703125 0.0740741 0.0135417 0.0592593 0.576172
7 0.608333 0.0375 0.04375 0.075 0.609375
7 0.533333 0.0833333 0.05 0.0833333 0.616211
9 0.726562 0.075 0.0135417 0.0592593 0.625488
2 0.446354 0.811574 0.207292 0.349074 0.629395
7 0.601562 0.394444 0.109375 0.185185 0.660645
9 0.0338542 0.025 0.0145833 0.05 0.671387
2 0.515625 0.618519 0.158333 0.264815 0.760254
2 0.979688 0.145833 0.040625 0.087963 0.804199
2 0.561979 0.482407 0.136458 0.187037 0.821777
2 0.2625 0.136111 0.103125 0.0740741 0.873047
2 0.0497396 0.282407 0.0994792 0.15 0.875488
2 0.351302 0.930556 0.249479 0.12963 0.88916
