7 0.57474 0.0606481 0.0536458 0.0731481 0.378174
2 0.609375 0.037037 0.0427083 0.0740741 0.379883
7 0.609896 0.037037 0.04375 0.0740741 0.416504
2 0.538281 0.0824074 0.0567708 0.0833333 0.432373
2 0.575781 0.0597222 0.0515625 0.0731481 0.519531
9 0.0341146 0.025 0.0140625 0.0481481 0.666992
2 0.597135 0.40787 0.115104 0.178704 0.727539
2 0.5125 0.100463 0.0645833 0.0953704 0.737305
2 0.0760417 0.262963 0.126042 0.103704 0.748047
9 0.703125 0.074537 0.0125 0.0601852 0.752441
9 0.726823 0.074537 0.0130208 0.0601852 0.77002
2 0.983333 0.152315 0.0333333 0.0712963 0.780273
2 0.409375 0.856481 0.233333 0.275926 0.808105
2 0.0458333 0.284259 0.0916667 0.138889 0.881348
2 0.558854 0.501389 0.1375 0.217593 0.889648
2 0.277344 0.348611 0.105729 0.139815 0.936035
