2 0.620313 0.0314815 0.04375 0.062963 0.25415
7 0.448438 0.808796 0.2125 0.34537 0.283691
7 0.580469 0.0583333 0.0661458 0.0851852 0.303223
0 0.582812 0.276852 0.0239583 0.0388889 0.335693
7 0.514844 0.0981481 0.0744792 0.105556 0.408691
2 0.51276 0.1 0.0713542 0.101852 0.444824
7 0.620313 0.0319444 0.0447917 0.0638889 0.470947
9 0.703125 0.0736111 0.0125 0.0601852 0.563477
2 0.447917 0.812037 0.2125 0.35 0.615723
9 0.726823 0.075 0.0130208 0.0592593 0.651855
2 0.0247396 0.281019 0.0494792 0.149074 0.654785
9 0.0341146 0.025 0.0140625 0.0481481 0.689453
2 0.563021 0.305093 0.209375 0.149074 0.696777
2 0.596094 0.398611 0.115104 0.187963 0.746094
2 0.515365 0.618981 0.157813 0.265741 0.783203
2 0.561979 0.480093 0.1375 0.182407 0.8125
2 0.978125 0.154167 0.04375 0.0712963 0.823242
2 0.0755208 0.262963 0.141667 0.1 0.883301
2 0.616406 0.153241 0.140104 0.100926 0.912109
