7 0.446094 0.808333 0.205729 0.346296 0.300537
0 0.322396 0.971759 0.0489583 0.0490741 0.351074
7 0.56224 0.0703704 0.0421875 0.0722222 0.387695
7 0.583854 0.0532407 0.040625 0.075 0.394775
7 0.532292 0.0833333 0.05 0.0833333 0.408203
2 0.563281 0.0703704 0.0401042 0.0703704 0.422852
7 0.614062 0.364352 0.10625 0.175 0.524902
2 0.614062 0.363889 0.10625 0.177778 0.57666
7 0.510417 0.099537 0.0708333 0.10463 0.583496
7 0.608333 0.0375 0.04375 0.075 0.59082
9 0.703125 0.0736111 0.0125 0.0601852 0.658203
9 0.0341146 0.025 0.0151042 0.0481481 0.704102
2 0.445833 0.811111 0.20625 0.348148 0.706055
9 0.726562 0.074537 0.0135417 0.0601852 0.731445
2 0.517187 0.618519 0.161458 0.264815 0.788574
2 0.159115 0.325 0.160938 0.175926 0.794434
2 0.973437 0.141204 0.0510417 0.0990741 0.821777
2 0.351042 0.92963 0.248958 0.127778 0.889648
2 0.0432292 0.261111 0.0864583 0.1 0.903809
2 0.569531 0.475463 0.130729 0.213889 0.910645
