7 0.595833 0.416667 0.108333 0.185185 0.36377
7 0.573698 0.0625 0.0557292 0.0824074 0.570801
2 0.59375 0.416667 0.114583 0.188889 0.654297
9 0.0341146 0.024537 0.0171875 0.0490741 0.680664
7 0.532812 0.0805556 0.0635417 0.0833333 0.703613
2 0.986979 0.150463 0.0260417 0.0731481 0.731934
2 0.0692708 0.260648 0.125 0.106481 0.759766
9 0.703125 0.075 0.0125 0.0611111 0.761719
2 0.0408854 0.284722 0.0817708 0.141667 0.772461
9 0.726823 0.074537 0.0130208 0.0601852 0.781738
2 0.492708 0.131019 0.05625 0.0824074 0.85791
2 0.551562 0.516204 0.134375 0.226852 0.918457
