0 0.322656 0.971759 0.0484375 0.0472222 0.307861
7 0.446354 0.813889 0.207292 0.35 0.355957
2 0.50651 0.104167 0.0651042 0.0953704 0.390381
7 0.583854 0.0532407 0.040625 0.0731481 0.421387
7 0.563281 0.0703704 0.0401042 0.0722222 0.477539
7 0.515625 0.619444 0.158333 0.264815 0.485107
7 0.533594 0.0828704 0.0494792 0.0824074 0.550781
7 0.506771 0.102778 0.065625 0.0981481 0.557617
2 0.446615 0.811111 0.206771 0.348148 0.615723
7 0.608333 0.0375 0.04375 0.075 0.648926
9 0.0338542 0.025463 0.0145833 0.0490741 0.68457
9 0.703646 0.0736111 0.0125 0.0601852 0.703613
9 0.726562 0.075463 0.0135417 0.0601852 0.727539
7 0.603125 0.394907 0.110417 0.184259 0.756836
2 0.515625 0.618981 0.158333 0.265741 0.762207
2 0.973437 0.141667 0.053125 0.0981481 0.822266
2 0.5625 0.477778 0.136458 0.177778 0.824707
2 0.0588542 0.284722 0.117708 0.150926 0.82959
2 0.351042 0.92963 0.247917 0.127778 0.889648
