7 0.573958 0.0625 0.05625 0.0842593 0.459473
2 0.51875 0.0972222 0.053125 0.0925926 0.489258
7 0.542188 0.0768519 0.0447917 0.0759259 0.51709
7 0.51875 0.0953704 0.0541667 0.0925926 0.534668
2 0.595052 0.4125 0.113021 0.180556 0.603027
9 0.034375 0.025 0.0145833 0.0481481 0.687988
9 0.703125 0.0740741 0.0125 0.0592593 0.692871
2 0.986979 0.150463 0.0260417 0.0731481 0.723633
9 0.726562 0.0740741 0.0135417 0.0592593 0.743164
2 0.0697917 0.260648 0.123958 0.106481 0.799316
2 0.474479 0.153241 0.0614583 0.0805556 0.828613
2 0.0403646 0.284259 0.0807292 0.140741 0.831543
2 0.557813 0.501389 0.136458 0.219444 0.898438
