0 0.322396 0.971759 0.0489583 0.0472222 0.329834
7 0.584375 0.0527778 0.040625 0.0722222 0.377197
7 0.563542 0.0708333 0.0395833 0.0712963 0.477295
7 0.446354 0.811574 0.207292 0.347222 0.501953
7 0.515625 0.618981 0.158333 0.265741 0.532227
7 0.533854 0.0824074 0.0489583 0.0833333 0.570312
2 0.446875 0.811111 0.208333 0.348148 0.593262
7 0.506771 0.102778 0.065625 0.0981481 0.594727
7 0.608333 0.0375 0.04375 0.075 0.618164
9 0.0338542 0.025 0.0145833 0.0481481 0.70752
2 0.515365 0.618519 0.158854 0.264815 0.733887
9 0.703125 0.074537 0.0125 0.0601852 0.734375
7 0.603125 0.394444 0.110417 0.183333 0.749512
9 0.726823 0.074537 0.0130208 0.0601852 0.767578
2 0.979688 0.14537 0.040625 0.0888889 0.796875
2 0.5625 0.481019 0.136458 0.186111 0.819824
2 0.0497396 0.282407 0.0994792 0.15 0.870605
2 0.351562 0.92963 0.248958 0.127778 0.888184
