7 0.447917 0.808796 0.2125 0.34537 0.290039
7 0.591406 0.05 0.0432292 0.0703704 0.38916
7 0.510417 0.100463 0.0666667 0.0990741 0.400146
7 0.534375 0.0828704 0.0479167 0.0824074 0.436279
7 0.566146 0.0703704 0.046875 0.0759259 0.456787
7 0.515625 0.62037 0.158333 0.266667 0.506348
7 0.914062 0.325 0.171875 0.157407 0.583496
2 0.447917 0.812037 0.2125 0.35 0.59375
7 0.620313 0.0310185 0.0447917 0.062037 0.600098
7 0.598958 0.402778 0.114583 0.17963 0.614258
2 0.509896 0.101389 0.065625 0.0972222 0.618652
2 0.914844 0.325 0.170312 0.159259 0.630859
9 0.034375 0.025463 0.0145833 0.0472222 0.697754
2 0.515365 0.618981 0.157813 0.265741 0.710449
9 0.703125 0.0736111 0.0135417 0.0601852 0.717773
9 0.726562 0.075463 0.0135417 0.0601852 0.722168
2 0.561979 0.477778 0.136458 0.17963 0.754395
2 0.975781 0.151852 0.0484375 0.0722222 0.802734
2 0.0395833 0.281019 0.0791667 0.14537 0.85791
2 0.0841146 0.2625 0.136979 0.10463 0.883301
2 0.36276 0.146296 0.139062 0.1 0.905273
