7 0.533854 0.0837963 0.046875 0.0824074 0.25708
7 0.569792 0.0643518 0.0625 0.0787037 0.459229
7 0.621875 0.0282407 0.0479167 0.0564815 0.486328
2 0.621875 0.0282407 0.0479167 0.0564815 0.50293
7 0.515885 0.0967593 0.0661458 0.10463 0.545898
9 0.0346354 0.025 0.0161458 0.0481481 0.668945
9 0.703125 0.0736111 0.0135417 0.0601852 0.685059
2 0.596875 0.409259 0.114583 0.181481 0.712891
9 0.726562 0.074537 0.0135417 0.0601852 0.739746
2 0.983594 0.152315 0.0328125 0.0712963 0.779785
2 0.0763021 0.262963 0.123438 0.101852 0.783691
2 0.0455729 0.284722 0.0911458 0.137963 0.879395
2 0.557813 0.500463 0.136458 0.219444 0.886719
2 0.382812 0.243056 0.0802083 0.108333 0.899414
