7 0.571875 0.0625 0.0604167 0.0842593 0.491211
7 0.586719 0.426389 0.119271 0.19537 0.623047
7 0.525 0.0921296 0.0895833 0.112037 0.629883
2 0.589323 0.428241 0.119271 0.200926 0.638184
9 0.0346354 0.025 0.0140625 0.0481481 0.702148
2 0.986979 0.15 0.0260417 0.0722222 0.728027
2 0.0401042 0.284722 0.0802083 0.141667 0.733887
9 0.703125 0.0736111 0.0135417 0.0601852 0.757812
9 0.726562 0.075463 0.0135417 0.0601852 0.759277
2 0.0664062 0.260648 0.127604 0.10463 0.798828
2 0.451302 0.794907 0.201562 0.336111 0.927246
