7 0.565625 0.0699074 0.05 0.075 0.405518
7 0.590885 0.0476852 0.0484375 0.0787037 0.505859
2 0.634635 0.0199074 0.0463542 0.0398148 0.57373
7 0.514844 0.618981 0.159896 0.263889 0.599121
9 0.703125 0.0740741 0.0135417 0.0592593 0.616699
7 0.597656 0.403704 0.113021 0.181481 0.635742
7 0.519531 0.0949074 0.0817708 0.108333 0.65918
2 0.514844 0.619444 0.159896 0.264815 0.665527
9 0.726562 0.074537 0.0135417 0.0601852 0.706543
2 0.3875 0.877778 0.246875 0.22963 0.70752
9 0.034375 0.025 0.0145833 0.0481481 0.728516
2 0.0820312 0.261574 0.120312 0.100926 0.777344
2 0.98125 0.152778 0.0375 0.0722222 0.794434
2 0.561979 0.497222 0.1375 0.216667 0.813477
2 0.0497396 0.285185 0.0994792 0.138889 0.868652
