2 0.510156 0.102315 0.0640625 0.0972222 0.263672
2 0.592969 0.0513889 0.0421875 0.0694444 0.32666
7 0.591927 0.05 0.0432292 0.0703704 0.367432
7 0.534896 0.0824074 0.046875 0.0814815 0.405273
7 0.567187 0.0699074 0.0458333 0.0768519 0.429443
7 0.620833 0.0319444 0.0458333 0.0638889 0.566895
7 0.510156 0.1 0.0640625 0.101852 0.580078
9 0.703125 0.0740741 0.0125 0.0592593 0.631836
9 0.034375 0.025 0.0145833 0.0481481 0.645996
2 0.447917 0.811574 0.2125 0.347222 0.684082
7 0.602083 0.399074 0.11875 0.183333 0.688477
9 0.726562 0.075 0.0135417 0.0592593 0.705566
2 0.515365 0.618981 0.157813 0.265741 0.742188
2 0.975 0.151389 0.05 0.0731481 0.813965
2 0.561979 0.475 0.136458 0.174074 0.833008
2 0.148177 0.141667 0.138021 0.0907407 0.863281
2 0.0841146 0.262037 0.136979 0.105556 0.878418
2 0.0385417 0.27963 0.0770833 0.148148 0.882812
