7 0.586719 0.05 0.0463542 0.0777778 0.289307
7 0.446354 0.808333 0.20625 0.346296 0.33374
0 0.322656 0.972222 0.0484375 0.0481481 0.381592
7 0.56276 0.0708333 0.0411458 0.0731481 0.388428
7 0.508854 0.102778 0.0625 0.0981481 0.399414
7 0.616667 0.0324074 0.0541667 0.0648148 0.430664
7 0.533854 0.0828704 0.0489583 0.0824074 0.435303
2 0.602344 0.395833 0.115104 0.180556 0.542969
7 0.602344 0.395833 0.115104 0.180556 0.625977
2 0.446354 0.811111 0.207292 0.348148 0.640137
9 0.703125 0.074537 0.0125 0.0601852 0.647461
2 0.508594 0.103704 0.0630208 0.0962963 0.649902
9 0.0341146 0.025 0.0140625 0.0462963 0.675781
9 0.726823 0.074537 0.0130208 0.0601852 0.712402
2 0.0440104 0.281944 0.0880208 0.150926 0.785156
2 0.515625 0.618981 0.158333 0.265741 0.826172
2 0.5625 0.477778 0.136458 0.177778 0.836914
2 0.351302 0.92963 0.248437 0.127778 0.890137
2 0.376563 0.275 0.166667 0.107407 0.904297
2 0.810156 0.151852 0.106771 0.0759259 0.913086
