0 0.429167 0.689352 0.0395833 0.0472222 0.286133
7 0.571354 0.0638889 0.0614583 0.0851852 0.404297
2 0.589323 0.427778 0.119271 0.2 0.586426
7 0.533854 0.0907407 0.109375 0.116667 0.623047
7 0.586719 0.426852 0.119271 0.194444 0.664062
9 0.034375 0.025 0.0145833 0.0481481 0.72998
2 0.986979 0.150463 0.0260417 0.0712963 0.734863
9 0.703125 0.0736111 0.0135417 0.0601852 0.749512
2 0.0398437 0.284722 0.0796875 0.141667 0.75293
9 0.726562 0.075463 0.0135417 0.0601852 0.753418
2 0.0666667 0.260648 0.127083 0.10463 0.786621
2 0.447396 0.808796 0.205208 0.341667 0.922363
