2 0.563802 0.0703704 0.0380208 0.0703704 0.320801
7 0.583073 0.049537 0.0421875 0.0842593 0.367188
7 0.561719 0.0708333 0.0421875 0.0712963 0.415527
2 0.96875 0.123611 0.0625 0.0657407 0.446045
7 0.564062 0.483333 0.130208 0.214815 0.548828
9 0.703125 0.0736111 0.0125 0.0583333 0.555664
2 0.564583 0.48287 0.128125 0.213889 0.599609
7 0.529948 0.0833333 0.0505208 0.0833333 0.616699
7 0.608594 0.0375 0.0432292 0.075 0.633301
7 0.508333 0.105556 0.0583333 0.0962963 0.637207
9 0.726823 0.0740741 0.0130208 0.0592593 0.703125
9 0.0341146 0.025 0.0140625 0.0481481 0.716797
2 0.480469 0.717593 0.186979 0.301852 0.727051
2 0.598437 0.397685 0.10625 0.175 0.799316
2 0.678385 0.1875 0.0713542 0.115741 0.804199
2 0.0270833 0.298611 0.0541667 0.115741 0.853516
2 0.059375 0.260648 0.117708 0.102778 0.862305
2 0.957031 0.168519 0.0859375 0.0851852 0.875
2 0.351823 0.92963 0.250521 0.12963 0.902832
