7 0.541667 0.0805556 0.0958333 0.0944444 0.290039
7 0.584375 0.0541667 0.0416667 0.0768519 0.319824
0 0.322135 0.971759 0.0484375 0.0472222 0.33252
2 0.514583 0.1 0.075 0.101852 0.336182
7 0.446875 0.808333 0.20625 0.346296 0.338867
7 0.557813 0.0712963 0.0552083 0.0740741 0.350098
7 0.609896 0.037037 0.04375 0.0740741 0.471436
7 0.517708 0.0981481 0.0791667 0.107407 0.480225
2 0.602083 0.395833 0.114583 0.180556 0.490234
9 0.703125 0.0740741 0.0125 0.0592593 0.513672
7 0.601823 0.395833 0.114063 0.180556 0.585449
2 0.991146 0.148611 0.015625 0.0768519 0.596191
9 0.726823 0.074537 0.0130208 0.0601852 0.611816
2 0.446354 0.811111 0.207292 0.348148 0.626953
9 0.0338542 0.025 0.0145833 0.0481481 0.635254
2 0.0471354 0.281481 0.0932292 0.151852 0.671875
2 0.515625 0.618981 0.158333 0.265741 0.79834
2 0.561979 0.478241 0.136458 0.178704 0.838379
2 0.351042 0.92963 0.25 0.127778 0.885254
2 0.638802 0.144444 0.105729 0.0777778 0.917969
2 0.709635 0.289815 0.170312 0.109259 0.922852
