2 0.507292 0.113889 0.0541667 0.0722222 0.383545
7 0.507812 0.1125 0.0552083 0.075 0.468994
2 0.592969 0.0509259 0.0453125 0.0759259 0.539062
7 0.592969 0.0513889 0.0453125 0.075 0.554199
7 0.530729 0.0828704 0.071875 0.087963 0.555176
2 0.989844 0.150463 0.0203125 0.0712963 0.662598
9 0.703125 0.0736111 0.0135417 0.0601852 0.702148
9 0.0341146 0.025 0.0151042 0.0481481 0.710449
2 0.0322917 0.289352 0.0645833 0.126852 0.726074
9 0.726562 0.074537 0.0135417 0.0601852 0.741699
7 0.58776 0.426389 0.117188 0.19537 0.770996
2 0.0606771 0.259722 0.119271 0.10463 0.779785
