7 0.582031 0.0569444 0.0494792 0.0712963 0.301025
2 0.548698 0.530556 0.143229 0.227778 0.533203
7 0.548437 0.530556 0.14375 0.22963 0.535156
2 0.582552 0.0560185 0.0494792 0.0694444 0.610352
2 0.0247396 0.283796 0.0494792 0.14537 0.614746
9 0.0338542 0.025463 0.0145833 0.0490741 0.661621
9 0.703125 0.0740741 0.0135417 0.0592593 0.701172
9 0.726562 0.075463 0.0135417 0.0601852 0.716797
7 0.523438 0.0935185 0.08125 0.109259 0.782715
2 0.0549479 0.260648 0.109896 0.10463 0.806641
2 0.911979 0.152778 0.109375 0.0759259 0.91748
