2 0.0911458 0.258796 0.114583 0.0916667 0.380371
7 0.566406 0.0694444 0.0473958 0.0740741 0.399658
2 0.592188 0.050463 0.0447917 0.0731481 0.405029
7 0.592448 0.0509259 0.0442708 0.0722222 0.434326
7 0.444531 0.8125 0.204688 0.34537 0.611816
7 0.521354 0.0944444 0.084375 0.107407 0.615234
7 0.597656 0.406019 0.113021 0.184259 0.619629
7 0.620573 0.0314815 0.0442708 0.062963 0.626465
9 0.0338542 0.025463 0.0145833 0.0490741 0.682617
2 0.979688 0.161111 0.040625 0.087037 0.688965
9 0.703125 0.0736111 0.0135417 0.0601852 0.714355
9 0.726562 0.075463 0.0135417 0.0601852 0.71582
2 0.561198 0.492593 0.136979 0.209259 0.729004
2 0.515365 0.62037 0.157813 0.266667 0.731445
2 0.065625 0.284259 0.13125 0.146296 0.870117
