2 0.507552 0.113426 0.0546875 0.0731481 0.440674
7 0.507812 0.1125 0.0552083 0.075 0.447998
7 0.591406 0.0518519 0.0421875 0.0740741 0.482666
7 0.530729 0.0814815 0.0697917 0.0833333 0.532227
2 0.591406 0.0513889 0.0421875 0.075 0.633301
2 0.989844 0.150926 0.0203125 0.0703704 0.662109
9 0.0338542 0.024537 0.015625 0.0490741 0.676758
9 0.703125 0.0736111 0.0135417 0.0601852 0.722656
7 0.5875 0.426389 0.116667 0.19537 0.744141
2 0.0317708 0.287963 0.0635417 0.127778 0.751465
9 0.726562 0.074537 0.0135417 0.0601852 0.75293
2 0.0606771 0.259722 0.119271 0.10463 0.791504
