7 0.582031 0.0587963 0.0473958 0.0805556 0.27002
7 0.582031 0.143519 0.107813 0.0740741 0.274658
7 0.609375 0.037037 0.0427083 0.0740741 0.432617
7 0.515625 0.618981 0.158333 0.265741 0.486084
7 0.534375 0.0935185 0.1125 0.112963 0.493164
7 0.445833 0.811574 0.20625 0.347222 0.513672
2 0.602344 0.395833 0.115104 0.180556 0.556152
7 0.602344 0.39537 0.115104 0.17963 0.589355
2 0.446354 0.811111 0.207292 0.348148 0.594727
9 0.703125 0.0740741 0.0125 0.0592593 0.647461
2 0.990625 0.143519 0.01875 0.0833333 0.699219
9 0.726823 0.074537 0.0130208 0.0601852 0.706543
9 0.0346354 0.025463 0.0151042 0.0490741 0.723633
2 0.515625 0.618519 0.158333 0.264815 0.754395
2 0.046875 0.281019 0.09375 0.150926 0.775391
2 0.561979 0.481019 0.1375 0.184259 0.828125
2 0.351302 0.92963 0.249479 0.127778 0.882324
2 0.810938 0.293519 0.171875 0.109259 0.924316
2 0.584375 0.143981 0.104167 0.075 0.928711
