2 0.507292 0.103704 0.0666667 0.0962963 0.259033
0 0.322656 0.971759 0.0494792 0.0472222 0.261719
7 0.56224 0.0712963 0.0421875 0.0722222 0.325439
7 0.583854 0.0523148 0.040625 0.0787037 0.381348
2 0.563802 0.0703704 0.0380208 0.0703704 0.433105
7 0.530469 0.0828704 0.0505208 0.0824074 0.446777
7 0.445573 0.812037 0.205729 0.346296 0.532715
7 0.508073 0.101852 0.0671875 0.1 0.550781
0 0.197656 0.396759 0.0244792 0.0361111 0.556152
2 0.445833 0.811111 0.20625 0.348148 0.574219
7 0.608333 0.0375 0.04375 0.075 0.580566
7 0.640625 0.289352 0.090625 0.14537 0.624023
2 0.640625 0.289352 0.0895833 0.147222 0.625
9 0.703125 0.0736111 0.0125 0.0601852 0.661133
9 0.034375 0.024537 0.0145833 0.0472222 0.69873
2 0.0125 0.299074 0.0239583 0.12037 0.713379
7 0.524219 0.590741 0.149479 0.255556 0.715332
9 0.726823 0.074537 0.0130208 0.0601852 0.721191
2 0.973437 0.141204 0.053125 0.0972222 0.805176
2 0.213802 0.436111 0.120312 0.227778 0.865723
2 0.351562 0.930556 0.248958 0.131481 0.886719
2 0.0565104 0.260648 0.113021 0.10463 0.887207
2 0.594531 0.409259 0.109896 0.188889 0.90625
