7 0.448438 0.809722 0.2125 0.347222 0.25708
7 0.591406 0.05 0.0432292 0.0703704 0.439209
7 0.515625 0.619907 0.158333 0.265741 0.458496
7 0.565625 0.0694444 0.0479167 0.0759259 0.471924
7 0.598437 0.404167 0.115625 0.186111 0.494629
2 0.447917 0.812963 0.2125 0.351852 0.60498
7 0.517708 0.0958333 0.08125 0.108333 0.615723
7 0.620313 0.0310185 0.0447917 0.062037 0.629395
7 0.949219 0.328704 0.101562 0.164815 0.662598
9 0.0338542 0.024537 0.015625 0.0490741 0.663086
2 0.561719 0.475926 0.136979 0.174074 0.677734
9 0.703646 0.0736111 0.0125 0.0601852 0.698242
9 0.726562 0.075463 0.0135417 0.0601852 0.715332
2 0.515365 0.619444 0.157813 0.264815 0.751465
2 0.975781 0.151852 0.0484375 0.0740741 0.796387
2 0.317969 0.146296 0.139062 0.0962963 0.845703
2 0.0393229 0.280093 0.0786458 0.147222 0.875488
2 0.0838542 0.2625 0.138542 0.10463 0.886719
