0 0.322396 0.971759 0.0489583 0.0472222 0.351562
7 0.584375 0.0532407 0.040625 0.0731481 0.367676
7 0.563542 0.0699074 0.0395833 0.0712963 0.470703
7 0.534375 0.0828704 0.05 0.0842593 0.487305
7 0.446354 0.811574 0.207292 0.347222 0.49292
7 0.515625 0.618981 0.158333 0.265741 0.531738
7 0.508073 0.101389 0.0671875 0.100926 0.569336
2 0.446875 0.811111 0.208333 0.348148 0.606934
7 0.608333 0.0375 0.04375 0.075 0.633301
9 0.034375 0.025 0.0145833 0.0481481 0.702637
2 0.515625 0.618519 0.158333 0.264815 0.731934
7 0.603125 0.394444 0.110417 0.183333 0.746582
9 0.703125 0.074537 0.0125 0.0601852 0.748047
9 0.726823 0.074537 0.0130208 0.0601852 0.770996
2 0.979688 0.144907 0.040625 0.0898148 0.790527
2 0.5625 0.478241 0.136458 0.180556 0.82373
2 0.0497396 0.282407 0.0994792 0.15 0.869629
2 0.351302 0.92963 0.248437 0.127778 0.886719
