2 0.592708 0.0490741 0.04375 0.0703704 0.376221
7 0.536458 0.0805556 0.0479167 0.0777778 0.467773
7 0.592448 0.0486111 0.0442708 0.0712963 0.473389
7 0.566146 0.0703704 0.046875 0.0759259 0.494385
7 0.510938 0.101389 0.0625 0.0953704 0.626465
7 0.597396 0.40463 0.1125 0.183333 0.671387
9 0.034375 0.025463 0.0145833 0.0472222 0.70166
9 0.703125 0.0736111 0.0135417 0.0601852 0.726562
9 0.726823 0.074537 0.0130208 0.0601852 0.762207
2 0.0804688 0.261574 0.123438 0.100926 0.774902
2 0.98125 0.153241 0.0375 0.0712963 0.790039
2 0.514583 0.62037 0.159375 0.266667 0.808105
2 0.0497396 0.286111 0.0994792 0.137037 0.858887
2 0.561979 0.5 0.1375 0.218519 0.86377
