7 0.591667 0.049537 0.04375 0.0712963 0.362061
2 0.592448 0.0509259 0.0421875 0.0703704 0.373047
7 0.567187 0.0694444 0.046875 0.0759259 0.426514
7 0.515625 0.619444 0.158333 0.266667 0.468994
2 0.509375 0.102778 0.0635417 0.0962963 0.4729
7 0.509896 0.102778 0.0635417 0.0962963 0.52832
7 0.533073 0.0824074 0.0484375 0.0814815 0.537598
7 0.620833 0.0314815 0.0458333 0.062963 0.56543
9 0.0338542 0.024537 0.0135417 0.0472222 0.588867
9 0.703125 0.0740741 0.0125 0.0592593 0.640625
7 0.602344 0.399537 0.119271 0.182407 0.64502
2 0.446875 0.811574 0.210417 0.349074 0.689453
9 0.726562 0.074537 0.0135417 0.0601852 0.721191
2 0.515365 0.618981 0.157813 0.265741 0.731445
2 0.975 0.151389 0.0479167 0.0731481 0.816895
2 0.561979 0.476389 0.136458 0.176852 0.822754
2 0.0338542 0.137037 0.0677083 0.0907407 0.844238
2 0.0388021 0.280093 0.0776042 0.147222 0.885254
2 0.0828125 0.262037 0.139583 0.105556 0.887207
