2 0.545313 0.0712963 0.0739583 0.0685185 0.260254
0 0.727344 0.28287 0.0317708 0.0416667 0.303955
7 0.619792 0.0319444 0.04375 0.0638889 0.33374
7 0.597917 0.406481 0.115625 0.188889 0.343994
0 0.71875 0.281019 0.0166667 0.0416667 0.363281
2 0.620052 0.0319444 0.0432292 0.0638889 0.387695
2 0.510938 0.0902778 0.0677083 0.0768519 0.46582
2 0.598958 0.402315 0.114583 0.180556 0.506348
9 0.703125 0.0736111 0.0125 0.0601852 0.594727
2 0.447656 0.8125 0.211979 0.349074 0.663574
9 0.726823 0.074537 0.0130208 0.0601852 0.668945
9 0.034375 0.024537 0.0166667 0.0490741 0.69873
2 0.561979 0.47963 0.1375 0.181481 0.749023
2 0.515365 0.619444 0.158854 0.264815 0.780762
2 0.977344 0.15463 0.0453125 0.0722222 0.816895
2 0.0296875 0.278241 0.059375 0.149074 0.844727
2 0.0776042 0.262963 0.140625 0.101852 0.879883
2 0.519792 0.151389 0.139583 0.0990741 0.901367
2 0.704167 0.313889 0.204167 0.157407 0.913086
