2 0.59349 0.0513889 0.0411458 0.0694444 0.322266
7 0.591406 0.05 0.0432292 0.0703704 0.356934
7 0.567187 0.0694444 0.0458333 0.0759259 0.429932
2 0.510156 0.102778 0.0640625 0.0981481 0.453125
7 0.534115 0.0828704 0.0473958 0.0824074 0.479492
7 0.515625 0.619907 0.158333 0.265741 0.481445
7 0.509896 0.102778 0.0635417 0.0981481 0.540527
7 0.620833 0.0314815 0.0458333 0.062963 0.600586
9 0.703125 0.0736111 0.0135417 0.0601852 0.641113
2 0.447656 0.812037 0.213021 0.35 0.641602
9 0.0341146 0.025 0.0140625 0.0481481 0.668945
7 0.601823 0.399074 0.118229 0.181481 0.708984
9 0.726562 0.075 0.0135417 0.0592593 0.714355
2 0.515365 0.619444 0.158854 0.264815 0.728027
2 0.975 0.151852 0.05 0.0722222 0.817871
2 0.561979 0.475926 0.136458 0.177778 0.827148
2 0.084375 0.2625 0.136458 0.10463 0.878906
2 0.0388021 0.27963 0.0776042 0.148148 0.879395
2 0.167969 0.141667 0.136979 0.0925926 0.898438
