7 0.634115 0.025463 0.0390625 0.0509259 0.250732
0 0.322396 0.971759 0.0489583 0.0472222 0.304443
7 0.446354 0.813889 0.20625 0.35 0.343506
7 0.583854 0.0527778 0.040625 0.0740741 0.405762
7 0.515625 0.618981 0.158333 0.265741 0.480469
7 0.563021 0.0703704 0.040625 0.0722222 0.489258
7 0.533333 0.0833333 0.05 0.0833333 0.591797
7 0.507031 0.103241 0.0651042 0.0972222 0.599609
9 0.0338542 0.025 0.0145833 0.0481481 0.619141
2 0.445833 0.811111 0.20625 0.348148 0.630859
7 0.608333 0.0375 0.04375 0.075 0.634766
9 0.703125 0.0736111 0.0135417 0.0601852 0.673828
9 0.726562 0.074537 0.0135417 0.0601852 0.730957
7 0.603125 0.394444 0.110417 0.183333 0.756348
2 0.978125 0.142593 0.04375 0.0925926 0.759766
2 0.515365 0.618981 0.157813 0.265741 0.762207
2 0.5625 0.482407 0.136458 0.188889 0.822266
2 0.05 0.281944 0.1 0.150926 0.849121
2 0.351302 0.92963 0.248437 0.127778 0.887695
