2 0.595052 0.4125 0.113021 0.178704 0.523926
7 0.560677 0.062963 0.0817708 0.0962963 0.567383
7 0.516406 0.0976852 0.0557292 0.0953704 0.644043
9 0.034375 0.025 0.0145833 0.0481481 0.666504
9 0.703125 0.0736111 0.0125 0.0601852 0.675781
2 0.986979 0.150926 0.0260417 0.0722222 0.727539
9 0.726823 0.074537 0.0130208 0.0601852 0.742676
2 0.0697917 0.260648 0.123958 0.106481 0.793945
2 0.040625 0.284259 0.08125 0.138889 0.817871
2 0.559896 0.5 0.140625 0.218519 0.833984
2 0.465625 0.161111 0.0614583 0.0851852 0.877441
