0 0.321875 0.971759 0.0479167 0.0472222 0.30957
7 0.446875 0.813889 0.20625 0.351852 0.318359
7 0.583854 0.0527778 0.040625 0.0740741 0.420166
7 0.507031 0.106481 0.0651042 0.0962963 0.467773
7 0.564062 0.0703704 0.0385417 0.0703704 0.485107
2 0.60625 0.384259 0.109375 0.183333 0.566895
9 0.034375 0.024537 0.0145833 0.0472222 0.606934
7 0.532292 0.0824074 0.0520833 0.0833333 0.607422
7 0.608333 0.0375 0.04375 0.075 0.620117
9 0.703125 0.0736111 0.0135417 0.0601852 0.649902
2 0.50651 0.106019 0.0651042 0.0953704 0.657715
2 0.446354 0.811574 0.207292 0.349074 0.675293
7 0.604167 0.38287 0.10625 0.184259 0.700195
9 0.726562 0.074537 0.0135417 0.0601852 0.723145
2 0.516146 0.618519 0.159375 0.264815 0.8125
2 0.973437 0.141204 0.053125 0.0990741 0.818848
2 0.102344 0.303704 0.177604 0.162963 0.861328
2 0.350781 0.92963 0.249479 0.127778 0.884277
2 0.56276 0.492593 0.135937 0.214815 0.889648
