2 0.592969 0.0513889 0.0421875 0.0694444 0.391602
7 0.591406 0.050463 0.0432292 0.0712963 0.401611
7 0.565625 0.0708333 0.0458333 0.075 0.405762
7 0.509896 0.102778 0.0625 0.0962963 0.466553
7 0.532812 0.0828704 0.0489583 0.0824074 0.48291
7 0.515625 0.619444 0.158333 0.266667 0.503906
7 0.620833 0.0314815 0.0458333 0.062963 0.602051
9 0.703125 0.0740741 0.0135417 0.0592593 0.654785
9 0.0341146 0.025 0.0151042 0.0481481 0.677734
2 0.509896 0.103241 0.0625 0.0953704 0.683594
2 0.446875 0.8125 0.210417 0.349074 0.686523
2 0.515365 0.618981 0.158854 0.265741 0.69873
7 0.602083 0.399537 0.11875 0.182407 0.70752
9 0.726562 0.074537 0.0135417 0.0601852 0.722168
2 0.561979 0.478241 0.136458 0.180556 0.815918
2 0.975 0.151389 0.0479167 0.0731481 0.817871
2 0.0385417 0.27963 0.0770833 0.148148 0.879395
2 0.0833333 0.2625 0.138542 0.10463 0.879395
2 0.0671875 0.139815 0.133333 0.0907407 0.890137
