2 0.620313 0.0296296 0.0489583 0.0592593 0.466309
7 0.620573 0.0296296 0.0494792 0.0592593 0.599609
2 0.0416667 0.258333 0.0802083 0.1 0.644531
2 0.0192708 0.275926 0.0385417 0.137037 0.653809
9 0.0341146 0.025 0.0140625 0.0462963 0.671875
9 0.703125 0.0736111 0.0135417 0.0601852 0.673828
9 0.726562 0.074537 0.0135417 0.0601852 0.728027
7 0.523177 0.0935185 0.0807292 0.107407 0.78125
2 0.460156 0.768981 0.197396 0.328704 0.811523
2 0.971875 0.148611 0.05625 0.0805556 0.847656
2 0.11875 0.139815 0.1375 0.0925926 0.899414
