7 0.597917 0.0458333 0.04375 0.0712963 0.374023
2 0.536458 0.0833333 0.053125 0.0814815 0.441895
7 0.472396 0.737963 0.190625 0.309259 0.523438
7 0.570312 0.0638889 0.053125 0.0703704 0.552734
2 0.472396 0.7375 0.188542 0.308333 0.608398
9 0.0338542 0.025 0.0145833 0.0481481 0.618164
9 0.703125 0.0736111 0.0135417 0.0601852 0.69043
2 0.597135 0.407407 0.115104 0.177778 0.725586
9 0.726562 0.074537 0.0135417 0.0601852 0.731445
2 0.0763021 0.262037 0.123438 0.101852 0.769043
2 0.983333 0.152315 0.0333333 0.0712963 0.777344
2 0.51224 0.1 0.0651042 0.0962963 0.782227
2 0.558333 0.501852 0.1375 0.224074 0.853516
2 0.0455729 0.283796 0.0911458 0.139815 0.878906
2 0.111458 0.513426 0.151042 0.191667 0.916504
