7 0.571875 0.062963 0.0604167 0.0833333 0.455322
2 0.589323 0.428241 0.119271 0.200926 0.520508
7 0.526042 0.0921296 0.0916667 0.112037 0.615234
9 0.0346354 0.025 0.0140625 0.0462963 0.658691
2 0.9875 0.15 0.025 0.0703704 0.693848
7 0.586719 0.426852 0.120312 0.196296 0.700684
9 0.703125 0.0736111 0.0135417 0.0601852 0.725586
9 0.726562 0.074537 0.0135417 0.0601852 0.762695
2 0.0351562 0.284722 0.0703125 0.136111 0.791992
2 0.0653646 0.261111 0.124479 0.103704 0.826172
2 0.396094 0.869907 0.241146 0.24537 0.915527
