7 0.53776 0.0814815 0.0463542 0.0796296 0.362549
7 0.51875 0.0962963 0.0666667 0.0981481 0.452881
2 0.632812 0.0217593 0.0479167 0.0435185 0.521484
7 0.569531 0.062037 0.0651042 0.0796296 0.535645
9 0.0341146 0.025463 0.0140625 0.0490741 0.618652
2 0.595312 0.411111 0.113542 0.177778 0.619141
2 0.515104 0.0990741 0.0625 0.0981481 0.640625
9 0.703646 0.0740741 0.0135417 0.0592593 0.70166
9 0.726562 0.075463 0.0135417 0.0601852 0.718262
2 0.982813 0.152778 0.034375 0.0722222 0.782715
2 0.0763021 0.261574 0.123438 0.100926 0.796387
2 0.560677 0.499537 0.142188 0.217593 0.818359
2 0.0455729 0.284722 0.0911458 0.137963 0.85791
2 0.414583 0.2125 0.0729167 0.100926 0.892578
