7 0.572656 0.0625 0.0588542 0.0805556 0.567383
2 0.592188 0.423148 0.116667 0.201852 0.621094
7 0.591406 0.419907 0.115104 0.189815 0.630859
9 0.0341146 0.025463 0.0140625 0.0472222 0.651367
7 0.530208 0.0824074 0.06875 0.087037 0.687012
9 0.703125 0.0736111 0.0125 0.0601852 0.716797
2 0.986979 0.15 0.0260417 0.0740741 0.726074
9 0.726562 0.074537 0.0135417 0.0601852 0.742188
2 0.503125 0.121759 0.053125 0.0731481 0.760254
2 0.0401042 0.284259 0.0802083 0.138889 0.788574
2 0.0664062 0.261111 0.125521 0.103704 0.801758
2 0.530208 0.577315 0.145833 0.247222 0.929688
