7 0.638802 0.0212963 0.0380208 0.0425926 0.317139
7 0.583073 0.0509259 0.0421875 0.0796296 0.32251
7 0.446875 0.808333 0.20625 0.346296 0.344971
7 0.563542 0.0703704 0.0395833 0.0722222 0.425049
7 0.521875 0.087037 0.078125 0.087037 0.522949
7 0.608854 0.0375 0.04375 0.075 0.54834
7 0.515625 0.618981 0.158333 0.265741 0.569336
2 0.446875 0.811111 0.207292 0.348148 0.637207
9 0.0338542 0.025 0.0145833 0.0481481 0.652832
9 0.703125 0.0736111 0.0125 0.0601852 0.658203
7 0.602344 0.394907 0.113021 0.180556 0.684082
2 0.515625 0.618519 0.158333 0.264815 0.699219
2 0.98125 0.144444 0.0375 0.0888889 0.706055
9 0.726823 0.074537 0.0130208 0.0601852 0.735352
2 0.5625 0.479167 0.136458 0.180556 0.823242
2 0.0492188 0.282407 0.0984375 0.15 0.869141
2 0.48125 0.141204 0.104167 0.0768519 0.881836
2 0.351302 0.930556 0.249479 0.131481 0.886719
2 0.9625 0.298148 0.075 0.111111 0.88916
