2 0.580729 0.0564815 0.0489583 0.0722222 0.285889
7 0.507812 0.1125 0.0552083 0.075 0.293457
7 0.579427 0.0583333 0.0515625 0.0740741 0.471924
7 0.524479 0.0898148 0.084375 0.103704 0.600586
2 0.989844 0.15 0.0203125 0.0722222 0.665039
9 0.703125 0.0736111 0.0125 0.0601852 0.683105
9 0.034375 0.025463 0.015625 0.0472222 0.684082
2 0.0317708 0.287963 0.0635417 0.127778 0.746094
9 0.726823 0.074537 0.0130208 0.0601852 0.750977
7 0.58776 0.426852 0.117188 0.196296 0.782227
2 0.0606771 0.260185 0.119271 0.103704 0.788574
