7 0.448438 0.808796 0.213542 0.34537 0.30957
2 0.592448 0.0509259 0.0432292 0.0703704 0.339111
7 0.591667 0.05 0.04375 0.0703704 0.376465
7 0.534635 0.0828704 0.0473958 0.0824074 0.384033
7 0.567187 0.0694444 0.0458333 0.0759259 0.445801
7 0.515625 0.619907 0.158333 0.265741 0.535156
7 0.620833 0.0314815 0.0458333 0.062963 0.551758
9 0.0338542 0.024537 0.0145833 0.0472222 0.578125
7 0.510938 0.099537 0.065625 0.102778 0.602051
2 0.447917 0.811574 0.2125 0.347222 0.632812
9 0.703125 0.0736111 0.0135417 0.0601852 0.646973
2 0.515365 0.618981 0.157813 0.265741 0.685547
9 0.726823 0.074537 0.0130208 0.0601852 0.719727
7 0.601823 0.399074 0.118229 0.183333 0.724121
2 0.975 0.151389 0.0479167 0.0731481 0.816406
2 0.561979 0.475463 0.136458 0.175 0.82666
2 0.0835937 0.262037 0.136979 0.105556 0.873047
2 0.0388021 0.280093 0.0776042 0.147222 0.879395
2 0.13776 0.141667 0.138021 0.0925926 0.900879
