0 0.322396 0.971759 0.0489583 0.0472222 0.286621
7 0.584115 0.0518519 0.0411458 0.0759259 0.401855
2 0.507031 0.104167 0.0651042 0.0953704 0.41748
7 0.563021 0.0708333 0.040625 0.0712963 0.477051
7 0.445833 0.811574 0.20625 0.347222 0.5
7 0.515625 0.618981 0.158333 0.265741 0.519043
7 0.507031 0.104167 0.0651042 0.0953704 0.597656
2 0.446354 0.811111 0.207292 0.348148 0.601074
7 0.533333 0.0833333 0.05 0.0833333 0.613281
7 0.608333 0.0375 0.04375 0.075 0.629395
9 0.703125 0.0736111 0.0135417 0.0601852 0.665527
9 0.034375 0.025 0.0145833 0.0481481 0.683105
9 0.726562 0.074537 0.0135417 0.0601852 0.728516
2 0.515625 0.618519 0.158333 0.264815 0.745605
7 0.602604 0.394444 0.111458 0.183333 0.757324
2 0.978906 0.143519 0.0421875 0.0907407 0.774902
2 0.5625 0.477778 0.136458 0.177778 0.830566
2 0.0497396 0.281944 0.0994792 0.150926 0.847656
2 0.351302 0.92963 0.248437 0.127778 0.887695
