2 0.592969 0.0509259 0.0421875 0.0703704 0.307617
7 0.533333 0.0847222 0.046875 0.0842593 0.369141
7 0.591667 0.05 0.04375 0.0722222 0.398193
7 0.564844 0.0699074 0.0494792 0.075 0.432373
7 0.515625 0.619444 0.158333 0.264815 0.535645
7 0.515625 0.0972222 0.0729167 0.103704 0.55957
7 0.621354 0.0310185 0.046875 0.062037 0.597168
2 0.515365 0.618519 0.157813 0.264815 0.677734
7 0.602344 0.399537 0.119271 0.182407 0.69043
9 0.703125 0.074537 0.0125 0.0601852 0.707031
2 0.446094 0.8125 0.208854 0.349074 0.722656
9 0.0341146 0.025 0.0151042 0.0481481 0.728516
9 0.726562 0.074537 0.0135417 0.0601852 0.753418
2 0.975 0.151389 0.0479167 0.0731481 0.815918
2 0.561979 0.473611 0.136458 0.171296 0.829102
2 0.0393229 0.280093 0.0786458 0.147222 0.875
2 0.084375 0.2625 0.1375 0.10463 0.878418
