7 0.448438 0.808796 0.2125 0.34537 0.269287
7 0.591406 0.050463 0.0432292 0.0712963 0.3479
7 0.510417 0.101389 0.065625 0.0953704 0.380127
2 0.592969 0.0513889 0.0432292 0.0694444 0.390625
7 0.566406 0.0703704 0.0463542 0.0740741 0.403809
7 0.534115 0.0833333 0.0484375 0.0833333 0.477051
2 0.510156 0.101852 0.0661458 0.0944444 0.544434
7 0.620573 0.0314815 0.0442708 0.062963 0.599121
2 0.447917 0.812963 0.2125 0.348148 0.618652
9 0.702604 0.0736111 0.0135417 0.0601852 0.634766
7 0.597917 0.402778 0.114583 0.181481 0.638672
9 0.726562 0.074537 0.0135417 0.0601852 0.691895
9 0.0341146 0.025 0.0151042 0.0481481 0.702148
2 0.561198 0.482407 0.136979 0.187037 0.754395
2 0.515625 0.619444 0.158333 0.266667 0.791016
2 0.0401042 0.262037 0.0802083 0.0981481 0.879395
2 0.158073 0.289352 0.202604 0.149074 0.883789
2 0.929688 0.159722 0.140625 0.102778 0.900391
