0 0.322396 0.971759 0.0489583 0.0472222 0.259521
7 0.561719 0.0708333 0.0421875 0.0712963 0.371826
7 0.583594 0.050463 0.0421875 0.0824074 0.38208
2 0.563802 0.0703704 0.0390625 0.0703704 0.412842
7 0.507031 0.105556 0.0630208 0.0944444 0.415039
7 0.459375 0.775926 0.198958 0.32963 0.513672
2 0.0539063 0.696759 0.107813 0.408333 0.529785
9 0.703646 0.0731481 0.0135417 0.0592593 0.577148
7 0.529427 0.0833333 0.0505208 0.0833333 0.589355
7 0.608333 0.0375 0.04375 0.075 0.601074
9 0.726562 0.075 0.0135417 0.0611111 0.635254
2 0.985937 0.168981 0.028125 0.0787037 0.654785
9 0.0341146 0.025 0.0140625 0.0481481 0.686523
2 0.506771 0.105093 0.0635417 0.0935185 0.688477
2 0.459375 0.776389 0.198958 0.332407 0.716309
2 0.665885 0.221296 0.0786458 0.127778 0.788574
2 0.557031 0.501389 0.136979 0.226852 0.791016
2 0.967969 0.140741 0.0640625 0.1 0.793457
2 0.0270833 0.299537 0.0541667 0.115741 0.854004
2 0.0588542 0.260185 0.117708 0.103704 0.861328
2 0.597656 0.400463 0.107813 0.178704 0.869629
2 0.351823 0.92963 0.250521 0.127778 0.902344
