2 0.591406 0.418519 0.114063 0.190741 0.423096
7 0.572656 0.0625 0.0578125 0.0824074 0.614258
9 0.0341146 0.025463 0.0140625 0.0472222 0.672363
7 0.529427 0.0819444 0.0703125 0.0861111 0.679199
2 0.0403646 0.285648 0.0807292 0.141667 0.679688
9 0.703125 0.0740741 0.0135417 0.0592593 0.68457
9 0.726562 0.0740741 0.0135417 0.0592593 0.720215
7 0.591406 0.421759 0.114063 0.193519 0.722656
2 0.986979 0.149074 0.0260417 0.0759259 0.728027
2 0.0669271 0.261111 0.125521 0.103704 0.786621
2 0.502083 0.124074 0.053125 0.0722222 0.870117
2 0.534375 0.568056 0.147917 0.247222 0.921875
