7 0.561458 0.0712963 0.0375 0.0722222 0.250732
2 0.509375 0.112037 0.0552083 0.0703704 0.260986
7 0.510677 0.109259 0.0578125 0.0759259 0.375732
7 0.63099 0.0226852 0.0484375 0.0453704 0.4375
2 0.63099 0.0226852 0.0473958 0.0453704 0.519043
7 0.584635 0.434722 0.121354 0.202778 0.56543
7 0.528906 0.0902778 0.0953125 0.108333 0.59082
2 0.586458 0.433796 0.122917 0.199074 0.595215
9 0.0338542 0.025 0.0145833 0.0481481 0.649902
2 0.989844 0.149537 0.0203125 0.0731481 0.654785
9 0.703646 0.0736111 0.0135417 0.0601852 0.75
9 0.726562 0.075463 0.0135417 0.0601852 0.752441
2 0.0325521 0.288889 0.0651042 0.127778 0.80957
2 0.0604167 0.259722 0.119792 0.10463 0.859863
2 0.186979 0.133796 0.102083 0.0712963 0.894531
