7 0.584375 0.0527778 0.040625 0.0740741 0.399658
2 0.507552 0.104167 0.0640625 0.0953704 0.404297
7 0.563021 0.0703704 0.040625 0.0703704 0.471436
7 0.445833 0.811574 0.20625 0.347222 0.496582
7 0.515625 0.618981 0.158333 0.265741 0.531738
7 0.533333 0.0824074 0.05 0.0833333 0.593262
7 0.608333 0.0375 0.04375 0.075 0.604492
2 0.446354 0.811111 0.207292 0.348148 0.606934
7 0.507812 0.104167 0.0635417 0.0972222 0.62207
9 0.703125 0.0736111 0.0125 0.0601852 0.670898
9 0.0341146 0.025 0.0151042 0.0481481 0.67334
2 0.515625 0.618981 0.158333 0.265741 0.722656
9 0.726823 0.074537 0.0130208 0.0601852 0.729004
7 0.603125 0.393981 0.111458 0.182407 0.754883
2 0.979688 0.14537 0.040625 0.0888889 0.797852
2 0.5625 0.47963 0.136458 0.183333 0.808594
2 0.05 0.282407 0.1 0.15 0.87793
2 0.351302 0.92963 0.249479 0.12963 0.89209
2 0.0997396 0.131481 0.102604 0.0685185 0.897949
