7 0.592969 0.418519 0.117188 0.192593 0.533203
2 0.593229 0.418519 0.115625 0.192593 0.550781
7 0.572656 0.062037 0.0578125 0.0833333 0.594238
7 0.532552 0.0805556 0.0640625 0.0833333 0.673828
9 0.034375 0.025 0.0145833 0.0481481 0.711914
2 0.986979 0.15 0.0260417 0.0722222 0.731934
9 0.703125 0.075 0.0125 0.0611111 0.760254
2 0.0695312 0.260648 0.124479 0.106481 0.775391
9 0.726562 0.074537 0.0135417 0.0601852 0.776855
2 0.495313 0.126852 0.0552083 0.0833333 0.785645
2 0.040625 0.284259 0.08125 0.138889 0.799316
2 0.547656 0.524537 0.136979 0.228704 0.91748
