7 0.591406 0.05 0.0432292 0.0703704 0.363525
7 0.509896 0.101389 0.065625 0.0972222 0.370117
2 0.592969 0.0509259 0.0421875 0.0703704 0.397949
7 0.567187 0.0694444 0.0458333 0.0759259 0.413574
7 0.533594 0.0828704 0.0484375 0.0824074 0.46875
7 0.620573 0.0319444 0.0453125 0.0638889 0.584961
7 0.598437 0.403704 0.114583 0.181481 0.586426
9 0.702604 0.0736111 0.0135417 0.0601852 0.650391
2 0.509896 0.101852 0.065625 0.0962963 0.687012
2 0.447917 0.8125 0.2125 0.349074 0.699219
9 0.726562 0.074537 0.0135417 0.0601852 0.705566
9 0.0341146 0.025 0.0151042 0.0481481 0.720703
2 0.561719 0.479167 0.136979 0.180556 0.753418
2 0.977083 0.154167 0.04375 0.0694444 0.793457
2 0.515625 0.618981 0.158333 0.265741 0.814941
2 0.213281 0.29213 0.202604 0.150926 0.883789
2 0.8875 0.159259 0.145833 0.103704 0.88916
2 0.059375 0.263426 0.11875 0.102778 0.918945
