7 0.542188 0.0773148 0.0458333 0.075 0.445312
7 0.571094 0.0597222 0.0598958 0.0842593 0.466553
2 0.51901 0.0972222 0.0546875 0.0925926 0.512695
7 0.521615 0.0953704 0.0588542 0.0925926 0.525391
2 0.595052 0.412963 0.113021 0.181481 0.578613
9 0.703125 0.0740741 0.0125 0.0592593 0.674316
9 0.0341146 0.024537 0.0151042 0.0472222 0.699219
2 0.986979 0.150463 0.0260417 0.0731481 0.725586
9 0.726562 0.074537 0.0135417 0.0601852 0.734375
2 0.0697917 0.260648 0.123958 0.106481 0.789551
2 0.040625 0.283333 0.08125 0.140741 0.831543
2 0.476302 0.151389 0.0609375 0.0805556 0.848633
2 0.557813 0.501389 0.136458 0.221296 0.890137
