7 0.509896 0.101852 0.065625 0.0962963 0.31958
7 0.446354 0.813889 0.207292 0.35 0.337891
7 0.584115 0.0518519 0.0411458 0.0759259 0.399902
7 0.563021 0.0712963 0.040625 0.0722222 0.449219
7 0.532812 0.0833333 0.05 0.0833333 0.584473
7 0.608333 0.0375 0.04375 0.075 0.595215
9 0.0341146 0.025 0.0140625 0.0481481 0.628906
2 0.446354 0.811111 0.207292 0.348148 0.639648
9 0.703125 0.0736111 0.0125 0.0601852 0.641113
7 0.602344 0.394444 0.110937 0.183333 0.710449
9 0.726562 0.074537 0.0135417 0.0601852 0.710938
2 0.508333 0.10463 0.0625 0.0944444 0.729004
2 0.515625 0.618981 0.158333 0.265741 0.774902
2 0.979688 0.145833 0.040625 0.087963 0.801758
2 0.5625 0.479167 0.136458 0.180556 0.825195
2 0.0497396 0.282407 0.0994792 0.15 0.877441
2 0.235938 0.135648 0.102083 0.0712963 0.882324
2 0.351562 0.930556 0.248958 0.12963 0.891113
