2 0.592969 0.0518519 0.0432292 0.0703704 0.294922
7 0.510677 0.100463 0.0671875 0.0990741 0.318604
7 0.592448 0.050463 0.0432292 0.0712963 0.32251
7 0.534896 0.0833333 0.05 0.0833333 0.342041
0 0.453125 0.272685 0.0270833 0.037963 0.357422
7 0.565625 0.0694444 0.05 0.0759259 0.379395
9 0.726823 0.0731481 0.0130208 0.0555556 0.430176
7 0.620313 0.0319444 0.0447917 0.0638889 0.470947
7 0.593229 0.403241 0.123958 0.180556 0.48291
2 0.511458 0.101389 0.06875 0.0990741 0.565918
2 0.447656 0.8125 0.211979 0.349074 0.630371
2 0.0169271 0.278241 0.0338542 0.137963 0.640137
9 0.0341146 0.025 0.0151042 0.0481481 0.712402
2 0.5625 0.481019 0.138542 0.186111 0.719727
2 0.515365 0.618981 0.157813 0.265741 0.812012
2 0.978125 0.15463 0.04375 0.0703704 0.825684
2 0.0736979 0.263426 0.145313 0.0990741 0.898926
2 0.432813 0.301852 0.20625 0.151852 0.900879
2 0.7125 0.155093 0.142708 0.102778 0.908203
