7 0.571615 0.0634259 0.0609375 0.0842593 0.432861
7 0.507292 0.114815 0.0520833 0.0759259 0.442627
7 0.529688 0.0861111 0.08125 0.0981481 0.513672
2 0.589583 0.422685 0.114583 0.193519 0.669922
9 0.0341146 0.025 0.0140625 0.0481481 0.702148
9 0.703125 0.0736111 0.0135417 0.0601852 0.704102
9 0.726562 0.075 0.0135417 0.0592593 0.71875
2 0.986979 0.15 0.0260417 0.0740741 0.731934
2 0.0403646 0.284722 0.0807292 0.137963 0.766113
2 0.0669271 0.261111 0.126563 0.103704 0.793945
2 0.501562 0.661111 0.170833 0.277778 0.931152
