7 0.595052 0.414352 0.114063 0.186111 0.458984
2 0.595052 0.413889 0.113021 0.185185 0.536133
7 0.571875 0.0611111 0.059375 0.087037 0.547852
9 0.0338542 0.025 0.0145833 0.0481481 0.580566
7 0.529948 0.0865741 0.0703125 0.0953704 0.644531
9 0.703125 0.0740741 0.0125 0.0592593 0.665527
2 0.986979 0.151389 0.0260417 0.0712963 0.730957
9 0.726823 0.0740741 0.0130208 0.0592593 0.741211
2 0.0692708 0.260648 0.123958 0.106481 0.780273
2 0.0403646 0.283796 0.0807292 0.139815 0.796875
2 0.483333 0.143981 0.059375 0.0824074 0.884766
2 0.55625 0.501389 0.132292 0.219444 0.905762
