7 0.598177 0.406019 0.104687 0.191667 0.291748
7 0.584115 0.0509259 0.0411458 0.0796296 0.330322
2 0.697135 0.134722 0.0588542 0.0972222 0.355713
7 0.56224 0.0712963 0.0411458 0.0722222 0.430908
7 0.697396 0.134722 0.059375 0.0972222 0.504395
2 0.507031 0.106019 0.0609375 0.0935185 0.516602
7 0.507031 0.105556 0.0619792 0.0944444 0.525879
7 0.529948 0.0833333 0.0505208 0.0833333 0.59082
9 0.726823 0.0763889 0.0130208 0.0638889 0.60498
2 0.521615 0.602315 0.152604 0.262037 0.639648
7 0.608333 0.0375 0.04375 0.075 0.64209
9 0.034375 0.025 0.015625 0.0462963 0.674805
7 0.565885 0.480556 0.126563 0.214815 0.78418
2 0.598958 0.395833 0.10625 0.171296 0.812988
2 0.373437 0.892593 0.246875 0.2 0.835938
2 0.0270833 0.298611 0.0541667 0.119444 0.84668
2 0.967708 0.141667 0.0625 0.1 0.86084
2 0.0596354 0.260648 0.119271 0.10463 0.882324
2 0.852604 0.170833 0.113542 0.0805556 0.918457
