2 0.5375 0.0810185 0.05 0.0787037 0.443848
2 0.577344 0.0597222 0.0494792 0.0731481 0.607422
2 0.614844 0.0347222 0.0442708 0.0694444 0.618164
9 0.703125 0.0736111 0.0135417 0.0601852 0.693359
9 0.034375 0.025 0.0145833 0.0481481 0.728516
9 0.726562 0.075 0.0135417 0.0592593 0.740723
2 0.597135 0.408796 0.115104 0.180556 0.745117
2 0.5125 0.100463 0.0645833 0.0953704 0.775391
2 0.0765625 0.2625 0.125 0.10463 0.777832
2 0.983333 0.151852 0.0333333 0.0703704 0.779785
2 0.352083 0.930556 0.252083 0.131481 0.85498
2 0.0455729 0.283796 0.0911458 0.139815 0.887207
2 0.558333 0.501389 0.1375 0.219444 0.89502
2 0.327865 0.299537 0.0932292 0.125 0.898926
