2 0.592969 0.0513889 0.0421875 0.0694444 0.328613
7 0.591406 0.050463 0.0432292 0.0712963 0.355225
2 0.509896 0.102778 0.0635417 0.0962963 0.369385
7 0.567187 0.0694444 0.0458333 0.0759259 0.429199
7 0.534115 0.0824074 0.0473958 0.0814815 0.474609
7 0.515625 0.619444 0.158333 0.264815 0.503906
7 0.510156 0.101389 0.0640625 0.0990741 0.559082
7 0.620833 0.0314815 0.0458333 0.062963 0.5625
9 0.703125 0.0736111 0.0135417 0.0601852 0.635742
2 0.447917 0.812037 0.2125 0.348148 0.650391
9 0.034375 0.025 0.0145833 0.0481481 0.653809
2 0.515365 0.618981 0.158854 0.265741 0.702148
9 0.726562 0.074537 0.0135417 0.0601852 0.715332
7 0.601823 0.4 0.118229 0.185185 0.724609
2 0.561979 0.476852 0.136458 0.17963 0.806641
2 0.975 0.151389 0.0479167 0.0731481 0.818359
2 0.0825521 0.262037 0.138021 0.105556 0.878418
2 0.0385417 0.27963 0.0770833 0.148148 0.878418
2 0.117448 0.141204 0.136979 0.0916667 0.902832
