7 0.56224 0.0712963 0.0421875 0.0722222 0.302246
0 0.322396 0.971759 0.05 0.0472222 0.313477
7 0.445833 0.808333 0.20625 0.346296 0.345947
7 0.584115 0.0518519 0.0411458 0.0796296 0.361328
7 0.530729 0.0833333 0.05 0.0833333 0.395264
2 0.563802 0.0703704 0.0390625 0.0703704 0.470459
7 0.508854 0.100463 0.06875 0.102778 0.541992
0 0.209115 0.362037 0.0223958 0.0351852 0.552246
7 0.608333 0.0375 0.04375 0.075 0.56543
2 0.446354 0.811111 0.207292 0.348148 0.643555
9 0.703125 0.0736111 0.0135417 0.0601852 0.651855
9 0.0341146 0.025 0.0151042 0.0481481 0.685059
2 0.0106771 0.300926 0.0213542 0.087037 0.691406
9 0.726562 0.074537 0.0135417 0.0601852 0.722168
7 0.517969 0.606019 0.151562 0.262037 0.723633
7 0.633333 0.309259 0.09375 0.159259 0.741699
2 0.973437 0.141667 0.053125 0.0981481 0.816406
2 0.0565104 0.260648 0.113021 0.102778 0.879395
2 0.228906 0.398611 0.113021 0.208333 0.890137
2 0.351562 0.92963 0.248958 0.127778 0.891113
2 0.590885 0.419444 0.116146 0.190741 0.904297
