7 0.448438 0.809722 0.2125 0.34537 0.29126
7 0.592969 0.049537 0.0421875 0.0731481 0.308838
0 0.857813 0.289352 0.0302083 0.0435185 0.329346
7 0.565625 0.0703704 0.0489583 0.0759259 0.41333
7 0.534115 0.0837963 0.0484375 0.0824074 0.418701
7 0.620313 0.0314815 0.0447917 0.062963 0.480957
7 0.598437 0.40463 0.113542 0.183333 0.524902
7 0.510938 0.099537 0.0677083 0.0990741 0.534668
2 0.447917 0.8125 0.2125 0.349074 0.615723
9 0.0341146 0.024537 0.0151042 0.0490741 0.645996
9 0.703125 0.0736111 0.0135417 0.0601852 0.693848
2 0.827604 0.321296 0.215625 0.157407 0.70166
9 0.726562 0.075463 0.0135417 0.0601852 0.70166
2 0.515365 0.619444 0.157813 0.264815 0.746582
2 0.561719 0.481944 0.136979 0.186111 0.77002
2 0.975781 0.151389 0.0484375 0.0731481 0.797852
2 0.0380208 0.280556 0.0760417 0.144444 0.859863
2 0.0833333 0.2625 0.1375 0.10463 0.885254
2 0.433333 0.149537 0.1375 0.100926 0.890625
