2 0.592969 0.0513889 0.0421875 0.0694444 0.344727
7 0.591406 0.05 0.0432292 0.0703704 0.389648
7 0.566406 0.0703704 0.0463542 0.0759259 0.439697
7 0.515625 0.619444 0.158333 0.266667 0.444824
2 0.509896 0.102778 0.0635417 0.0962963 0.467285
7 0.533594 0.0828704 0.0484375 0.0824074 0.520996
7 0.509896 0.102778 0.0635417 0.0962963 0.526855
9 0.703125 0.0740741 0.0135417 0.0592593 0.605957
7 0.621094 0.0314815 0.0463542 0.062963 0.621094
9 0.0338542 0.025 0.0145833 0.0481481 0.62793
2 0.447917 0.812037 0.2125 0.348148 0.635742
9 0.726562 0.075463 0.0135417 0.0601852 0.649414
7 0.601823 0.398611 0.118229 0.182407 0.700195
2 0.515365 0.618981 0.157813 0.265741 0.740234
2 0.561979 0.476389 0.136458 0.176852 0.807129
2 0.975 0.151389 0.0479167 0.0731481 0.820312
2 0.0385417 0.280093 0.0770833 0.147222 0.883301
2 0.084375 0.2625 0.1375 0.10463 0.885742
2 0.207292 0.143519 0.1375 0.0944444 0.902344
