0 0.323958 0.970833 0.0479167 0.0490741 0.289062
2 0.567187 0.0680556 0.0427083 0.0712963 0.380859
7 0.591667 0.0518519 0.04375 0.0722222 0.383301
7 0.445833 0.814352 0.20625 0.352778 0.398926
2 0.592188 0.050463 0.04375 0.0712963 0.466797
7 0.621354 0.0310185 0.046875 0.062037 0.489014
7 0.515625 0.618981 0.158333 0.265741 0.520508
7 0.567969 0.0671296 0.0421875 0.0712963 0.532227
2 0.445833 0.8125 0.20625 0.350926 0.66748
9 0.0341146 0.025 0.0151042 0.0481481 0.677734
9 0.703646 0.0740741 0.0135417 0.0592593 0.686035
7 0.602344 0.399074 0.119271 0.183333 0.691895
7 0.521875 0.0944444 0.0875 0.109259 0.694824
9 0.726562 0.075463 0.0135417 0.0601852 0.722168
2 0.515365 0.618519 0.157813 0.264815 0.729004
2 0.561979 0.480556 0.136458 0.187037 0.804688
2 0.967708 0.150463 0.0625 0.0768519 0.875977
2 0.350781 0.930556 0.248437 0.125926 0.880371
2 0.0450521 0.281019 0.0901042 0.147222 0.887207
2 0.113021 0.264352 0.140625 0.102778 0.898926
