2 0.593229 0.0518519 0.040625 0.0703704 0.2854
7 0.533333 0.0833333 0.0520833 0.0833333 0.361816
7 0.592188 0.0509259 0.0416667 0.0703704 0.372803
7 0.568229 0.0662037 0.0447917 0.0712963 0.468994
7 0.515625 0.618981 0.158333 0.265741 0.554199
7 0.515625 0.0962963 0.0739583 0.103704 0.56543
7 0.621354 0.0310185 0.046875 0.062037 0.573242
9 0.703125 0.0740741 0.0135417 0.0592593 0.622559
9 0.034375 0.025463 0.0145833 0.0490741 0.673828
7 0.602344 0.399074 0.119271 0.181481 0.683594
2 0.515365 0.618056 0.158854 0.263889 0.688477
9 0.726562 0.074537 0.0135417 0.0601852 0.708984
2 0.446094 0.811574 0.207813 0.349074 0.750488
2 0.5625 0.481481 0.136458 0.187037 0.814941
2 0.0414063 0.280556 0.0828125 0.148148 0.831055
2 0.975 0.151852 0.05 0.0740741 0.838867
2 0.348177 0.937963 0.244271 0.116667 0.856934
2 0.0893229 0.262963 0.129688 0.101852 0.862793
