7 0.446875 0.813889 0.208333 0.35 0.340088
0 0.322396 0.971759 0.0489583 0.0472222 0.388672
7 0.563021 0.0712963 0.040625 0.0740741 0.430176
7 0.508854 0.102778 0.0625 0.0981481 0.453369
7 0.534375 0.0828704 0.0489583 0.0824074 0.466553
7 0.591146 0.050463 0.04375 0.0731481 0.501465
7 0.621354 0.0314815 0.046875 0.062963 0.619629
2 0.446875 0.811111 0.208333 0.348148 0.636719
9 0.703125 0.0736111 0.0125 0.0601852 0.651855
7 0.601562 0.39537 0.1125 0.183333 0.653809
9 0.034375 0.025463 0.0145833 0.0472222 0.662109
9 0.726823 0.074537 0.0130208 0.0601852 0.725098
2 0.508854 0.103241 0.0635417 0.0972222 0.727539
2 0.515625 0.618519 0.158333 0.264815 0.785645
2 0.0440104 0.28287 0.0880208 0.150926 0.789551
2 0.56224 0.493056 0.135937 0.206481 0.825195
2 0.245573 0.266204 0.164062 0.113889 0.885742
2 0.351042 0.92963 0.248958 0.127778 0.887207
2 0.885938 0.152315 0.111458 0.0787037 0.89502
