0 0.322656 0.971759 0.0494792 0.0472222 0.30835
7 0.446354 0.808333 0.205208 0.346296 0.3479
2 0.50651 0.104167 0.0651042 0.0953704 0.391357
7 0.584115 0.0523148 0.0411458 0.0768519 0.415039
7 0.563281 0.0708333 0.0401042 0.0712963 0.474365
7 0.515625 0.618981 0.158333 0.265741 0.512695
7 0.507031 0.103241 0.0651042 0.0972222 0.583496
7 0.533073 0.0824074 0.0494792 0.0833333 0.602051
2 0.445833 0.811111 0.20625 0.348148 0.62207
9 0.034375 0.025 0.0145833 0.0481481 0.631348
7 0.608333 0.0375 0.04375 0.075 0.633301
9 0.703125 0.0736111 0.0135417 0.0601852 0.666992
9 0.726562 0.074537 0.0135417 0.0601852 0.72998
2 0.515365 0.618981 0.157813 0.265741 0.739746
7 0.602865 0.393981 0.110937 0.182407 0.760742
2 0.977344 0.141667 0.0453125 0.0962963 0.772949
2 0.5625 0.476389 0.136458 0.175 0.830078
2 0.0505208 0.283796 0.101042 0.149074 0.861816
2 0.351302 0.92963 0.249479 0.127778 0.887695
