7 0.414062 0.85 0.228125 0.283333 0.339111
2 0.0393229 0.25 0.0776042 0.112963 0.54248
2 0.0184896 0.273611 0.0369792 0.137963 0.604492
9 0.0338542 0.0259259 0.0145833 0.0481481 0.633789
9 0.703125 0.0736111 0.0135417 0.0601852 0.658203
2 0.634896 0.0199074 0.046875 0.0398148 0.674316
9 0.726562 0.074537 0.0135417 0.0601852 0.730469
7 0.522656 0.0930556 0.0796875 0.108333 0.748047
2 0.413281 0.85 0.228646 0.285185 0.782227
2 0.972656 0.149537 0.0546875 0.0824074 0.82373
2 0.230729 0.144444 0.140625 0.0944444 0.887695
