7 0.563021 0.0708333 0.034375 0.0712963 0.338379
2 0.507292 0.114815 0.0541667 0.0722222 0.431885
7 0.507812 0.113426 0.0552083 0.075 0.501953
7 0.609375 0.0365741 0.05 0.0731481 0.512695
2 0.609375 0.037037 0.0510417 0.0740741 0.513184
7 0.528906 0.0833333 0.0723958 0.0888889 0.538574
9 0.703125 0.0736111 0.0135417 0.0583333 0.664062
2 0.989844 0.150463 0.0203125 0.0712963 0.674316
9 0.726562 0.075 0.0135417 0.0592593 0.679688
9 0.034375 0.025 0.015625 0.0481481 0.681641
7 0.58724 0.427778 0.117188 0.194444 0.761719
2 0.0322917 0.288426 0.0645833 0.126852 0.762207
2 0.0606771 0.260185 0.119271 0.103704 0.82373
