7 0.566406 0.0689815 0.0276042 0.0712963 0.26123
7 0.563021 0.0685185 0.0614583 0.0740741 0.295166
2 0.507292 0.113889 0.0541667 0.0722222 0.321777
7 0.507812 0.1125 0.0552083 0.075 0.478516
7 0.582812 0.0555556 0.05 0.0740741 0.53125
7 0.532812 0.0814815 0.0677083 0.0833333 0.53125
2 0.989844 0.151389 0.0203125 0.0694444 0.66748
2 0.0322917 0.286574 0.0645833 0.132407 0.724609
9 0.0346354 0.025 0.0140625 0.0481481 0.730469
9 0.703125 0.074537 0.0125 0.0601852 0.736816
9 0.726562 0.074537 0.0135417 0.0601852 0.763672
7 0.58776 0.426389 0.116146 0.19537 0.764648
2 0.0614583 0.260648 0.119792 0.10463 0.786133
