2 0.430208 0.835648 0.216667 0.323148 0.300049
7 0.566927 0.0689815 0.0484375 0.075 0.429932
7 0.625521 0.0268519 0.0489583 0.0518519 0.440918
7 0.590885 0.049537 0.0453125 0.0731481 0.467773
2 0.514844 0.618981 0.158854 0.265741 0.493164
9 0.703125 0.0740741 0.0135417 0.0592593 0.601074
7 0.597396 0.405556 0.113542 0.185185 0.609863
9 0.0338542 0.024537 0.0145833 0.0490741 0.630859
7 0.430208 0.833333 0.216667 0.322222 0.633789
7 0.520312 0.0953704 0.0833333 0.109259 0.671387
9 0.726562 0.074537 0.0135417 0.0601852 0.6875
7 0.515365 0.618981 0.158854 0.265741 0.693359
2 0.561198 0.483333 0.135937 0.188889 0.726562
2 0.0815104 0.261111 0.124479 0.1 0.788574
2 0.980469 0.153241 0.0390625 0.0694444 0.807617
2 0.05 0.286111 0.1 0.138889 0.868164
