7 0.596875 0.416204 0.113542 0.186111 0.320801
7 0.534896 0.0814815 0.046875 0.0777778 0.331543
7 0.565365 0.0689815 0.0473958 0.0787037 0.418457
2 0.566146 0.0680556 0.046875 0.0787037 0.421387
2 0.534375 0.0837963 0.046875 0.0824074 0.42627
2 0.596875 0.407407 0.115625 0.177778 0.52832
2 0.595833 0.0472222 0.04375 0.0722222 0.606445
9 0.703125 0.0736111 0.0135417 0.0601852 0.6875
9 0.0338542 0.025 0.0145833 0.0462963 0.700195
9 0.726562 0.074537 0.0135417 0.0601852 0.741211
2 0.0825521 0.261574 0.117188 0.0990741 0.773926
2 0.51224 0.1 0.0651042 0.0962963 0.781738
2 0.559375 0.496759 0.138542 0.213889 0.782227
2 0.98125 0.151852 0.0375 0.0722222 0.791016
2 0.0484375 0.284722 0.096875 0.137963 0.862305
2 0.502344 0.652315 0.166146 0.278704 0.891602
