7 0.554688 0.0726852 0.05 0.075 0.262207
7 0.508333 0.110185 0.05625 0.0796296 0.472656
7 0.585938 0.0527778 0.0458333 0.0722222 0.480957
7 0.527083 0.087037 0.0875 0.1 0.521973
2 0.989844 0.150926 0.0203125 0.0703704 0.66748
9 0.0341146 0.025463 0.0140625 0.0472222 0.715332
9 0.703125 0.074537 0.0125 0.0601852 0.755859
2 0.0320312 0.2875 0.0640625 0.130556 0.756836
9 0.726562 0.074537 0.0135417 0.0601852 0.766602
7 0.58776 0.426852 0.117188 0.196296 0.779297
2 0.0606771 0.260185 0.119271 0.103704 0.812988
