7 0.552344 0.0675926 0.0984375 0.0833333 0.300537
7 0.507812 0.111111 0.0552083 0.0777778 0.471191
7 0.577604 0.0615741 0.046875 0.0805556 0.52832
7 0.52526 0.087963 0.0838542 0.1 0.564453
2 0.989844 0.151389 0.0203125 0.0712963 0.663574
9 0.034375 0.025 0.0145833 0.0481481 0.708496
9 0.703125 0.0736111 0.0125 0.0601852 0.718262
9 0.726562 0.074537 0.0135417 0.0601852 0.754883
7 0.586719 0.427315 0.120312 0.19537 0.756348
2 0.0325521 0.288889 0.0651042 0.125926 0.756836
2 0.0606771 0.260185 0.119271 0.103704 0.796387
