2 0.507292 0.113889 0.0541667 0.0722222 0.336426
2 0.5875 0.0527778 0.0447917 0.0740741 0.337891
7 0.507812 0.1125 0.0552083 0.075 0.450195
7 0.586458 0.0532407 0.0458333 0.0731481 0.463135
7 0.528906 0.0847222 0.0880208 0.0972222 0.51123
2 0.989844 0.150463 0.0203125 0.0712963 0.66748
9 0.034375 0.025463 0.0145833 0.0472222 0.711914
9 0.703125 0.075 0.0125 0.0611111 0.75
2 0.0322917 0.288889 0.0645833 0.127778 0.754395
9 0.726562 0.074537 0.0135417 0.0601852 0.769531
7 0.58776 0.426389 0.117188 0.19537 0.773438
2 0.0606771 0.259722 0.119271 0.10463 0.808594
