7 0.446354 0.808796 0.205208 0.34537 0.280518
0 0.320312 0.971759 0.0520833 0.0472222 0.314209
7 0.591667 0.049537 0.04375 0.0712963 0.477783
7 0.567187 0.0680556 0.04375 0.0712963 0.499268
7 0.621354 0.0314815 0.046875 0.062963 0.504395
7 0.515625 0.618981 0.158333 0.265741 0.557617
9 0.0341146 0.025 0.0151042 0.0481481 0.637207
7 0.602344 0.399074 0.119271 0.181481 0.672852
7 0.520312 0.0958333 0.084375 0.108333 0.679688
9 0.703646 0.0740741 0.0135417 0.0592593 0.688477
2 0.446354 0.811574 0.207292 0.349074 0.696777
2 0.515365 0.618056 0.157813 0.263889 0.710938
9 0.726562 0.075463 0.0135417 0.0601852 0.720703
2 0.0447917 0.281481 0.0895833 0.148148 0.784668
2 0.5625 0.47963 0.136458 0.185185 0.808105
2 0.964063 0.15 0.071875 0.0814815 0.863281
2 0.351302 0.92963 0.247396 0.127778 0.889648
2 0.121875 0.265278 0.146875 0.102778 0.894531
