7 0.595833 0.417593 0.108333 0.188889 0.356934
7 0.573177 0.0615741 0.0578125 0.0842593 0.571289
2 0.0403646 0.285648 0.0807292 0.141667 0.672852
7 0.533073 0.0828704 0.0619792 0.087963 0.696289
2 0.59375 0.418519 0.114583 0.192593 0.701172
9 0.0335938 0.025 0.0151042 0.0481481 0.702637
2 0.986979 0.150926 0.0260417 0.0722222 0.730957
9 0.703125 0.074537 0.0125 0.0601852 0.77002
9 0.726562 0.074537 0.0135417 0.0601852 0.78125
2 0.0664062 0.261111 0.125521 0.103704 0.783203
2 0.493229 0.131944 0.0552083 0.0787037 0.875
2 0.551042 0.517593 0.135417 0.227778 0.915527
