7 0.572917 0.0625 0.059375 0.0768519 0.367188
2 0.535677 0.0814815 0.0453125 0.0796296 0.411621
7 0.514063 0.0981481 0.0614583 0.1 0.438721
2 0.576563 0.0587963 0.0510417 0.0731481 0.479248
2 0.514844 0.0986111 0.0640625 0.0990741 0.520996
2 0.617708 0.0314815 0.0479167 0.062963 0.544434
9 0.034375 0.025 0.0145833 0.0481481 0.656738
9 0.703125 0.0736111 0.0135417 0.0601852 0.689453
9 0.726562 0.075 0.0135417 0.0592593 0.730469
2 0.0760417 0.2625 0.125 0.10463 0.779785
2 0.983333 0.152315 0.0333333 0.0712963 0.780762
2 0.596875 0.408333 0.114583 0.17963 0.792969
2 0.0455729 0.283796 0.0911458 0.139815 0.882324
2 0.365625 0.262037 0.0833333 0.112963 0.887207
2 0.558073 0.500463 0.136979 0.219444 0.90332
