7 0.566667 0.0694444 0.0479167 0.0759259 0.463623
2 0.643229 0.0106481 0.0375 0.0212963 0.465332
7 0.592969 0.05 0.0453125 0.0703704 0.529297
7 0.597656 0.403704 0.113021 0.181481 0.646973
9 0.0341146 0.024537 0.0161458 0.0472222 0.709961
7 0.519792 0.0953704 0.0833333 0.109259 0.717285
2 0.514844 0.62037 0.159896 0.266667 0.725586
9 0.703125 0.074537 0.0125 0.0601852 0.736816
9 0.726562 0.074537 0.0135417 0.0601852 0.763672
2 0.0822917 0.261111 0.119792 0.1 0.779785
2 0.98125 0.152778 0.0375 0.0722222 0.794922
2 0.561979 0.5 0.1375 0.22037 0.829102
2 0.0494792 0.284722 0.0989583 0.139815 0.867676
