2 0.59349 0.0513889 0.0411458 0.0694444 0.352539
7 0.591927 0.0509259 0.0432292 0.0703704 0.359375
7 0.567187 0.0699074 0.0458333 0.075 0.4104
7 0.509375 0.101852 0.0645833 0.0962963 0.478271
7 0.515625 0.619444 0.158333 0.264815 0.510742
2 0.509375 0.102315 0.0645833 0.0972222 0.537109
7 0.533594 0.0833333 0.0484375 0.0833333 0.54248
7 0.621354 0.0310185 0.046875 0.062037 0.611816
9 0.0338542 0.024537 0.0145833 0.0490741 0.657227
9 0.703125 0.0736111 0.0125 0.0601852 0.662109
7 0.602344 0.399074 0.119271 0.183333 0.693848
2 0.515365 0.618981 0.157813 0.265741 0.698242
9 0.726562 0.074537 0.0135417 0.0601852 0.719727
2 0.446354 0.811574 0.209375 0.349074 0.722168
2 0.561979 0.476389 0.136458 0.178704 0.810059
2 0.975 0.151852 0.0479167 0.0722222 0.819336
2 0.0395833 0.280093 0.0791667 0.147222 0.875488
2 0.0841146 0.2625 0.139062 0.10463 0.880859
