0 0.319531 0.971759 0.0505208 0.0490741 0.30127
7 0.446354 0.808333 0.205208 0.346296 0.307373
7 0.591667 0.0518519 0.04375 0.0740741 0.311279
7 0.534375 0.0837963 0.0541667 0.0842593 0.389648
2 0.567708 0.0666667 0.04375 0.0722222 0.417969
2 0.592448 0.0513889 0.0432292 0.0694444 0.463379
7 0.567708 0.0657407 0.04375 0.0703704 0.472412
7 0.515625 0.618981 0.158333 0.265741 0.503418
7 0.621354 0.0310185 0.046875 0.062037 0.547363
7 0.515365 0.0962963 0.0723958 0.103704 0.551758
9 0.703125 0.0736111 0.0135417 0.0601852 0.621094
7 0.602344 0.399537 0.119271 0.182407 0.671875
2 0.446354 0.811111 0.207292 0.348148 0.689453
9 0.726562 0.075 0.0135417 0.0592593 0.700684
9 0.0346354 0.025463 0.0151042 0.0490741 0.70459
2 0.515625 0.618519 0.158333 0.264815 0.742188
2 0.5625 0.477778 0.136458 0.181481 0.818848
2 0.973958 0.150463 0.05 0.075 0.842773
2 0.0421875 0.281019 0.084375 0.149074 0.847168
2 0.350781 0.933333 0.248437 0.122222 0.879395
2 0.0924479 0.262037 0.130729 0.103704 0.883301
