7 0.510156 0.110648 0.0567708 0.0731481 0.325439
2 0.586198 0.435648 0.123438 0.199074 0.393799
2 0.996094 0.160185 0.0078125 0.0481481 0.428955
9 0.703125 0.0736111 0.0125 0.0583333 0.454834
7 0.586719 0.434722 0.123438 0.197222 0.60498
9 0.726823 0.0736111 0.0130208 0.0583333 0.608398
2 0.0247396 0.283796 0.0494792 0.14537 0.629883
7 0.53099 0.0902778 0.0984375 0.108333 0.63916
9 0.0341146 0.024537 0.0151042 0.0472222 0.696777
2 0.0552083 0.260648 0.109375 0.10463 0.812012
2 0.723177 0.147685 0.104687 0.075 0.92041
