7 0.53724 0.0828704 0.0609375 0.0842593 0.313965
2 0.59349 0.0513889 0.0411458 0.0694444 0.317627
7 0.56875 0.0666667 0.0427083 0.0703704 0.37793
7 0.591406 0.050463 0.0432292 0.0712963 0.38501
2 0.445573 0.811574 0.206771 0.349074 0.554688
2 0.341406 0.961574 0.231771 0.0712963 0.580566
7 0.514844 0.0972222 0.0723958 0.103704 0.594727
7 0.621354 0.0310185 0.046875 0.062037 0.606934
7 0.445312 0.812963 0.20625 0.348148 0.610352
2 0.515365 0.618519 0.158854 0.264815 0.614258
7 0.515625 0.618981 0.158333 0.265741 0.634277
9 0.703125 0.0740741 0.0125 0.0592593 0.641602
7 0.602344 0.398611 0.119271 0.180556 0.671875
9 0.0338542 0.025463 0.0145833 0.0490741 0.700195
9 0.726823 0.074537 0.0130208 0.0601852 0.710938
2 0.5625 0.478704 0.136458 0.181481 0.813965
2 0.975 0.151852 0.0479167 0.0740741 0.827148
2 0.0388021 0.27963 0.0776042 0.148148 0.863281
2 0.0841146 0.262037 0.134896 0.103704 0.873047
