7 0.594792 0.414352 0.1125 0.184259 0.466064
7 0.571615 0.0611111 0.0609375 0.087037 0.510742
2 0.594531 0.413889 0.111979 0.183333 0.524414
7 0.528906 0.087963 0.0734375 0.0981481 0.618164
9 0.703125 0.0740741 0.0125 0.0592593 0.690918
9 0.034375 0.025 0.0145833 0.0481481 0.718262
2 0.986979 0.150463 0.0260417 0.0731481 0.729492
9 0.726823 0.074537 0.0130208 0.0601852 0.745605
2 0.0700521 0.260648 0.123438 0.106481 0.789551
2 0.0403646 0.284259 0.0807292 0.140741 0.818848
2 0.480729 0.146296 0.059375 0.0814815 0.870117
2 0.55625 0.500926 0.133333 0.22037 0.908691
