7 0.514583 0.0981481 0.05625 0.0981481 0.352539
2 0.595312 0.413889 0.114583 0.183333 0.445557
7 0.54974 0.074537 0.104687 0.115741 0.536133
9 0.703125 0.0740741 0.0135417 0.0592593 0.587891
9 0.726562 0.074537 0.0135417 0.0601852 0.685547
9 0.034375 0.025 0.0145833 0.0481481 0.699707
2 0.0703125 0.261574 0.123958 0.100926 0.726562
2 0.985417 0.150926 0.0291667 0.0703704 0.769043
2 0.559635 0.5 0.140104 0.216667 0.825195
2 0.0424479 0.281481 0.0848958 0.146296 0.831055
2 0.447135 0.17963 0.0661458 0.0907407 0.887207
