7 0.536979 0.0810185 0.053125 0.0805556 0.27124
0 0.322656 0.971759 0.0484375 0.0490741 0.299316
7 0.446354 0.813889 0.207292 0.351852 0.368408
7 0.591667 0.050463 0.04375 0.0712963 0.390137
7 0.620833 0.0310185 0.046875 0.062037 0.472656
7 0.515625 0.618981 0.158333 0.265741 0.507812
2 0.592188 0.0513889 0.04375 0.0712963 0.513672
7 0.567448 0.0685185 0.0432292 0.0722222 0.521973
7 0.517187 0.0962963 0.0770833 0.105556 0.594727
9 0.0335938 0.025463 0.0151042 0.0472222 0.65625
2 0.445833 0.812037 0.20625 0.35 0.666992
7 0.602344 0.399537 0.119271 0.182407 0.673828
9 0.703646 0.0740741 0.0135417 0.0592593 0.688477
9 0.726562 0.075463 0.0135417 0.0601852 0.725586
2 0.515365 0.618519 0.157813 0.264815 0.743652
2 0.561979 0.484722 0.136458 0.193519 0.810547
2 0.966146 0.150463 0.065625 0.0768519 0.870117
2 0.0447917 0.281481 0.0895833 0.148148 0.884277
2 0.351562 0.930556 0.248958 0.127778 0.887207
2 0.116927 0.264815 0.142188 0.103704 0.900391
