9 0.703125 0.074537 0.0125 0.0583333 0.342041
2 0.563281 0.0712963 0.0390625 0.0722222 0.352539
7 0.583594 0.0509259 0.0421875 0.0796296 0.368652
7 0.56224 0.0712963 0.0411458 0.0722222 0.375977
7 0.506771 0.105556 0.0614583 0.0944444 0.45166
7 0.529688 0.0833333 0.0510417 0.0833333 0.563477
2 0.564844 0.48287 0.126563 0.215741 0.563477
2 0.50651 0.106019 0.0609375 0.0935185 0.573242
7 0.608333 0.0375 0.04375 0.075 0.602539
7 0.564062 0.482407 0.13125 0.216667 0.626953
9 0.0341146 0.025463 0.0151042 0.0490741 0.719238
9 0.726823 0.0740741 0.0130208 0.0592593 0.738281
2 0.513542 0.625926 0.1625 0.266667 0.773926
2 0.598698 0.39537 0.106771 0.17037 0.807617
2 0.691406 0.148148 0.0630208 0.103704 0.814941
2 0.967708 0.141667 0.0625 0.0981481 0.848633
2 0.0270833 0.298611 0.0541667 0.117593 0.850586
2 0.059375 0.260648 0.11875 0.10463 0.882812
2 0.361979 0.909722 0.247917 0.175 0.89502
2 0.870833 0.171296 0.1125 0.0777778 0.924805
