7 0.446354 0.808333 0.205208 0.346296 0.307861
0 0.322135 0.971759 0.0494792 0.0472222 0.333252
2 0.60625 0.375463 0.10625 0.175 0.355225
7 0.584115 0.0532407 0.0401042 0.075 0.361084
7 0.564062 0.0699074 0.0385417 0.0712963 0.431396
7 0.50651 0.105093 0.0651042 0.0972222 0.504883
2 0.50651 0.105093 0.0640625 0.0953704 0.557617
7 0.532292 0.0828704 0.0520833 0.0824074 0.580566
7 0.608333 0.0375 0.04375 0.075 0.586426
9 0.703125 0.0740741 0.0125 0.0592593 0.653809
2 0.446615 0.811111 0.206771 0.348148 0.69043
9 0.0341146 0.025 0.0140625 0.0481481 0.691406
9 0.726823 0.074537 0.0130208 0.0601852 0.722168
2 0.0213542 0.256019 0.0427083 0.0805556 0.726074
7 0.60651 0.375463 0.104687 0.178704 0.779297
2 0.973437 0.141204 0.053125 0.0990741 0.822266
2 0.516406 0.618981 0.159896 0.265741 0.85498
2 0.351042 0.92963 0.248958 0.127778 0.888672
2 0.563542 0.488426 0.135417 0.217593 0.911621
2 0.11849 0.308333 0.171354 0.166667 0.92041
