7 0.571615 0.0625 0.0609375 0.0842593 0.438477
7 0.529688 0.0842593 0.0729167 0.0907407 0.534668
7 0.50625 0.116667 0.0520833 0.0759259 0.560547
9 0.034375 0.024537 0.0145833 0.0472222 0.638184
2 0.591927 0.419444 0.117188 0.190741 0.645996
9 0.703125 0.0736111 0.0135417 0.0601852 0.710449
2 0.986979 0.15 0.0260417 0.0740741 0.730957
2 0.0403646 0.285185 0.0807292 0.140741 0.740723
9 0.726562 0.074537 0.0135417 0.0601852 0.748535
2 0.0669271 0.261111 0.125521 0.103704 0.786621
2 0.521615 0.603241 0.153646 0.256481 0.923828
