7 0.583854 0.0509259 0.040625 0.0777778 0.305176
7 0.563802 0.0703704 0.0390625 0.0703704 0.442139
7 0.515625 0.618981 0.158333 0.265741 0.450439
7 0.508073 0.103241 0.0630208 0.0953704 0.464355
7 0.533854 0.0828704 0.05 0.0824074 0.498047
7 0.445573 0.811574 0.205729 0.347222 0.498047
7 0.608594 0.0375 0.0432292 0.075 0.542969
2 0.445833 0.811111 0.20625 0.348148 0.616211
2 0.508073 0.103704 0.0630208 0.0944444 0.647949
7 0.601823 0.394907 0.113021 0.178704 0.664551
9 0.703646 0.0740741 0.0135417 0.0592593 0.710449
9 0.034375 0.025 0.0145833 0.0481481 0.713867
9 0.726562 0.075463 0.0135417 0.0601852 0.723633
2 0.979688 0.14537 0.040625 0.0888889 0.76123
2 0.515625 0.618519 0.158333 0.264815 0.77832
2 0.561979 0.480093 0.136458 0.182407 0.830566
2 0.0497396 0.282407 0.0994792 0.151852 0.85791
2 0.36224 0.1375 0.103646 0.075 0.889648
2 0.351302 0.930556 0.249479 0.131481 0.889648
