7 0.564323 0.0675926 0.0567708 0.0759259 0.275146
7 0.508854 0.109259 0.0572917 0.0814815 0.375488
7 0.582812 0.0541667 0.0489583 0.075 0.494385
7 0.526042 0.0902778 0.0895833 0.106481 0.557129
2 0.989844 0.151389 0.0203125 0.0694444 0.670898
2 0.0320312 0.287037 0.0640625 0.131481 0.737305
9 0.0346354 0.025 0.0151042 0.0481481 0.748047
9 0.703125 0.075 0.0125 0.0611111 0.753906
2 0.0611979 0.260648 0.120312 0.10463 0.755371
7 0.5875 0.426389 0.116667 0.19537 0.759277
9 0.726823 0.074537 0.0130208 0.0601852 0.774414
