7 0.561979 0.0708333 0.0364583 0.0712963 0.290771
7 0.509375 0.111111 0.0572917 0.0740741 0.414795
2 0.508854 0.112037 0.0552083 0.0722222 0.443604
7 0.529948 0.087037 0.0932292 0.101852 0.506348
2 0.989844 0.150926 0.0203125 0.0703704 0.664551
7 0.617188 0.0319444 0.05 0.0638889 0.676758
9 0.0341146 0.024537 0.0140625 0.0472222 0.693359
9 0.703125 0.0736111 0.0135417 0.0601852 0.73877
9 0.726562 0.075463 0.0135417 0.0601852 0.742188
7 0.583854 0.433796 0.119792 0.202778 0.786621
2 0.0317708 0.286111 0.0635417 0.131481 0.79541
2 0.0606771 0.260185 0.119271 0.105556 0.84668
2 0.05625 0.130093 0.1 0.0694444 0.893066
