2 0.566927 0.0694444 0.0484375 0.0777778 0.255615
9 0.703646 0.0736111 0.0125 0.0583333 0.275879
7 0.592708 0.050463 0.04375 0.0712963 0.27832
2 0.535937 0.0824074 0.05 0.0833333 0.278809
7 0.448177 0.808796 0.211979 0.34537 0.285645
2 0.592969 0.0513889 0.0432292 0.0694444 0.305176
7 0.534896 0.0833333 0.0489583 0.0833333 0.309814
7 0.566146 0.0699074 0.05 0.0768519 0.334717
7 0.596615 0.412963 0.115104 0.198148 0.384766
7 0.620052 0.0319444 0.0453125 0.0638889 0.405273
9 0.726823 0.0726852 0.0130208 0.0564815 0.412842
2 0.597656 0.402315 0.115104 0.184259 0.556641
2 0.511458 0.101389 0.06875 0.0990741 0.624023
2 0.447656 0.8125 0.211979 0.349074 0.626953
9 0.0341146 0.025463 0.0140625 0.0472222 0.67041
2 0.0231771 0.275463 0.0463542 0.150926 0.699707
2 0.561979 0.481019 0.136458 0.184259 0.791504
2 0.515365 0.618981 0.157813 0.265741 0.814941
2 0.978125 0.154167 0.04375 0.0712963 0.82666
2 0.0752604 0.262963 0.142188 0.1 0.888184
2 0.669531 0.154167 0.142188 0.102778 0.896973
2 0.488542 0.303241 0.202083 0.150926 0.904297
