2 0.535937 0.0805556 0.046875 0.0777778 0.307373
2 0.616667 0.0310185 0.0458333 0.062037 0.313721
7 0.535937 0.0805556 0.046875 0.0777778 0.349854
7 0.616406 0.0314815 0.0463542 0.062963 0.358398
7 0.572656 0.0615741 0.0578125 0.0768519 0.366943
7 0.513542 0.0986111 0.0625 0.0990741 0.463379
2 0.577344 0.0592593 0.0484375 0.0740741 0.480957
2 0.514063 0.0990741 0.0635417 0.0981481 0.518066
9 0.0341146 0.025 0.0140625 0.0481481 0.668457
9 0.703125 0.0736111 0.0135417 0.0601852 0.680664
9 0.726562 0.074537 0.0135417 0.0601852 0.728516
2 0.596875 0.408333 0.114583 0.17963 0.75293
2 0.0778646 0.262037 0.120312 0.101852 0.777344
2 0.983594 0.151389 0.0328125 0.0712963 0.780762
2 0.0455729 0.283796 0.0911458 0.139815 0.882812
2 0.359635 0.266204 0.0848958 0.112037 0.892578
2 0.558333 0.501389 0.1375 0.221296 0.899414
