7 0.591406 0.0518519 0.0453125 0.0740741 0.338623
7 0.567187 0.0699074 0.0447917 0.075 0.386719
7 0.509896 0.101389 0.065625 0.0972222 0.389404
7 0.534115 0.0828704 0.0484375 0.0824074 0.448975
2 0.592448 0.0513889 0.0432292 0.0712963 0.452881
7 0.620313 0.0314815 0.0447917 0.062963 0.557129
7 0.598437 0.402778 0.114583 0.17963 0.600098
9 0.702604 0.0736111 0.0135417 0.0601852 0.668457
2 0.509896 0.101852 0.065625 0.0962963 0.67627
2 0.447917 0.8125 0.2125 0.349074 0.68457
9 0.726562 0.074537 0.0135417 0.0601852 0.710938
9 0.034375 0.024537 0.0166667 0.0490741 0.711914
2 0.561979 0.484259 0.136458 0.190741 0.761719
2 0.515625 0.618981 0.158333 0.265741 0.797852
2 0.978125 0.155093 0.04375 0.0694444 0.833008
2 0.232292 0.291667 0.203125 0.15 0.852539
2 0.869531 0.158796 0.145313 0.10463 0.919434
2 0.0690104 0.262963 0.138021 0.103704 0.92334
