7 0.596875 0.414815 0.113542 0.185185 0.317383
7 0.536458 0.0810185 0.0479167 0.0805556 0.360352
2 0.534375 0.0837963 0.046875 0.0824074 0.361084
2 0.596094 0.0467593 0.0442708 0.0731481 0.407959
7 0.595573 0.0467593 0.0442708 0.0731481 0.436768
7 0.565104 0.0699074 0.0489583 0.0787037 0.512207
2 0.596875 0.407407 0.115625 0.177778 0.580078
9 0.0341146 0.024537 0.0171875 0.0490741 0.662109
9 0.703125 0.0736111 0.0135417 0.0601852 0.696777
9 0.726562 0.074537 0.0135417 0.0601852 0.744629
2 0.5125 0.1 0.0645833 0.0962963 0.757324
2 0.982031 0.153241 0.0359375 0.0712963 0.789062
2 0.0770833 0.261574 0.122917 0.102778 0.791016
2 0.497396 0.672222 0.176042 0.285185 0.824707
2 0.558854 0.497222 0.1375 0.212963 0.827148
2 0.0463542 0.283796 0.0927083 0.139815 0.874512
