2 0.596875 0.0458333 0.0416667 0.0712963 0.337158
2 0.566927 0.0680556 0.0484375 0.075 0.345703
2 0.535156 0.0833333 0.0494792 0.0814815 0.413818
7 0.596354 0.0458333 0.0427083 0.0712963 0.420898
7 0.567448 0.0675926 0.0484375 0.0740741 0.449951
9 0.703125 0.0736111 0.0135417 0.0601852 0.689941
9 0.034375 0.025463 0.0145833 0.0472222 0.70459
2 0.597135 0.40787 0.115104 0.178704 0.709961
9 0.726562 0.074537 0.0135417 0.0601852 0.737305
2 0.075 0.261111 0.125 0.1 0.749023
2 0.983333 0.151389 0.0333333 0.0731481 0.778809
2 0.51224 0.1 0.0651042 0.0962963 0.782715
2 0.482812 0.70463 0.180208 0.3 0.839355
2 0.0445312 0.63287 0.0890625 0.247222 0.845703
2 0.558333 0.501852 0.1375 0.222222 0.866699
2 0.0460938 0.284259 0.0921875 0.138889 0.87207
