2 0.595052 0.414815 0.114063 0.185185 0.326904
2 0.515365 0.0981481 0.0536458 0.0944444 0.478271
7 0.567969 0.0615741 0.0661458 0.0916667 0.479248
7 0.515365 0.0981481 0.0536458 0.0944444 0.58252
7 0.540885 0.0782407 0.0453125 0.0787037 0.625977
9 0.0341146 0.025 0.0140625 0.0481481 0.666992
9 0.703125 0.0736111 0.0125 0.0601852 0.674316
2 0.986719 0.148611 0.0265625 0.075 0.738281
9 0.726562 0.074537 0.0135417 0.0601852 0.73877
2 0.563281 0.498148 0.147396 0.224074 0.757812
2 0.0700521 0.258796 0.121354 0.10463 0.783203
2 0.0414063 0.282407 0.0828125 0.144444 0.822754
2 0.458073 0.168519 0.0630208 0.0888889 0.889648
