0 0.323438 0.970833 0.0489583 0.0490741 0.292969
7 0.582552 0.0592593 0.0453125 0.0740741 0.311279
7 0.558594 0.0717593 0.0546875 0.0731481 0.338867
7 0.540625 0.0824074 0.0677083 0.087037 0.353271
2 0.508333 0.102778 0.0625 0.0981481 0.412354
7 0.514063 0.0990741 0.071875 0.103704 0.41748
7 0.609896 0.037037 0.0427083 0.0740741 0.452637
7 0.445833 0.811574 0.20625 0.347222 0.498291
7 0.602083 0.39537 0.114583 0.17963 0.533203
9 0.703125 0.0740741 0.0125 0.0592593 0.55127
2 0.446354 0.811111 0.207292 0.348148 0.601074
2 0.991406 0.146296 0.0171875 0.0796296 0.603516
2 0.602344 0.395833 0.115104 0.180556 0.619141
9 0.726823 0.075 0.0130208 0.0592593 0.643555
9 0.034375 0.025463 0.0145833 0.0472222 0.679199
2 0.0473958 0.280093 0.0947917 0.150926 0.695801
2 0.515625 0.618981 0.158333 0.265741 0.800781
2 0.561979 0.477778 0.1375 0.177778 0.842285
2 0.351302 0.92963 0.249479 0.127778 0.882324
2 0.611719 0.143981 0.104687 0.0768519 0.918945
2 0.759375 0.293056 0.170833 0.112037 0.933594
