7 0.448438 0.808796 0.2125 0.34537 0.300781
7 0.592188 0.05 0.0427083 0.0703704 0.310791
2 0.592969 0.0513889 0.0421875 0.0694444 0.341553
7 0.534115 0.0828704 0.0484375 0.0824074 0.388672
7 0.566146 0.0703704 0.046875 0.0759259 0.390625
7 0.510417 0.100463 0.0666667 0.0990741 0.39209
7 0.620313 0.0319444 0.0447917 0.0638889 0.547852
7 0.598437 0.402778 0.113542 0.17963 0.54834
2 0.447917 0.8125 0.2125 0.349074 0.617676
9 0.703125 0.074537 0.0135417 0.0601852 0.637695
2 0.510156 0.101389 0.0661458 0.0990741 0.645508
9 0.034375 0.025463 0.0145833 0.0472222 0.688965
9 0.726823 0.074537 0.0130208 0.0601852 0.702148
2 0.561719 0.484259 0.136979 0.190741 0.772461
2 0.515625 0.618981 0.158333 0.265741 0.80957
2 0.978125 0.155093 0.04375 0.0712963 0.826172
2 0.328906 0.296296 0.203646 0.151852 0.875
2 0.79349 0.158333 0.142188 0.1 0.910156
2 0.0731771 0.262963 0.146354 0.101852 0.915039
