2 0.596875 0.0476852 0.0427083 0.0731481 0.263184
2 0.570833 0.0648148 0.046875 0.0722222 0.293701
2 0.534375 0.0837963 0.0479167 0.0824074 0.42041
7 0.56875 0.0675926 0.0510417 0.0722222 0.479492
7 0.596875 0.0467593 0.0427083 0.0731481 0.486328
9 0.034375 0.025 0.0145833 0.0481481 0.613281
9 0.703125 0.0736111 0.0135417 0.0601852 0.677246
2 0.597135 0.407407 0.115104 0.177778 0.720703
9 0.726562 0.074537 0.0135417 0.0601852 0.728516
2 0.0747396 0.261574 0.127604 0.102778 0.774414
2 0.983333 0.152315 0.0333333 0.0712963 0.778809
2 0.479167 0.714352 0.18125 0.300926 0.780762
2 0.51224 0.1 0.0651042 0.0962963 0.785156
2 0.0455729 0.283796 0.0911458 0.139815 0.880859
2 0.559375 0.499537 0.1375 0.215741 0.881836
2 0.0614583 0.5875 0.122917 0.219444 0.902344
