7 0.591146 0.0476852 0.046875 0.0768519 0.4104
7 0.566406 0.0689815 0.0484375 0.075 0.422607
7 0.622656 0.0291667 0.0463542 0.0583333 0.514648
2 0.515365 0.618981 0.158854 0.265741 0.555176
2 0.441927 0.82037 0.211979 0.344444 0.60498
7 0.597396 0.405093 0.113542 0.184259 0.60498
9 0.034375 0.024537 0.0145833 0.0472222 0.612305
9 0.703125 0.0740741 0.0135417 0.0592593 0.633789
7 0.521875 0.0944444 0.0864583 0.109259 0.643555
7 0.515625 0.618981 0.158333 0.265741 0.693359
9 0.726562 0.074537 0.0135417 0.0601852 0.701172
2 0.561198 0.484722 0.135937 0.193519 0.72168
2 0.0893229 0.260648 0.115104 0.0972222 0.751953
2 0.978125 0.153704 0.0416667 0.0685185 0.831055
2 0.0526042 0.283333 0.105208 0.142593 0.836426
