7 0.5625 0.0717593 0.0354167 0.0731481 0.261475
7 0.508073 0.112037 0.0557292 0.0777778 0.469482
7 0.602344 0.0402778 0.0526042 0.0787037 0.513184
7 0.522917 0.0930556 0.0833333 0.106481 0.541504
2 0.602344 0.0402778 0.0526042 0.0787037 0.615723
9 0.703125 0.0736111 0.0125 0.0601852 0.657227
2 0.989844 0.150463 0.0203125 0.0712963 0.668457
9 0.0341146 0.025463 0.0140625 0.0472222 0.686523
9 0.726562 0.0740741 0.0135417 0.0592593 0.714844
7 0.5875 0.427315 0.120833 0.193519 0.742188
2 0.0320312 0.289352 0.0640625 0.125 0.749023
2 0.0606771 0.260185 0.119271 0.103704 0.79834
