2 0.584375 0.0569444 0.040625 0.0768519 0.303711
2 0.56276 0.0703704 0.0411458 0.0722222 0.30835
7 0.56276 0.0703704 0.0411458 0.0722222 0.339844
7 0.584375 0.0550926 0.040625 0.0768519 0.348877
0 0.323177 0.971759 0.0505208 0.0490741 0.373291
9 0.703125 0.0740741 0.0125 0.0592593 0.392822
7 0.508854 0.102778 0.0625 0.0981481 0.403564
7 0.534375 0.0828704 0.0510417 0.0824074 0.432129
7 0.601562 0.394907 0.113542 0.184259 0.475586
7 0.445833 0.812037 0.20625 0.348148 0.492188
7 0.611719 0.0361111 0.0442708 0.0722222 0.547363
9 0.726823 0.0740741 0.0130208 0.0592593 0.567383
2 0.601562 0.393981 0.111458 0.182407 0.593262
2 0.446354 0.811111 0.207292 0.348148 0.606934
2 0.992188 0.144907 0.015625 0.0842593 0.615234
2 0.508594 0.103241 0.0630208 0.0972222 0.619141
2 0.046875 0.280556 0.09375 0.153704 0.674316
9 0.0338542 0.025463 0.0145833 0.0490741 0.676758
2 0.515625 0.618981 0.158333 0.265741 0.783203
2 0.5625 0.478704 0.136458 0.17963 0.830566
2 0.351302 0.92963 0.249479 0.127778 0.88623
2 0.676562 0.147222 0.10625 0.0759259 0.907715
2 0.640104 0.287037 0.169792 0.109259 0.919922
