7 0.566406 0.0689815 0.0453125 0.0768519 0.294922
7 0.596875 0.415278 0.114583 0.187963 0.39917
2 0.534375 0.0837963 0.046875 0.0824074 0.450684
2 0.565625 0.0689815 0.046875 0.0768519 0.500488
2 0.597396 0.40787 0.115625 0.178704 0.617188
2 0.595312 0.0467593 0.0447917 0.0712963 0.660156
9 0.034375 0.025 0.0145833 0.0481481 0.697754
9 0.703125 0.0740741 0.0135417 0.0592593 0.737793
9 0.726562 0.075463 0.0135417 0.0601852 0.740723
2 0.078125 0.261574 0.13125 0.102778 0.770508
2 0.5125 0.1 0.0645833 0.0962963 0.783203
2 0.98125 0.152778 0.0375 0.0722222 0.789551
2 0.510938 0.625926 0.159375 0.266667 0.838867
2 0.560417 0.499537 0.1375 0.217593 0.85498
2 0.0507812 0.2875 0.101562 0.134259 0.859863
