2 0.592969 0.0509259 0.0421875 0.0703704 0.312744
7 0.446875 0.808333 0.208333 0.346296 0.317871
7 0.591667 0.049537 0.04375 0.0712963 0.385498
7 0.565625 0.0689815 0.0479167 0.075 0.427734
7 0.515625 0.619444 0.158333 0.264815 0.549316
2 0.446615 0.812037 0.208854 0.348148 0.558594
7 0.621354 0.0310185 0.046875 0.062037 0.57959
7 0.516146 0.0967593 0.0760417 0.106481 0.625488
2 0.515365 0.618981 0.158854 0.265741 0.675781
9 0.034375 0.025 0.0145833 0.0481481 0.695801
7 0.602344 0.399537 0.119271 0.184259 0.699707
9 0.703125 0.074537 0.0125 0.0601852 0.712402
9 0.726823 0.074537 0.0130208 0.0601852 0.755859
2 0.561979 0.484259 0.136458 0.194444 0.804199
2 0.975 0.151389 0.0479167 0.0731481 0.814941
2 0.0393229 0.280093 0.0786458 0.147222 0.876953
2 0.0838542 0.262037 0.136458 0.103704 0.885254
