7 0.583594 0.05 0.0421875 0.0833333 0.35791
2 0.565625 0.47963 0.129167 0.214815 0.376709
2 0.507292 0.105556 0.0625 0.0944444 0.393066
7 0.56224 0.0712963 0.0411458 0.0722222 0.422119
2 0.975 0.140741 0.05 0.1 0.430664
9 0.703125 0.0731481 0.0135417 0.0592593 0.54834
7 0.507292 0.104167 0.0625 0.0953704 0.575684
7 0.530208 0.0833333 0.05 0.0833333 0.577148
2 0.683333 0.174074 0.06875 0.112963 0.580566
7 0.683594 0.173611 0.0682292 0.113889 0.600098
7 0.565104 0.480556 0.128125 0.212963 0.606934
7 0.608333 0.037963 0.04375 0.0759259 0.62793
9 0.726562 0.0740741 0.0135417 0.0592593 0.701172
9 0.034375 0.025 0.0145833 0.0481481 0.717285
2 0.491146 0.687037 0.175 0.292593 0.754395
2 0.598437 0.398611 0.10625 0.176852 0.8125
2 0.0270833 0.298611 0.0541667 0.119444 0.853516
2 0.059375 0.260648 0.117708 0.10463 0.856445
2 0.352083 0.926389 0.247917 0.134259 0.900391
2 0.941667 0.170833 0.10625 0.0805556 0.900879
