2 0.535417 0.0828704 0.05 0.0824074 0.4375
7 0.569792 0.0666667 0.0520833 0.0722222 0.519043
7 0.596875 0.0472222 0.0427083 0.0740741 0.528809
9 0.0341146 0.024537 0.0140625 0.0472222 0.669922
9 0.703125 0.0736111 0.0135417 0.0601852 0.683105
2 0.597135 0.40787 0.115104 0.178704 0.707031
9 0.726562 0.074537 0.0135417 0.0601852 0.730469
2 0.51224 0.1 0.0651042 0.0962963 0.776367
2 0.983333 0.152315 0.0333333 0.0712963 0.779297
2 0.0744792 0.261111 0.128125 0.103704 0.779785
2 0.475781 0.731019 0.189063 0.306481 0.833496
2 0.0455729 0.283796 0.0911458 0.139815 0.883789
2 0.558333 0.500463 0.1375 0.217593 0.885254
2 0.08125 0.54213 0.159375 0.199074 0.924316
