2 0.514063 0.0981481 0.0583333 0.0981481 0.330322
7 0.540625 0.0796296 0.0458333 0.0796296 0.386719
7 0.571615 0.0611111 0.0609375 0.0833333 0.445068
2 0.642708 0.0143519 0.0458333 0.0287037 0.47168
7 0.515625 0.0967593 0.0604167 0.100926 0.510742
9 0.0341146 0.025 0.0161458 0.0481481 0.675781
9 0.703646 0.0740741 0.0135417 0.0592593 0.696289
9 0.726562 0.075463 0.0135417 0.0601852 0.708496
2 0.570052 0.470833 0.160938 0.280556 0.776855
2 0.982813 0.151852 0.034375 0.0722222 0.78125
2 0.0783854 0.262037 0.119271 0.101852 0.805664
2 0.435417 0.191204 0.06875 0.0935185 0.881836
2 0.0460938 0.28287 0.0921875 0.141667 0.887207
