2 0.592969 0.05 0.0442708 0.0703704 0.380127
7 0.566406 0.0694444 0.0473958 0.0759259 0.393066
7 0.592448 0.050463 0.0442708 0.0712963 0.492188
2 0.642708 0.0134259 0.0458333 0.0268519 0.51709
7 0.597656 0.403241 0.113021 0.180556 0.645508
9 0.0338542 0.025 0.0145833 0.0481481 0.666992
7 0.522396 0.0944444 0.0875 0.111111 0.668945
9 0.703125 0.0740741 0.0125 0.0592593 0.668945
9 0.726823 0.0740741 0.0130208 0.0592593 0.746094
2 0.0822917 0.262037 0.11875 0.1 0.781738
2 0.98125 0.153241 0.0375 0.0712963 0.794922
2 0.514844 0.619907 0.159896 0.265741 0.79541
2 0.342708 0.953241 0.24375 0.087963 0.825195
2 0.561979 0.499074 0.1375 0.22037 0.830566
2 0.0497396 0.286111 0.0994792 0.138889 0.87207
