0 0.322135 0.971759 0.0494792 0.0472222 0.321533
7 0.583854 0.0532407 0.040625 0.0731481 0.420166
7 0.563542 0.0703704 0.0395833 0.0703704 0.474854
7 0.445833 0.811574 0.20625 0.347222 0.492676
7 0.515885 0.618981 0.158854 0.265741 0.503418
7 0.506771 0.102778 0.065625 0.0981481 0.588379
7 0.533333 0.0824074 0.05 0.0833333 0.592773
2 0.446354 0.811111 0.207292 0.348148 0.608887
9 0.034375 0.025463 0.0145833 0.0472222 0.626465
7 0.608333 0.0375 0.04375 0.075 0.644531
9 0.703125 0.0736111 0.0135417 0.0601852 0.665039
9 0.726562 0.074537 0.0135417 0.0601852 0.736816
7 0.603125 0.393981 0.110417 0.182407 0.743652
2 0.515625 0.618981 0.158333 0.265741 0.748047
2 0.979688 0.144907 0.040625 0.0898148 0.793457
2 0.5625 0.47963 0.136458 0.183333 0.818359
2 0.0497396 0.282407 0.0994792 0.15 0.868164
2 0.351302 0.92963 0.249479 0.127778 0.88623
