7 0.535417 0.0814815 0.0479167 0.0777778 0.298584
7 0.596875 0.415741 0.113542 0.187037 0.325439
7 0.596094 0.0467593 0.0442708 0.0731481 0.379395
2 0.534375 0.0842593 0.046875 0.0814815 0.381836
2 0.596094 0.0467593 0.0442708 0.0731481 0.450928
7 0.565104 0.0699074 0.0489583 0.0787037 0.472168
2 0.597135 0.408333 0.115104 0.177778 0.552246
9 0.0341146 0.0240741 0.0161458 0.0481481 0.63916
9 0.703125 0.0736111 0.0135417 0.0601852 0.681152
9 0.726562 0.074537 0.0135417 0.0601852 0.732422
2 0.5125 0.1 0.0645833 0.0962963 0.772461
2 0.49401 0.676852 0.172396 0.290741 0.775879
2 0.0770833 0.262037 0.122917 0.101852 0.780762
2 0.982031 0.152778 0.0359375 0.0722222 0.788574
2 0.559896 0.496759 0.138542 0.212037 0.828613
2 0.0466146 0.283796 0.0932292 0.139815 0.860352
