2 0.64375 0.00972222 0.0354167 0.0194444 0.54248
7 0.584375 0.434722 0.120833 0.202778 0.549316
2 0.586458 0.433796 0.122917 0.199074 0.563965
2 0.992969 0.155093 0.0140625 0.062037 0.612793
9 0.034375 0.025463 0.0145833 0.0472222 0.646973
9 0.703125 0.0736111 0.0135417 0.0601852 0.663086
2 0.0255208 0.283796 0.0510417 0.137963 0.669434
7 0.530469 0.0907407 0.0994792 0.112963 0.71875
9 0.726562 0.074537 0.0135417 0.0601852 0.731934
2 0.327604 0.138426 0.103125 0.0731481 0.77832
2 0.0559896 0.260185 0.110937 0.105556 0.873047
