2 0.535677 0.0824074 0.0505208 0.0833333 0.255859
2 0.592969 0.0513889 0.0421875 0.0694444 0.273193
0 0.467708 0.272685 0.01875 0.0361111 0.281006
7 0.448177 0.808796 0.211979 0.34537 0.282959
7 0.592708 0.050463 0.04375 0.0712963 0.289551
7 0.533854 0.0828704 0.0489583 0.0824074 0.320801
9 0.727083 0.0731481 0.0125 0.0555556 0.343994
7 0.565625 0.0694444 0.0510417 0.0759259 0.359131
7 0.620313 0.0319444 0.0447917 0.0638889 0.426025
7 0.597917 0.402315 0.114583 0.178704 0.505859
2 0.510938 0.101389 0.0677083 0.0990741 0.633301
2 0.447656 0.8125 0.211979 0.349074 0.635254
2 0.0203125 0.275463 0.0395833 0.149074 0.69043
9 0.034375 0.025463 0.0145833 0.0472222 0.694824
2 0.561979 0.477778 0.136458 0.177778 0.767578
2 0.515365 0.619444 0.157813 0.264815 0.799316
2 0.978125 0.154167 0.04375 0.0712963 0.825195
2 0.451823 0.303241 0.204688 0.152778 0.890625
2 0.0744792 0.262963 0.144792 0.1 0.895508
2 0.698438 0.155093 0.142708 0.102778 0.90918
