7 0.565625 0.0699074 0.0479167 0.0768519 0.365723
2 0.627604 0.025463 0.046875 0.0509259 0.389893
7 0.590625 0.049537 0.046875 0.0768519 0.408203
7 0.514583 0.619907 0.158333 0.265741 0.555176
7 0.627865 0.025463 0.0463542 0.0509259 0.558105
7 0.421615 0.839815 0.220313 0.309259 0.558594
7 0.525521 0.0930556 0.0947917 0.110185 0.593262
7 0.597656 0.40463 0.113021 0.183333 0.60791
2 0.421354 0.840278 0.21875 0.310185 0.61377
9 0.703125 0.0740741 0.0135417 0.0592593 0.628906
2 0.514063 0.62037 0.159375 0.266667 0.661621
9 0.0341146 0.025 0.0151042 0.0481481 0.680664
9 0.726562 0.074537 0.0135417 0.0601852 0.708496
2 0.561719 0.480093 0.135937 0.182407 0.766113
2 0.0776042 0.260648 0.13125 0.100926 0.783203
2 0.980469 0.153241 0.0390625 0.0694444 0.805664
2 0.05 0.286574 0.1 0.137963 0.861816
