2 0.594531 0.412037 0.113021 0.177778 0.484863
7 0.561979 0.0615741 0.078125 0.0953704 0.491943
2 0.515625 0.0981481 0.0541667 0.0944444 0.494385
7 0.541667 0.0777778 0.0458333 0.0777778 0.556152
9 0.0341146 0.025463 0.0140625 0.0472222 0.571777
7 0.515625 0.0976852 0.0541667 0.0953704 0.592773
9 0.703125 0.0736111 0.0135417 0.0601852 0.684082
9 0.726562 0.074537 0.0135417 0.0601852 0.740723
2 0.986719 0.150926 0.0265625 0.0722222 0.744629
2 0.0682292 0.259722 0.123958 0.10463 0.771484
2 0.561458 0.500463 0.14375 0.219444 0.799805
2 0.0411458 0.283796 0.0822917 0.139815 0.820801
2 0.460417 0.166667 0.0625 0.0888889 0.876465
