2 0.535417 0.0828704 0.05 0.0842593 0.253418
7 0.448177 0.808796 0.211979 0.34537 0.300537
7 0.534375 0.0833333 0.0479167 0.0833333 0.309326
7 0.566667 0.0699074 0.05 0.0768519 0.335938
9 0.703125 0.0740741 0.0125 0.0592593 0.354248
7 0.620313 0.0319444 0.0447917 0.0638889 0.435059
0 0.532552 0.276389 0.0265625 0.037963 0.470947
7 0.598177 0.400926 0.117188 0.17963 0.530762
9 0.726823 0.0740741 0.0130208 0.0592593 0.57373
2 0.510938 0.101389 0.0677083 0.0990741 0.599609
2 0.447656 0.8125 0.211979 0.349074 0.604492
9 0.034375 0.025 0.0145833 0.0481481 0.671875
2 0.0242187 0.280093 0.0484375 0.150926 0.672363
2 0.509375 0.302778 0.203125 0.148148 0.76123
2 0.515365 0.618981 0.157813 0.265741 0.774902
2 0.561979 0.475 0.136458 0.172222 0.798828
2 0.978125 0.154167 0.04375 0.0712963 0.824707
2 0.0755208 0.262963 0.141667 0.1 0.883789
2 0.655208 0.155093 0.140625 0.100926 0.90332
