0 0.990625 0.253704 0.0166667 0.0351852 0.303223
2 0.0395833 0.256481 0.0760417 0.1 0.615234
9 0.0335938 0.025 0.0140625 0.0481481 0.619629
2 0.01875 0.274537 0.0375 0.132407 0.64502
2 0.341667 0.961574 0.236458 0.0694444 0.645996
9 0.703125 0.0740741 0.0125 0.0592593 0.701172
9 0.726823 0.074537 0.0130208 0.0601852 0.758789
7 0.522656 0.0925926 0.0786458 0.107407 0.76709
2 0.972656 0.149537 0.0546875 0.0805556 0.827637
2 0.953125 0.288426 0.09375 0.126852 0.883301
2 0.408333 0.146759 0.1375 0.0990741 0.913086
