7 0.611719 0.0342593 0.0505208 0.0685185 0.472656
2 0.611719 0.0347222 0.0505208 0.0694444 0.561035
9 0.0341146 0.025463 0.0140625 0.0472222 0.622559
2 0.0223958 0.275 0.0447917 0.12037 0.676758
9 0.703125 0.0736111 0.0135417 0.0601852 0.690918
9 0.726562 0.074537 0.0135417 0.0601852 0.731934
7 0.523177 0.0930556 0.0796875 0.108333 0.780762
2 0.484635 0.704167 0.182812 0.297222 0.781738
2 0.0476562 0.260648 0.0942708 0.10463 0.804688
2 0.0583333 0.138889 0.116667 0.0925926 0.870605
2 0.96875 0.151389 0.0604167 0.0768519 0.883301
