2 0.528646 0.0861111 0.0510417 0.0833333 0.281738
7 0.561719 0.0712963 0.0411458 0.0722222 0.32251
7 0.583594 0.0509259 0.0411458 0.0814815 0.387939
7 0.507552 0.105556 0.0630208 0.0944444 0.406982
2 0.563281 0.0703704 0.0390625 0.0703704 0.448486
7 0.529167 0.0833333 0.0520833 0.0833333 0.479004
2 0.0635417 0.652778 0.126042 0.338889 0.490234
2 0.988281 0.163426 0.0234375 0.0824074 0.560059
9 0.703646 0.0731481 0.0135417 0.0592593 0.56543
7 0.608333 0.0375 0.04375 0.075 0.576172
9 0.726562 0.075 0.0135417 0.0611111 0.620117
2 0.507031 0.105556 0.0630208 0.0944444 0.632324
9 0.0338542 0.025 0.015625 0.0481481 0.697266
2 0.554688 0.506481 0.138542 0.231481 0.70752
2 0.665365 0.225 0.0796875 0.12963 0.739258
2 0.967969 0.141204 0.0640625 0.0990741 0.817383
2 0.457292 0.781944 0.202083 0.332407 0.825684
2 0.0588542 0.260185 0.117708 0.103704 0.846191
2 0.0270833 0.299074 0.0541667 0.112963 0.859375
2 0.597396 0.402778 0.109375 0.183333 0.86377
2 0.352344 0.930093 0.250521 0.130556 0.904785
