7 0.557031 0.0722222 0.0463542 0.0722222 0.295166
2 0.500781 0.111111 0.0734375 0.0703704 0.364746
7 0.501562 0.111111 0.071875 0.0722222 0.475342
2 0.586458 0.434259 0.122917 0.198148 0.55127
7 0.535937 0.0810185 0.075 0.0842593 0.554688
7 0.584635 0.434722 0.121354 0.202778 0.583984
2 0.995833 0.160185 0.00833333 0.0444444 0.587891
2 0.0247396 0.283333 0.0494792 0.148148 0.639648
9 0.0341146 0.024537 0.0151042 0.0472222 0.685059
9 0.703125 0.0736111 0.0125 0.0601852 0.709473
9 0.726562 0.074537 0.0135417 0.0601852 0.759277
2 0.0554687 0.260185 0.109896 0.105556 0.843262
2 0.446615 0.140741 0.104687 0.0740741 0.91748
