7 0.571875 0.0625 0.0604167 0.0842593 0.470703
7 0.586458 0.426389 0.11875 0.19537 0.520996
7 0.525 0.0925926 0.0895833 0.112963 0.662109
2 0.589323 0.429167 0.119271 0.200926 0.674805
9 0.034375 0.024537 0.0177083 0.0472222 0.679199
2 0.986979 0.15 0.0260417 0.0740741 0.730957
9 0.703125 0.0740741 0.0135417 0.0592593 0.742188
9 0.726562 0.075463 0.0135417 0.0601852 0.754883
2 0.0664062 0.261574 0.126563 0.10463 0.80127
2 0.0395833 0.285185 0.0791667 0.137037 0.806641
2 0.473698 0.735185 0.190104 0.311111 0.918945
