0 0.322135 0.971759 0.0494792 0.0472222 0.315674
7 0.583854 0.0527778 0.040625 0.0740741 0.424805
7 0.507292 0.10463 0.065625 0.0962963 0.478516
7 0.563542 0.0699074 0.0395833 0.0712963 0.478516
7 0.446094 0.811574 0.205729 0.347222 0.493164
7 0.515625 0.618981 0.158333 0.265741 0.538574
9 0.703646 0.0736111 0.0135417 0.0583333 0.602051
7 0.533073 0.0828704 0.0505208 0.0824074 0.607422
2 0.446354 0.811111 0.207292 0.348148 0.610352
2 0.506771 0.10463 0.065625 0.0944444 0.620605
7 0.608333 0.0375 0.04375 0.075 0.642578
9 0.726562 0.075 0.0135417 0.0592593 0.648926
9 0.0346354 0.025463 0.0140625 0.0472222 0.693359
2 0.515625 0.618519 0.158333 0.264815 0.722168
7 0.602865 0.393981 0.109896 0.182407 0.799316
2 0.5625 0.478241 0.136458 0.178704 0.82666
2 0.973437 0.141667 0.053125 0.0981481 0.827148
2 0.0716146 0.290741 0.143229 0.155556 0.880371
2 0.350781 0.92963 0.249479 0.127778 0.887207
