7 0.583854 0.0541667 0.0427083 0.075 0.305908
7 0.446354 0.808333 0.205208 0.346296 0.345947
0 0.323438 0.971759 0.0489583 0.0472222 0.381592
7 0.609375 0.0375 0.04375 0.075 0.449951
7 0.515625 0.619444 0.158333 0.264815 0.474365
2 0.602344 0.39537 0.115104 0.17963 0.496826
7 0.602344 0.39537 0.115104 0.17963 0.603516
2 0.446615 0.811111 0.206771 0.348148 0.619141
9 0.703125 0.0740741 0.0125 0.0592593 0.62793
7 0.532292 0.0925926 0.108333 0.111111 0.658203
9 0.0341146 0.025 0.0151042 0.0481481 0.677246
9 0.726823 0.074537 0.0130208 0.0601852 0.708008
2 0.989062 0.143056 0.021875 0.0861111 0.746582
2 0.515625 0.618981 0.158333 0.265741 0.760254
2 0.0471354 0.280556 0.0942708 0.151852 0.794922
2 0.5625 0.484259 0.1375 0.190741 0.827148
2 0.351302 0.92963 0.249479 0.127778 0.882812
2 0.851562 0.294907 0.173958 0.110185 0.927734
2 0.563281 0.142593 0.103646 0.0777778 0.929199
