7 0.540104 0.0796296 0.046875 0.0796296 0.484863
7 0.570052 0.062963 0.0630208 0.0814815 0.495605
7 0.515365 0.0976852 0.0598958 0.0990741 0.542969
2 0.640625 0.0148148 0.0447917 0.0296296 0.648438
9 0.034375 0.025 0.015625 0.0481481 0.666016
9 0.703646 0.0740741 0.0135417 0.0592593 0.703125
9 0.726562 0.075463 0.0135417 0.0601852 0.714844
2 0.982813 0.153241 0.034375 0.0712963 0.77832
2 0.570312 0.467593 0.161458 0.287037 0.79248
2 0.0778646 0.2625 0.120312 0.100926 0.8125
2 0.433594 0.192593 0.0671875 0.0925926 0.865723
2 0.0460938 0.283796 0.0921875 0.139815 0.876953
