7 0.563021 0.0722222 0.034375 0.0722222 0.302246
7 0.507812 0.112963 0.0552083 0.0759259 0.325439
2 0.599219 0.0425926 0.0484375 0.0759259 0.494629
7 0.59974 0.0430556 0.0484375 0.0768519 0.543945
9 0.0338542 0.025 0.0145833 0.0481481 0.556641
7 0.523438 0.0939815 0.084375 0.108333 0.591797
2 0.989844 0.149537 0.0203125 0.0731481 0.661133
9 0.703125 0.0736111 0.0135417 0.0601852 0.675293
9 0.726823 0.074537 0.0130208 0.0601852 0.720703
7 0.586979 0.427315 0.119792 0.19537 0.723633
2 0.0320312 0.287963 0.0640625 0.127778 0.728516
2 0.0606771 0.260185 0.119271 0.103704 0.772461
