2 0.59349 0.0513889 0.0411458 0.0694444 0.270264
7 0.447917 0.808796 0.2125 0.34537 0.27417
0 0.949219 0.29213 0.0265625 0.0416667 0.343994
7 0.592969 0.050463 0.0411458 0.0712963 0.360352
7 0.510677 0.1 0.0671875 0.1 0.413818
7 0.534375 0.0824074 0.0479167 0.0814815 0.417236
7 0.566146 0.0703704 0.046875 0.0759259 0.423096
7 0.515625 0.62037 0.158333 0.266667 0.54834
7 0.620573 0.0310185 0.0453125 0.062037 0.581055
7 0.907031 0.323611 0.185937 0.160185 0.606934
2 0.447917 0.812963 0.2125 0.35 0.611328
7 0.598437 0.402778 0.113542 0.17963 0.612793
2 0.510938 0.100926 0.06875 0.1 0.625488
2 0.515365 0.618981 0.158854 0.265741 0.689941
9 0.703125 0.0736111 0.0135417 0.0601852 0.692871
2 0.907031 0.323148 0.182812 0.159259 0.695312
9 0.726562 0.075463 0.0135417 0.0601852 0.699707
9 0.034375 0.025463 0.0145833 0.0490741 0.717773
2 0.561979 0.478241 0.136458 0.178704 0.745605
2 0.975781 0.152778 0.0484375 0.0722222 0.812012
2 0.0395833 0.281019 0.0791667 0.14537 0.85791
2 0.084375 0.261574 0.1375 0.10463 0.882324
2 0.371875 0.146296 0.139583 0.1 0.891602
