0 0.322917 0.971296 0.0479167 0.0462963 0.286621
7 0.584375 0.0532407 0.040625 0.0731481 0.427979
7 0.563542 0.0708333 0.0395833 0.0712963 0.46582
7 0.445573 0.811574 0.205729 0.347222 0.498779
7 0.515625 0.619444 0.158333 0.264815 0.500977
7 0.533333 0.0828704 0.05 0.0824074 0.568359
7 0.506771 0.102778 0.065625 0.0981481 0.588867
2 0.445833 0.811111 0.20625 0.348148 0.614746
7 0.608333 0.0375 0.04375 0.075 0.639648
9 0.034375 0.025463 0.0145833 0.0472222 0.697754
9 0.703646 0.0736111 0.0125 0.0601852 0.711914
9 0.726562 0.075463 0.0135417 0.0601852 0.72998
2 0.515625 0.618981 0.158333 0.265741 0.744141
7 0.603125 0.393981 0.110417 0.182407 0.756836
2 0.973437 0.141204 0.053125 0.0990741 0.824707
2 0.5625 0.476389 0.136458 0.175 0.834473
2 0.0565104 0.284259 0.113021 0.15 0.875
2 0.350781 0.92963 0.248437 0.127778 0.887695
