7 0.595052 0.426389 0.114063 0.210185 0.315918
2 0.514583 0.1 0.05625 0.0962963 0.424805
7 0.514583 0.099537 0.05625 0.0972222 0.506836
7 0.559115 0.0703704 0.0838542 0.0925926 0.527832
9 0.703125 0.0736111 0.0135417 0.0601852 0.639648
9 0.726562 0.074537 0.0135417 0.0601852 0.712891
9 0.034375 0.025 0.0145833 0.0481481 0.720703
2 0.564844 0.496759 0.150521 0.226852 0.743164
2 0.984375 0.154167 0.03125 0.0694444 0.75293
2 0.0739583 0.262963 0.120833 0.1 0.772461
2 0.0427083 0.28287 0.0854167 0.143519 0.847656
2 0.444792 0.182407 0.0666667 0.0925926 0.885742
