7 0.594271 0.415741 0.113542 0.183333 0.496582
2 0.594531 0.414815 0.113021 0.185185 0.51123
7 0.572135 0.0615741 0.0588542 0.0842593 0.568848
2 0.0403646 0.285648 0.0807292 0.141667 0.637207
7 0.530469 0.0861111 0.0661458 0.0944444 0.652344
9 0.0338542 0.024537 0.0145833 0.0490741 0.693848
2 0.986979 0.15 0.0260417 0.0740741 0.727051
9 0.703125 0.074537 0.0125 0.0601852 0.75293
2 0.0661458 0.261111 0.126042 0.103704 0.768555
9 0.726562 0.074537 0.0135417 0.0601852 0.770996
2 0.488281 0.1375 0.0578125 0.0787037 0.881836
2 0.557031 0.504167 0.130729 0.223148 0.898438
