2 0.592969 0.0509259 0.0421875 0.0703704 0.32959
2 0.509896 0.102778 0.0635417 0.0962963 0.377686
7 0.591667 0.05 0.04375 0.0703704 0.410889
2 0.0929687 0.208333 0.133854 0.194444 0.413574
7 0.567187 0.0699074 0.046875 0.0768519 0.485352
7 0.534375 0.0828704 0.0479167 0.0824074 0.510742
7 0.515625 0.619444 0.158333 0.266667 0.552246
7 0.510156 0.101852 0.0640625 0.0981481 0.578613
7 0.621354 0.0314815 0.046875 0.062963 0.580078
9 0.703125 0.0736111 0.0135417 0.0601852 0.634277
9 0.034375 0.025 0.0145833 0.0481481 0.662109
2 0.446875 0.812037 0.210417 0.35 0.664551
2 0.515365 0.618981 0.157813 0.265741 0.678223
9 0.726562 0.075 0.0135417 0.0592593 0.716309
7 0.602083 0.4 0.11875 0.185185 0.742188
2 0.561979 0.483333 0.136458 0.190741 0.79834
2 0.975 0.151389 0.0479167 0.0731481 0.818848
2 0.0833333 0.261574 0.136458 0.10463 0.875488
2 0.0385417 0.280093 0.0770833 0.147222 0.87793
2 0.0966146 0.140278 0.136979 0.0916667 0.881836
