2 0.621094 0.34213 0.100521 0.171296 0.325195
0 0.322656 0.972222 0.0494792 0.0462963 0.325928
7 0.584115 0.0532407 0.0401042 0.075 0.358643
7 0.561979 0.0712963 0.0427083 0.0722222 0.362305
7 0.530729 0.0837963 0.05 0.0842593 0.37085
2 0.563281 0.0703704 0.0401042 0.0703704 0.43042
7 0.510417 0.099537 0.071875 0.10463 0.55957
7 0.608333 0.0375 0.04375 0.075 0.574707
7 0.445312 0.811111 0.205208 0.348148 0.611816
9 0.034375 0.025463 0.0145833 0.0472222 0.706543
7 0.620052 0.341667 0.100521 0.166667 0.710449
9 0.703125 0.074537 0.0125 0.0601852 0.725098
9 0.726823 0.074537 0.0130208 0.0601852 0.759766
2 0.516667 0.618056 0.159375 0.262037 0.786133
2 0.973437 0.141204 0.053125 0.0990741 0.814941
2 0.197656 0.346759 0.142188 0.187963 0.863281
2 0.351302 0.92963 0.248437 0.127778 0.888184
2 0.0565104 0.259722 0.111979 0.102778 0.88916
2 0.578125 0.450463 0.123958 0.197222 0.90918
