7 0.571615 0.0625 0.0609375 0.0842593 0.479004
2 0.589323 0.429167 0.119271 0.202778 0.545898
7 0.52526 0.0921296 0.0890625 0.112037 0.611816
7 0.586719 0.426389 0.119271 0.19537 0.638184
9 0.0338542 0.025 0.0145833 0.0481481 0.685547
2 0.986979 0.150926 0.0260417 0.0722222 0.731445
9 0.703125 0.0736111 0.0135417 0.0601852 0.753906
9 0.726562 0.075463 0.0135417 0.0601852 0.756348
2 0.0398437 0.284259 0.0796875 0.138889 0.805176
2 0.0664062 0.261111 0.127604 0.103704 0.806152
2 0.460156 0.775 0.199479 0.325926 0.924316
