0 0.322135 0.971759 0.0494792 0.0472222 0.320557
7 0.583854 0.0532407 0.040625 0.0731481 0.406738
7 0.563542 0.0703704 0.0395833 0.0703704 0.46875
7 0.445833 0.811574 0.20625 0.347222 0.498291
7 0.515885 0.618981 0.158854 0.265741 0.500977
7 0.533594 0.0828704 0.0505208 0.0842593 0.580566
7 0.506771 0.102778 0.065625 0.0981481 0.584473
2 0.446354 0.811111 0.207292 0.348148 0.606934
9 0.703125 0.0740741 0.0125 0.0592593 0.613281
7 0.608333 0.0375 0.04375 0.075 0.650879
9 0.0338542 0.024537 0.0145833 0.0490741 0.66748
9 0.726562 0.0740741 0.0135417 0.0592593 0.723145
2 0.515625 0.618519 0.158333 0.264815 0.742676
7 0.603125 0.393981 0.110417 0.182407 0.750488
2 0.979688 0.144907 0.040625 0.0898148 0.796387
2 0.5625 0.476389 0.136458 0.176852 0.828125
2 0.0497396 0.282407 0.0994792 0.15 0.870117
2 0.351302 0.92963 0.249479 0.127778 0.887207
