2 0.596354 0.0467593 0.04375 0.0731481 0.376221
2 0.533854 0.0847222 0.046875 0.0824074 0.393311
7 0.596354 0.0462963 0.04375 0.0722222 0.477783
7 0.565104 0.0694444 0.05 0.0796296 0.493896
2 0.0200521 0.6875 0.0401042 0.276852 0.635254
2 0.597135 0.407407 0.115104 0.177778 0.650879
9 0.703125 0.0736111 0.0135417 0.0601852 0.6875
9 0.0341146 0.025463 0.0151042 0.0472222 0.70459
9 0.726562 0.074537 0.0135417 0.0601852 0.737793
2 0.0776042 0.261574 0.121875 0.100926 0.751953
2 0.5125 0.1 0.0645833 0.0962963 0.777832
2 0.489844 0.689352 0.177604 0.29537 0.779297
2 0.982813 0.152315 0.034375 0.0712963 0.787598
2 0.559375 0.498611 0.1375 0.215741 0.854492
2 0.0471354 0.283333 0.0942708 0.140741 0.866699
