2 0.623438 0.0287037 0.0458333 0.0574074 0.397461
7 0.623438 0.0287037 0.0458333 0.0574074 0.400146
7 0.591406 0.05 0.0453125 0.0722222 0.433838
7 0.566406 0.0694444 0.0484375 0.0759259 0.436523
7 0.440625 0.822685 0.2125 0.341667 0.503418
2 0.514844 0.618981 0.158854 0.265741 0.558105
7 0.597656 0.405093 0.113021 0.184259 0.608887
2 0.440625 0.822222 0.2125 0.342593 0.609863
9 0.703125 0.0740741 0.0135417 0.0592593 0.650879
7 0.520312 0.0949074 0.0833333 0.108333 0.664062
7 0.515365 0.618981 0.157813 0.265741 0.665527
9 0.034375 0.025 0.0145833 0.0481481 0.67041
9 0.726562 0.074537 0.0135417 0.0601852 0.712402
2 0.561198 0.483796 0.135937 0.189815 0.742676
2 0.0882813 0.260185 0.117188 0.0944444 0.788574
2 0.978125 0.153241 0.0416667 0.0694444 0.824219
2 0.0520833 0.28287 0.104167 0.141667 0.85498
