7 0.597656 0.406481 0.104687 0.192593 0.314453
7 0.584115 0.0527778 0.0411458 0.0777778 0.389648
7 0.5625 0.0712963 0.0416667 0.0722222 0.413818
7 0.507031 0.105093 0.0619792 0.0953704 0.478027
7 0.525521 0.591667 0.157292 0.264815 0.573242
7 0.529688 0.0833333 0.0510417 0.0833333 0.577148
2 0.507031 0.105556 0.0609375 0.0944444 0.584961
9 0.726823 0.0773148 0.0130208 0.0657407 0.607422
7 0.608333 0.0375 0.04375 0.075 0.640625
7 0.697135 0.132407 0.0588542 0.0962963 0.678223
9 0.0341146 0.024537 0.0140625 0.0472222 0.70166
7 0.567187 0.47963 0.128125 0.212963 0.715332
2 0.598437 0.396296 0.107292 0.17037 0.808105
2 0.0270833 0.298611 0.0541667 0.117593 0.851562
2 0.967708 0.14213 0.0625 0.0990741 0.863281
2 0.376563 0.888889 0.246875 0.209259 0.871582
2 0.0598958 0.260648 0.119792 0.10463 0.885742
2 0.851562 0.17037 0.113542 0.0796296 0.915527
