7 0.591667 0.05 0.04375 0.0703704 0.377686
2 0.592448 0.0513889 0.0421875 0.0694444 0.41748
7 0.565885 0.0703704 0.0473958 0.0759259 0.429443
2 0.509896 0.102778 0.0635417 0.0962963 0.461914
7 0.533594 0.0828704 0.0473958 0.0824074 0.501953
7 0.515625 0.619444 0.158333 0.266667 0.505371
7 0.509896 0.102315 0.0635417 0.0953704 0.532227
7 0.620833 0.0310185 0.0458333 0.062037 0.59375
9 0.703125 0.0736111 0.0125 0.0601852 0.638672
7 0.602344 0.399074 0.119271 0.181481 0.67041
9 0.0341146 0.025463 0.0140625 0.0472222 0.685547
2 0.446875 0.8125 0.210417 0.349074 0.701172
2 0.515365 0.618981 0.157813 0.265741 0.702637
9 0.726562 0.074537 0.0135417 0.0601852 0.716309
2 0.0395833 0.136111 0.0791667 0.0925926 0.785156
2 0.975 0.151852 0.0479167 0.0722222 0.816406
2 0.561979 0.476852 0.136458 0.177778 0.82373
2 0.0388021 0.280093 0.0776042 0.147222 0.882324
2 0.0828125 0.262037 0.139583 0.105556 0.887695
