2 0.592708 0.421296 0.116667 0.198148 0.557617
7 0.572135 0.0611111 0.0588542 0.0851852 0.580566
2 0.0403646 0.285648 0.0807292 0.141667 0.654785
9 0.0341146 0.025 0.0140625 0.0481481 0.666016
7 0.532552 0.0796296 0.0640625 0.0833333 0.692383
9 0.703125 0.0736111 0.0125 0.0601852 0.703125
7 0.591667 0.418981 0.114583 0.189815 0.72168
2 0.986979 0.150463 0.0260417 0.0731481 0.731445
9 0.726823 0.074537 0.0130208 0.0601852 0.737793
2 0.0664062 0.260648 0.125521 0.102778 0.776367
2 0.498437 0.126389 0.0552083 0.0768519 0.785156
2 0.541146 0.543981 0.140625 0.239815 0.919922
