7 0.511458 0.107407 0.059375 0.0796296 0.323242
7 0.6375 0.0171296 0.0458333 0.0342593 0.348877
2 0.63776 0.0166667 0.0453125 0.0333333 0.528809
2 0.586458 0.434259 0.122917 0.198148 0.541504
7 0.584375 0.435185 0.120833 0.201852 0.570312
7 0.529688 0.0912037 0.0979167 0.110185 0.643555
2 0.989844 0.151852 0.0203125 0.0703704 0.664551
9 0.034375 0.025463 0.0145833 0.0472222 0.664551
9 0.703125 0.0736111 0.0135417 0.0601852 0.681152
2 0.0315104 0.284259 0.0630208 0.133333 0.739746
9 0.726562 0.0740741 0.0135417 0.0592593 0.746094
2 0.0601562 0.259722 0.119271 0.10463 0.82959
2 0.251563 0.136111 0.102083 0.0703704 0.889648
