2 0.533594 0.0833333 0.0484375 0.0851852 0.285156
2 0.592969 0.0518519 0.0421875 0.0703704 0.300293
7 0.592708 0.050463 0.04375 0.0712963 0.311523
9 0.703125 0.0740741 0.0135417 0.0592593 0.355469
7 0.533854 0.0824074 0.0489583 0.0814815 0.356445
7 0.565625 0.0694444 0.05 0.0759259 0.373535
2 0.597656 0.402778 0.113021 0.181481 0.399902
7 0.620313 0.0319444 0.0447917 0.0638889 0.478271
7 0.598698 0.401852 0.113021 0.177778 0.508301
9 0.726823 0.0736111 0.0130208 0.0583333 0.526367
2 0.447656 0.8125 0.211979 0.349074 0.638672
2 0.0140625 0.287963 0.028125 0.148148 0.668457
9 0.0346354 0.024537 0.0161458 0.0472222 0.680664
2 0.510677 0.101852 0.0671875 0.0981481 0.685547
2 0.561979 0.483796 0.1375 0.191667 0.785645
2 0.515365 0.619444 0.157813 0.264815 0.820312
2 0.978125 0.15463 0.04375 0.0703704 0.824707
2 0.0739583 0.263426 0.145833 0.0990741 0.899414
2 0.414583 0.301852 0.20625 0.151852 0.907227
2 0.727083 0.156019 0.141667 0.102778 0.915039
