2 0.607813 0.037963 0.0427083 0.0759259 0.314941
7 0.572656 0.0606481 0.0588542 0.0731481 0.404297
7 0.608073 0.037037 0.0453125 0.0740741 0.45166
2 0.536458 0.0824074 0.053125 0.0814815 0.466553
7 0.417188 0.846759 0.226042 0.291667 0.512207
2 0.573958 0.0597222 0.05625 0.0731481 0.523438
9 0.034375 0.025 0.0145833 0.0481481 0.628906
2 0.0765625 0.262037 0.122917 0.101852 0.733887
2 0.597135 0.40787 0.115104 0.178704 0.756836
2 0.5125 0.100463 0.0645833 0.0953704 0.764648
9 0.703125 0.074537 0.0125 0.0601852 0.765625
9 0.726823 0.074537 0.0130208 0.0601852 0.777344
2 0.983333 0.151852 0.0333333 0.0703704 0.780762
2 0.417188 0.846296 0.228125 0.292593 0.78125
2 0.0458333 0.283796 0.0916667 0.139815 0.878906
2 0.559375 0.500926 0.1375 0.216667 0.898438
2 0.267448 0.361574 0.108854 0.139815 0.919434
