7 0.592448 0.050463 0.0432292 0.0712963 0.338867
2 0.592969 0.0513889 0.0432292 0.0694444 0.386475
7 0.565885 0.0699074 0.0473958 0.075 0.403564
7 0.510417 0.100926 0.0666667 0.0981481 0.408447
7 0.534115 0.0828704 0.0484375 0.0824074 0.441406
7 0.620313 0.0314815 0.0447917 0.062963 0.530762
7 0.598437 0.402315 0.113542 0.178704 0.552734
2 0.447917 0.812037 0.2125 0.35 0.645996
9 0.0338542 0.025 0.0145833 0.0481481 0.661133
2 0.509896 0.101389 0.065625 0.0972222 0.669434
9 0.703125 0.074537 0.0125 0.0601852 0.674805
9 0.726823 0.074537 0.0130208 0.0601852 0.70459
2 0.561979 0.487963 0.1375 0.198148 0.769043
2 0.515625 0.619444 0.158333 0.264815 0.812012
2 0.978125 0.153704 0.0416667 0.0722222 0.826172
2 0.31276 0.296296 0.204688 0.151852 0.866211
2 0.805469 0.159259 0.142188 0.1 0.907227
2 0.0731771 0.262963 0.146354 0.101852 0.915039
