2 0.509375 0.1125 0.0552083 0.0694444 0.285156
7 0.510156 0.111111 0.0567708 0.0722222 0.360107
2 0.586458 0.434722 0.122917 0.199074 0.543945
9 0.0338542 0.025 0.0145833 0.0481481 0.554199
2 0.994531 0.159722 0.0109375 0.0490741 0.571777
7 0.584375 0.434722 0.120833 0.202778 0.592285
2 0.0247396 0.284259 0.0494792 0.144444 0.594238
7 0.53125 0.0888889 0.0979167 0.107407 0.619141
9 0.703125 0.0736111 0.0135417 0.0601852 0.708008
9 0.726562 0.074537 0.0135417 0.0601852 0.750488
2 0.0557292 0.260185 0.111458 0.105556 0.852539
2 0.374479 0.139352 0.103125 0.0731481 0.899414
