7 0.583854 0.0509259 0.040625 0.0796296 0.332275
7 0.563802 0.0703704 0.0390625 0.0722222 0.429688
7 0.508594 0.101389 0.0651042 0.0953704 0.459961
7 0.534375 0.0819444 0.0489583 0.0805556 0.500488
7 0.445573 0.812037 0.205729 0.348148 0.505859
7 0.515625 0.618981 0.158333 0.265741 0.509277
7 0.608333 0.0375 0.04375 0.075 0.512207
2 0.508594 0.102315 0.0640625 0.0953704 0.5625
2 0.445833 0.811111 0.20625 0.348148 0.601074
9 0.0338542 0.024537 0.015625 0.0490741 0.685547
9 0.703646 0.0740741 0.0135417 0.0592593 0.698242
7 0.601562 0.394444 0.111458 0.181481 0.709961
9 0.726562 0.075463 0.0135417 0.0601852 0.71875
2 0.515625 0.618519 0.158333 0.264815 0.752441
2 0.979688 0.145833 0.040625 0.087963 0.780762
2 0.561979 0.476389 0.136458 0.175 0.835938
2 0.0494792 0.282407 0.0989583 0.15 0.861816
2 0.347135 0.137963 0.103646 0.0759259 0.882812
2 0.351302 0.930556 0.249479 0.12963 0.888184
