2 0.570312 0.0643518 0.04375 0.0712963 0.269775
7 0.532812 0.0837963 0.0510417 0.0842593 0.343018
7 0.591667 0.050463 0.04375 0.0712963 0.374512
2 0.592448 0.0509259 0.0432292 0.0703704 0.402344
7 0.568229 0.0662037 0.04375 0.0712963 0.450928
7 0.514844 0.617593 0.158854 0.262963 0.543457
7 0.516146 0.0962963 0.0739583 0.103704 0.576172
7 0.621354 0.0310185 0.046875 0.062037 0.580566
9 0.703125 0.0740741 0.0135417 0.0592593 0.628906
9 0.0338542 0.025 0.0145833 0.05 0.648926
7 0.602344 0.398611 0.119271 0.180556 0.680664
2 0.515365 0.618519 0.158854 0.264815 0.700684
9 0.726562 0.075 0.0135417 0.0592593 0.704102
2 0.445573 0.811574 0.206771 0.349074 0.802246
2 0.347917 0.942593 0.24375 0.107407 0.822754
2 0.975 0.151389 0.05 0.075 0.825684
2 0.5625 0.474074 0.136458 0.17037 0.842773
2 0.0401042 0.27963 0.0802083 0.148148 0.859863
2 0.0880208 0.262963 0.130208 0.101852 0.868164
