7 0.507552 0.113889 0.0557292 0.0740741 0.458252
2 0.507292 0.114352 0.0541667 0.0731481 0.551758
7 0.53125 0.0824074 0.0666667 0.0851852 0.606934
2 0.594531 0.0486111 0.0453125 0.075 0.665527
2 0.989844 0.15 0.0203125 0.0722222 0.672363
9 0.703125 0.0736111 0.0125 0.0601852 0.678223
9 0.0341146 0.025 0.0151042 0.0481481 0.709473
2 0.0320312 0.288889 0.0640625 0.127778 0.735352
9 0.726562 0.074537 0.0135417 0.0601852 0.740234
7 0.58776 0.427315 0.117188 0.197222 0.758789
2 0.0606771 0.259722 0.119271 0.10463 0.777832
