7 0.583594 0.050463 0.0411458 0.0787037 0.314209
7 0.534896 0.0828704 0.0489583 0.0824074 0.447021
7 0.563802 0.0699074 0.0390625 0.0712963 0.468262
7 0.446094 0.811574 0.205729 0.347222 0.501465
7 0.509375 0.100463 0.065625 0.100926 0.574707
7 0.608594 0.0375 0.0432292 0.075 0.59375
2 0.445833 0.811111 0.20625 0.348148 0.608887
9 0.703646 0.0736111 0.0135417 0.0583333 0.616211
9 0.726562 0.075463 0.0135417 0.0601852 0.654297
9 0.0341146 0.024537 0.0151042 0.0490741 0.684082
7 0.601562 0.393981 0.111458 0.180556 0.718262
2 0.33099 0.1375 0.102604 0.075 0.778809
2 0.979688 0.145833 0.040625 0.087963 0.781738
2 0.515365 0.618981 0.157813 0.265741 0.785645
2 0.561979 0.477778 0.1375 0.177778 0.834473
2 0.0497396 0.282407 0.0994792 0.15 0.870605
2 0.351302 0.930556 0.249479 0.12963 0.888672
