7 0.516667 0.0976852 0.0625 0.100926 0.349365
2 0.595312 0.4125 0.114583 0.180556 0.414551
2 0.638802 0.0166667 0.0453125 0.0333333 0.479492
7 0.547917 0.0740741 0.108333 0.103704 0.522461
9 0.0341146 0.025 0.0151042 0.0481481 0.651367
9 0.703646 0.0740741 0.0135417 0.0592593 0.692383
9 0.726562 0.075463 0.0135417 0.0601852 0.712891
2 0.564062 0.498148 0.15 0.224074 0.754395
2 0.982813 0.153241 0.034375 0.0694444 0.785645
2 0.0755208 0.262037 0.127083 0.103704 0.79834
2 0.0460938 0.285185 0.0921875 0.138889 0.872559
2 0.428385 0.198611 0.0692708 0.0935185 0.899902
