7 0.583594 0.0518519 0.0411458 0.0796296 0.373291
2 0.563802 0.0708333 0.0380208 0.0712963 0.378906
7 0.561719 0.0712963 0.0411458 0.0722222 0.38623
9 0.703125 0.0740741 0.0125 0.0592593 0.401855
7 0.507031 0.105556 0.0609375 0.0944444 0.483643
2 0.564844 0.482407 0.127604 0.214815 0.544922
2 0.507031 0.106019 0.0609375 0.0935185 0.570312
7 0.564062 0.48287 0.130208 0.217593 0.570312
7 0.529948 0.0833333 0.0505208 0.0833333 0.585449
7 0.608333 0.0375 0.04375 0.075 0.613281
9 0.726562 0.0740741 0.0135417 0.0592593 0.675293
9 0.034375 0.025 0.0145833 0.0481481 0.718262
2 0.509896 0.634259 0.163542 0.272222 0.774902
2 0.598958 0.394907 0.10625 0.169444 0.808594
2 0.690625 0.153241 0.0635417 0.10463 0.848145
2 0.96875 0.141667 0.0625 0.0981481 0.852539
2 0.0270833 0.298611 0.0541667 0.117593 0.854004
2 0.059375 0.260648 0.11875 0.10463 0.881348
2 0.359896 0.912963 0.248958 0.166667 0.886719
2 0.878125 0.171296 0.114583 0.0796296 0.919922
