7 0.566667 0.0694444 0.0479167 0.0740741 0.447998
7 0.623698 0.0273148 0.0484375 0.0546296 0.460449
7 0.590625 0.0467593 0.046875 0.0787037 0.46875
2 0.435156 0.827778 0.215104 0.333333 0.488281
7 0.434896 0.828241 0.215625 0.330556 0.570312
7 0.597656 0.405093 0.113021 0.184259 0.610352
9 0.703125 0.0740741 0.0135417 0.0592593 0.630371
7 0.520052 0.0949074 0.0817708 0.108333 0.687988
9 0.0341146 0.025 0.0140625 0.0481481 0.703125
9 0.726562 0.074537 0.0135417 0.0601852 0.703613
2 0.561198 0.484259 0.136979 0.190741 0.73584
7 0.515365 0.618981 0.157813 0.265741 0.772949
2 0.0828125 0.261574 0.123958 0.100926 0.800781
2 0.978646 0.155093 0.040625 0.0675926 0.824707
2 0.0502604 0.285185 0.100521 0.140741 0.878906
