7 0.446875 0.808796 0.20625 0.347222 0.265137
7 0.538542 0.0810185 0.05 0.0805556 0.291504
7 0.591667 0.0523148 0.04375 0.0731481 0.318359
0 0.323698 0.972222 0.0557292 0.0462963 0.325195
7 0.567708 0.0662037 0.04375 0.0712963 0.406982
2 0.567969 0.0666667 0.0442708 0.0703704 0.43457
2 0.592448 0.0509259 0.0432292 0.0685185 0.467041
7 0.515625 0.618981 0.158333 0.265741 0.520508
7 0.516146 0.0962963 0.0739583 0.103704 0.549316
7 0.621354 0.0310185 0.046875 0.062037 0.563965
9 0.703125 0.0740741 0.0135417 0.0592593 0.634277
9 0.034375 0.025463 0.0145833 0.0472222 0.654297
2 0.446354 0.812037 0.207292 0.35 0.682617
7 0.602344 0.399537 0.119271 0.184259 0.688965
9 0.726562 0.074537 0.0135417 0.0601852 0.70752
2 0.515625 0.618519 0.158333 0.264815 0.730469
2 0.561979 0.477778 0.136458 0.181481 0.814941
2 0.974219 0.15 0.0515625 0.0759259 0.843262
2 0.0429688 0.281944 0.0859375 0.149074 0.844727
2 0.350781 0.932407 0.248437 0.124074 0.876465
2 0.09375 0.262037 0.129167 0.103704 0.881348
