7 0.571875 0.062963 0.0604167 0.0851852 0.443115
2 0.589323 0.428241 0.119271 0.200926 0.500977
7 0.527344 0.0912037 0.0953125 0.112037 0.616699
9 0.0341146 0.025 0.0140625 0.0481481 0.657227
7 0.586719 0.426852 0.119271 0.196296 0.712891
9 0.703125 0.0736111 0.0125 0.0601852 0.731445
2 0.986979 0.150926 0.0260417 0.0703704 0.732422
9 0.726562 0.074537 0.0135417 0.0601852 0.766113
2 0.0367187 0.28287 0.0734375 0.141667 0.803711
2 0.0671875 0.261111 0.123958 0.103704 0.814941
2 0.40625 0.861111 0.233333 0.27037 0.902832
