0 0.322135 0.971759 0.0494792 0.0472222 0.307861
7 0.584115 0.0532407 0.0411458 0.0731481 0.4375
7 0.563281 0.0703704 0.0401042 0.0722222 0.47998
7 0.445833 0.811574 0.20625 0.347222 0.493652
7 0.515885 0.618981 0.158854 0.265741 0.504883
7 0.533333 0.0828704 0.05 0.0824074 0.598633
7 0.507031 0.103704 0.0651042 0.0962963 0.60791
2 0.446354 0.811111 0.207292 0.348148 0.608887
7 0.608333 0.0375 0.04375 0.075 0.645508
9 0.703125 0.0736111 0.0125 0.0601852 0.651367
9 0.034375 0.025463 0.015625 0.0472222 0.689453
9 0.726562 0.074537 0.0135417 0.0601852 0.719238
7 0.602604 0.394907 0.111458 0.184259 0.740234
2 0.515625 0.618981 0.158333 0.265741 0.751465
2 0.979688 0.14537 0.040625 0.0888889 0.791992
2 0.5625 0.481944 0.136458 0.187963 0.81543
2 0.0497396 0.282407 0.0994792 0.15 0.868652
2 0.351042 0.92963 0.248958 0.127778 0.887207
