7 0.541667 0.0791667 0.0666667 0.0805556 0.275146
7 0.446354 0.808333 0.20625 0.346296 0.317383
7 0.522135 0.0944444 0.0848958 0.101852 0.343506
7 0.561719 0.0712963 0.0453125 0.0722222 0.362793
0 0.323438 0.970833 0.053125 0.0490741 0.457031
7 0.618229 0.0328704 0.05 0.0657407 0.463623
2 0.51276 0.100926 0.0713542 0.101852 0.532715
9 0.703125 0.074537 0.0125 0.0601852 0.574707
2 0.602344 0.395833 0.115104 0.180556 0.589844
7 0.602344 0.395833 0.115104 0.180556 0.611328
9 0.034375 0.025463 0.0145833 0.0472222 0.62207
2 0.446354 0.811111 0.207292 0.348148 0.65918
9 0.726823 0.075 0.0130208 0.0592593 0.665039
2 0.515625 0.618981 0.158333 0.265741 0.81543
2 0.0442708 0.281481 0.0885417 0.148148 0.824707
2 0.5625 0.478704 0.136458 0.17963 0.840332
2 0.351302 0.92963 0.248437 0.127778 0.890137
2 0.416406 0.276389 0.167187 0.106481 0.92334
2 0.790104 0.151389 0.107292 0.075 0.924316
