7 0.559375 0.0731481 0.040625 0.0722222 0.253174
2 0.507292 0.113889 0.0541667 0.0722222 0.435303
2 0.590365 0.0513889 0.0421875 0.075 0.443359
7 0.590365 0.0523148 0.0421875 0.0731481 0.477539
7 0.507812 0.113426 0.0552083 0.075 0.493408
7 0.530729 0.0805556 0.06875 0.0814815 0.550781
9 0.0338542 0.024537 0.0145833 0.0472222 0.654297
2 0.989844 0.150926 0.0203125 0.0703704 0.659668
9 0.703125 0.0736111 0.0125 0.0601852 0.685059
9 0.726562 0.0740741 0.0135417 0.0592593 0.731445
2 0.0322917 0.288889 0.0645833 0.127778 0.743652
7 0.586719 0.426389 0.120312 0.19537 0.761719
2 0.0606771 0.260185 0.119271 0.103704 0.794434
