7 0.560677 0.0722222 0.0380208 0.0722222 0.293213
2 0.507292 0.114352 0.0541667 0.0712963 0.351562
2 0.605469 0.037963 0.0515625 0.0759259 0.470703
7 0.507812 0.113426 0.0552083 0.075 0.496338
7 0.529688 0.0833333 0.0760417 0.0888889 0.525391
7 0.605208 0.037963 0.053125 0.0759259 0.563965
9 0.703125 0.0736111 0.0135417 0.0601852 0.661133
2 0.989844 0.151389 0.0203125 0.0712963 0.67334
9 0.034375 0.025 0.0145833 0.0481481 0.703125
7 0.586719 0.427315 0.120312 0.19537 0.706543
9 0.726562 0.074537 0.0135417 0.0601852 0.719238
2 0.0317708 0.288426 0.0635417 0.126852 0.722168
2 0.0606771 0.260185 0.119271 0.103704 0.777832
