7 0.558854 0.503704 0.136458 0.22963 0.534668
2 0.56224 0.497222 0.134896 0.216667 0.59082
2 0.0247396 0.284722 0.0494792 0.14537 0.614258
7 0.530729 0.0800926 0.0625 0.0824074 0.647461
2 0.578125 0.0587963 0.0447917 0.0675926 0.652832
9 0.0346354 0.025 0.0151042 0.0481481 0.708984
9 0.703125 0.0740741 0.0135417 0.0592593 0.717285
2 0.508854 0.113889 0.053125 0.0722222 0.744629
9 0.726562 0.074537 0.0135417 0.0601852 0.759766
2 0.0554687 0.260648 0.109896 0.10463 0.819336
2 0.880729 0.151389 0.109375 0.0787037 0.911133
