7 0.573438 0.062963 0.05625 0.0814815 0.59082
2 0.592188 0.423611 0.115625 0.202778 0.615723
7 0.591406 0.421296 0.114063 0.192593 0.666504
9 0.034375 0.024537 0.0145833 0.0472222 0.667969
2 0.0403646 0.285648 0.0807292 0.141667 0.674805
9 0.703125 0.0736111 0.0125 0.0601852 0.687988
7 0.529688 0.0837963 0.0697917 0.0898148 0.726562
2 0.986719 0.150463 0.0265625 0.0731481 0.727051
9 0.726562 0.0740741 0.0135417 0.0592593 0.730957
2 0.0664062 0.260648 0.125521 0.102778 0.798828
2 0.502604 0.122685 0.053125 0.0731481 0.808594
2 0.532031 0.574537 0.148438 0.24537 0.925781
