7 0.542448 0.0777778 0.0442708 0.0777778 0.317139
2 0.595052 0.413426 0.114063 0.180556 0.480957
7 0.559375 0.0689815 0.0833333 0.0916667 0.51416
2 0.515885 0.0976852 0.0546875 0.0935185 0.523438
7 0.516146 0.0967593 0.0552083 0.0935185 0.565918
9 0.0341146 0.024537 0.0140625 0.0472222 0.59375
9 0.703125 0.0736111 0.0125 0.0601852 0.69043
2 0.986979 0.150926 0.0260417 0.0722222 0.731445
9 0.726823 0.074537 0.0130208 0.0601852 0.751953
2 0.0697917 0.261111 0.123958 0.105556 0.789551
2 0.560938 0.5 0.142708 0.218519 0.809082
2 0.040625 0.284259 0.08125 0.138889 0.810547
2 0.464583 0.162037 0.0625 0.0851852 0.861328
