7 0.446875 0.808333 0.20625 0.346296 0.332031
0 0.321875 0.972222 0.05 0.0481481 0.379395
7 0.508854 0.102315 0.0635417 0.0990741 0.432617
7 0.534896 0.0828704 0.05 0.0824074 0.460449
7 0.563281 0.0703704 0.0401042 0.0740741 0.471924
7 0.590625 0.0509259 0.0416667 0.0759259 0.536621
9 0.703125 0.0740741 0.0125 0.0592593 0.59668
7 0.621615 0.0314815 0.0463542 0.062963 0.617676
2 0.446354 0.811111 0.207292 0.348148 0.641113
7 0.601823 0.394444 0.113021 0.181481 0.668945
2 0.508594 0.103241 0.0630208 0.0972222 0.670898
9 0.726823 0.074537 0.0130208 0.0601852 0.693359
9 0.034375 0.025463 0.0145833 0.0472222 0.722168
2 0.0442708 0.281481 0.0885417 0.15 0.790039
2 0.515625 0.618981 0.158333 0.265741 0.800781
2 0.5625 0.485648 0.136458 0.193519 0.820801
2 0.351042 0.92963 0.248958 0.127778 0.887695
2 0.266667 0.27037 0.165625 0.103704 0.910156
2 0.873438 0.152315 0.107292 0.0787037 0.916504
