7 0.565104 0.0699074 0.0489583 0.0768519 0.325928
7 0.589063 0.0476852 0.05 0.0842593 0.374756
2 0.628385 0.025463 0.0463542 0.0509259 0.385498
2 0.514063 0.622222 0.159375 0.27037 0.511719
2 0.420312 0.842593 0.21875 0.303704 0.556641
7 0.628385 0.025463 0.0463542 0.0509259 0.572754
7 0.528646 0.0939815 0.101042 0.110185 0.584473
9 0.703125 0.0740741 0.0135417 0.0592593 0.612793
7 0.597135 0.403241 0.114063 0.180556 0.620117
7 0.420312 0.84213 0.219792 0.302778 0.674805
9 0.0341146 0.025 0.0140625 0.0481481 0.681152
7 0.514583 0.622222 0.158333 0.27037 0.683105
9 0.726562 0.074537 0.0135417 0.0601852 0.69873
2 0.0786458 0.261111 0.128125 0.1 0.774902
2 0.561979 0.481944 0.136458 0.187963 0.775391
2 0.980469 0.153241 0.0390625 0.0694444 0.804688
2 0.0497396 0.287037 0.0994792 0.137037 0.862793
