9 0.717448 0.0736111 0.0296875 0.0583333 0.267334
2 0.566927 0.48287 0.130729 0.221296 0.35498
7 0.583594 0.0509259 0.0411458 0.0814815 0.382324
7 0.561979 0.0712963 0.040625 0.0722222 0.421875
7 0.507031 0.105556 0.0619792 0.0944444 0.510742
2 0.507031 0.105556 0.0609375 0.0925926 0.552734
7 0.50651 0.649537 0.171354 0.275 0.568848
9 0.703125 0.0736111 0.0135417 0.0601852 0.570801
2 0.50625 0.650463 0.171875 0.275 0.585449
2 0.688542 0.160185 0.0645833 0.109259 0.605469
7 0.529688 0.0833333 0.0510417 0.0833333 0.605957
7 0.608333 0.0375 0.04375 0.075 0.646973
9 0.0341146 0.024537 0.0151042 0.0490741 0.647461
7 0.565885 0.483333 0.129688 0.218519 0.67041
9 0.726562 0.074537 0.0135417 0.0601852 0.726562
2 0.598437 0.395833 0.10625 0.169444 0.810547
2 0.0270833 0.298611 0.0541667 0.117593 0.853516
2 0.971875 0.141204 0.05625 0.0990741 0.853516
2 0.0591146 0.261111 0.117188 0.103704 0.87207
2 0.35651 0.918981 0.248437 0.15463 0.888672
2 0.897656 0.171296 0.114063 0.0796296 0.914551
