2 0.563281 0.0703704 0.0411458 0.0722222 0.289062
7 0.586719 0.0569444 0.0401042 0.0731481 0.30249
7 0.561198 0.0708333 0.0442708 0.0712963 0.31543
0 0.322656 0.97037 0.0494792 0.05 0.323242
7 0.446354 0.808333 0.205208 0.346296 0.341064
7 0.534375 0.0833333 0.0510417 0.0833333 0.352539
7 0.617448 0.0337963 0.0494792 0.0675926 0.447021
2 0.602344 0.394907 0.115104 0.180556 0.543945
9 0.703646 0.074537 0.0135417 0.0601852 0.556152
2 0.511458 0.101852 0.06875 0.1 0.596191
7 0.602344 0.395833 0.115104 0.180556 0.619629
2 0.446354 0.811111 0.207292 0.348148 0.632812
9 0.0341146 0.025 0.0140625 0.0481481 0.669434
9 0.726823 0.074537 0.0130208 0.0601852 0.705566
2 0.0455729 0.281944 0.0911458 0.152778 0.720215
2 0.515625 0.618519 0.158333 0.264815 0.791504
2 0.5625 0.482407 0.1375 0.187037 0.831055
2 0.351302 0.92963 0.249479 0.127778 0.88916
2 0.759375 0.15 0.10625 0.0759259 0.928711
2 0.480469 0.27963 0.166146 0.111111 0.930664
