7 0.509635 0.109722 0.0588542 0.0824074 0.307617
7 0.573177 0.062963 0.0578125 0.0814815 0.539062
7 0.52474 0.0907407 0.0848958 0.103704 0.584473
2 0.989844 0.150926 0.0203125 0.0703704 0.662109
2 0.0328125 0.288889 0.065625 0.127778 0.669434
9 0.034375 0.025463 0.0145833 0.0472222 0.706055
2 0.0609375 0.261111 0.121875 0.103704 0.725098
7 0.58776 0.426852 0.117188 0.196296 0.727051
9 0.703125 0.0736111 0.0125 0.0601852 0.739746
9 0.726562 0.074537 0.0135417 0.0601852 0.768066
2 0.347396 0.945833 0.244792 0.102778 0.796387
