0 0.00859375 0.252778 0.0161458 0.0351852 0.310791
7 0.590625 0.0486111 0.046875 0.0768519 0.391113
7 0.565885 0.0694444 0.0473958 0.0759259 0.40918
7 0.623438 0.0277778 0.0489583 0.0555556 0.516113
7 0.521094 0.0949074 0.0848958 0.108333 0.612793
7 0.597656 0.40463 0.114063 0.183333 0.618164
9 0.703125 0.0736111 0.0135417 0.0601852 0.64209
9 0.0341146 0.025 0.0140625 0.0481481 0.666992
9 0.726562 0.074537 0.0135417 0.0601852 0.706055
2 0.438281 0.825 0.220313 0.335185 0.73291
2 0.561719 0.483796 0.136979 0.191667 0.75293
7 0.515365 0.618981 0.157813 0.265741 0.760254
2 0.0861979 0.261111 0.118229 0.1 0.790527
2 0.978906 0.155556 0.0421875 0.0666667 0.830078
2 0.0513021 0.283796 0.102604 0.143519 0.875
