2 0.563802 0.0708333 0.0380208 0.0712963 0.334473
2 0.566927 0.481944 0.130729 0.221296 0.388916
7 0.583594 0.05 0.0421875 0.0833333 0.390625
7 0.561719 0.0712963 0.0411458 0.0722222 0.404785
7 0.507552 0.105556 0.0619792 0.0944444 0.422119
9 0.703125 0.0740741 0.0135417 0.0592593 0.452393
2 0.505469 0.646296 0.165104 0.277778 0.55957
7 0.529688 0.0833333 0.0510417 0.0833333 0.600586
7 0.566406 0.48287 0.129688 0.217593 0.608887
7 0.608333 0.0375 0.04375 0.075 0.643555
7 0.50599 0.64537 0.165104 0.275926 0.663086
2 0.507031 0.106019 0.0609375 0.0935185 0.668945
9 0.0338542 0.024537 0.0145833 0.0490741 0.675781
9 0.726562 0.0740741 0.0135417 0.0592593 0.715332
2 0.689583 0.159259 0.065625 0.109259 0.785645
2 0.598437 0.39537 0.10625 0.17037 0.81543
2 0.0270833 0.298611 0.0541667 0.119444 0.847656
2 0.969531 0.141204 0.0609375 0.0990741 0.857422
2 0.0591146 0.260648 0.117188 0.102778 0.874512
2 0.35651 0.916667 0.246354 0.159259 0.880859
2 0.892187 0.17037 0.113542 0.0796296 0.910645
