7 0.571354 0.062963 0.0614583 0.0851852 0.427246
7 0.586719 0.426389 0.119271 0.19537 0.523438
7 0.529688 0.0916667 0.1 0.116667 0.622559
2 0.589323 0.429167 0.119271 0.202778 0.665039
9 0.0341146 0.025 0.0161458 0.0481481 0.667969
2 0.986979 0.149537 0.0260417 0.0731481 0.723633
9 0.703646 0.0740741 0.0135417 0.0592593 0.748047
9 0.726562 0.075463 0.0135417 0.0601852 0.756348
2 0.0664062 0.260648 0.127604 0.10463 0.799805
2 0.0395833 0.284722 0.0791667 0.137963 0.804199
2 0.477604 0.727778 0.1875 0.305556 0.918945
