0 0.322135 0.971296 0.0484375 0.0462963 0.262207
2 0.507292 0.103241 0.0666667 0.0972222 0.299072
7 0.56224 0.0712963 0.0411458 0.0722222 0.322021
7 0.583854 0.0513889 0.040625 0.0787037 0.365723
2 0.564062 0.0703704 0.0385417 0.0703704 0.443359
7 0.530469 0.0828704 0.0505208 0.0824074 0.459473
7 0.657031 0.24537 0.0817708 0.135185 0.546387
7 0.508073 0.101852 0.0671875 0.1 0.557617
7 0.544792 0.533796 0.141667 0.237963 0.562012
2 0.657031 0.24537 0.0817708 0.135185 0.580078
7 0.608333 0.0375 0.04375 0.075 0.582031
2 0.545313 0.530093 0.139583 0.226852 0.615723
9 0.0341146 0.0259259 0.0151042 0.0481481 0.666016
2 0.101823 0.563426 0.202604 0.287963 0.694336
9 0.703646 0.0736111 0.0135417 0.0601852 0.709961
9 0.726562 0.075463 0.0135417 0.0601852 0.730957
2 0.967708 0.141204 0.0625 0.0990741 0.777832
2 0.451042 0.800926 0.20625 0.338889 0.854492
2 0.0270833 0.298611 0.0541667 0.113889 0.85498
2 0.0596354 0.259722 0.119271 0.106481 0.868652
2 0.597396 0.406019 0.115625 0.184259 0.896484
2 0.351302 0.92963 0.248437 0.127778 0.901855
