7 0.446354 0.808333 0.205208 0.346296 0.3125
0 0.322135 0.971759 0.0484375 0.0472222 0.316406
7 0.583854 0.0527778 0.040625 0.0759259 0.406982
2 0.507031 0.105556 0.0630208 0.0962963 0.479736
7 0.564583 0.0699074 0.0375 0.0712963 0.496094
2 0.604167 0.388426 0.110417 0.182407 0.551758
7 0.507552 0.106019 0.0640625 0.0972222 0.569824
7 0.533594 0.0828704 0.0515625 0.0842593 0.626953
7 0.608333 0.0375 0.04375 0.075 0.640625
9 0.703125 0.0736111 0.0125 0.0601852 0.653809
2 0.446354 0.811111 0.207292 0.348148 0.686523
7 0.603906 0.388889 0.106771 0.181481 0.692383
9 0.034375 0.025463 0.0145833 0.0472222 0.697266
9 0.726562 0.074537 0.0135417 0.0601852 0.722168
2 0.515625 0.618981 0.158333 0.265741 0.799316
2 0.973437 0.141667 0.053125 0.0981481 0.823242
2 0.351042 0.92963 0.248958 0.127778 0.887695
2 0.564062 0.499074 0.138542 0.22037 0.887695
2 0.0854167 0.297685 0.170833 0.160185 0.898438
