7 0.534896 0.0814815 0.046875 0.0777778 0.334717
2 0.533854 0.0837963 0.046875 0.0824074 0.411133
7 0.596875 0.415278 0.114583 0.189815 0.427734
2 0.595573 0.0467593 0.0453125 0.0712963 0.433838
7 0.595312 0.0467593 0.0447917 0.0712963 0.438721
7 0.565104 0.0699074 0.046875 0.0768519 0.484131
2 0.597396 0.40787 0.115625 0.178704 0.567871
9 0.034375 0.025 0.0145833 0.0462963 0.630371
9 0.726562 0.075463 0.0135417 0.0601852 0.742188
9 0.703125 0.0740741 0.0135417 0.0592593 0.742676
2 0.0791667 0.260648 0.126042 0.0990741 0.764648
2 0.5125 0.1 0.0645833 0.0962963 0.774902
2 0.98125 0.152778 0.0375 0.0703704 0.791992
2 0.51276 0.619907 0.157813 0.267593 0.808105
2 0.560938 0.5 0.136458 0.218519 0.84668
2 0.0507812 0.286574 0.101562 0.137963 0.858887
