0 0.322396 0.972222 0.0489583 0.0462963 0.300293
7 0.584375 0.0527778 0.040625 0.0740741 0.417236
7 0.564062 0.0699074 0.0385417 0.0712963 0.475342
7 0.445573 0.812037 0.205729 0.348148 0.49707
7 0.515625 0.618981 0.158333 0.265741 0.51123
7 0.534375 0.0824074 0.0520833 0.0833333 0.532227
7 0.507292 0.102315 0.065625 0.0990741 0.585938
9 0.703125 0.0740741 0.0125 0.0592593 0.602539
2 0.445833 0.811111 0.20625 0.348148 0.608887
7 0.608333 0.0375 0.04375 0.075 0.65625
9 0.0341146 0.025 0.0140625 0.0481481 0.68457
9 0.726823 0.0740741 0.0130208 0.0592593 0.71875
2 0.515625 0.618981 0.158333 0.265741 0.73877
7 0.603125 0.393981 0.110417 0.182407 0.750488
2 0.979688 0.14537 0.040625 0.0888889 0.796875
2 0.5625 0.481944 0.136458 0.187963 0.813477
2 0.0497396 0.282407 0.0994792 0.15 0.867188
2 0.351302 0.92963 0.248437 0.127778 0.886719
