0 0.322396 0.971759 0.0489583 0.0472222 0.329834
7 0.446615 0.808333 0.206771 0.346296 0.334961
7 0.583854 0.0532407 0.040625 0.075 0.355469
7 0.561719 0.0712963 0.0432292 0.0722222 0.380615
2 0.563802 0.0703704 0.0390625 0.0703704 0.384766
2 0.622656 0.3375 0.0994792 0.167593 0.440186
7 0.530208 0.0833333 0.05 0.0833333 0.440186
7 0.509375 0.100926 0.0697917 0.101852 0.5625
7 0.608073 0.0375 0.0442708 0.075 0.585449
9 0.703125 0.0740741 0.0125 0.0592593 0.587402
7 0.622656 0.337037 0.0994792 0.164815 0.644531
2 0.446615 0.811111 0.207813 0.348148 0.663086
9 0.726823 0.0740741 0.0130208 0.0592593 0.705566
9 0.0346354 0.025463 0.0151042 0.0472222 0.706055
2 0.973437 0.141204 0.0510417 0.0990741 0.811523
2 0.516406 0.61713 0.156771 0.262037 0.838379
2 0.204167 0.352315 0.138542 0.197222 0.868164
2 0.05625 0.260648 0.1125 0.102778 0.877441
2 0.351302 0.92963 0.249479 0.127778 0.890137
2 0.58125 0.44537 0.122917 0.201852 0.923828
