0 0.18099 0.399537 0.0213542 0.0324074 0.268799
7 0.544792 0.0768519 0.065625 0.0777778 0.295654
2 0.572917 0.0634259 0.053125 0.0675926 0.332275
2 0.538542 0.0819444 0.0583333 0.0824074 0.483154
7 0.573438 0.062037 0.0520833 0.0685185 0.520508
7 0.601823 0.0425926 0.0432292 0.0703704 0.593262
2 0.597135 0.408333 0.115104 0.17963 0.651855
9 0.034375 0.025463 0.0145833 0.0490741 0.665039
9 0.703125 0.0740741 0.0125 0.0592593 0.675293
9 0.726823 0.074537 0.0130208 0.0601852 0.741699
2 0.0763021 0.262037 0.123438 0.101852 0.747559
2 0.51224 0.1 0.0651042 0.0962963 0.760254
2 0.983594 0.152315 0.0328125 0.0712963 0.780273
2 0.0458333 0.284259 0.0916667 0.138889 0.872559
2 0.558854 0.499074 0.1375 0.214815 0.873535
2 0.454948 0.784722 0.200521 0.328704 0.910645
2 0.194531 0.431944 0.128646 0.163889 0.922852
