9 0.885938 0.140741 0.0125 0.0611111 0.25415
7 0.508073 0.112963 0.0557292 0.0740741 0.265869
2 0.326562 0.973148 0.205208 0.05 0.464844
7 0.577344 0.062037 0.0473958 0.0777778 0.521973
7 0.52474 0.0907407 0.0848958 0.105556 0.61084
2 0.989844 0.150926 0.0203125 0.0703704 0.664062
9 0.0338542 0.024537 0.0145833 0.0490741 0.676758
2 0.0322917 0.2875 0.0645833 0.128704 0.71582
9 0.703125 0.0736111 0.0135417 0.0601852 0.731934
9 0.726562 0.074537 0.0135417 0.0601852 0.762207
7 0.58776 0.426389 0.117188 0.19537 0.765137
2 0.0609375 0.260648 0.119792 0.10463 0.79541
