7 0.446875 0.808796 0.207292 0.34537 0.303955
0 0.322396 0.971759 0.0489583 0.0472222 0.332764
7 0.584375 0.0537037 0.040625 0.0740741 0.413818
7 0.564062 0.0694444 0.0385417 0.0703704 0.468262
7 0.532552 0.0828704 0.0505208 0.0842593 0.539062
7 0.508073 0.102315 0.0671875 0.100926 0.58252
7 0.609635 0.368981 0.104687 0.171296 0.592773
7 0.608333 0.0375 0.04375 0.075 0.61084
9 0.703125 0.0736111 0.0125 0.0601852 0.657715
9 0.0341146 0.025 0.0151042 0.0481481 0.680664
2 0.446875 0.811111 0.208333 0.348148 0.695801
2 0.610937 0.371296 0.10625 0.175926 0.702148
9 0.726562 0.074537 0.0135417 0.0601852 0.728516
2 0.0320312 0.256481 0.0640625 0.0925926 0.817871
2 0.973437 0.141204 0.0510417 0.0990741 0.824219
2 0.138281 0.314815 0.169271 0.172222 0.829102
2 0.517187 0.618056 0.161458 0.263889 0.846191
2 0.351302 0.92963 0.248437 0.127778 0.890137
2 0.565885 0.48287 0.133854 0.215741 0.914551
