7 0.534375 0.0837963 0.0604167 0.0842593 0.401367
7 0.591406 0.0509259 0.0432292 0.0703704 0.479492
7 0.567969 0.0662037 0.0432292 0.0694444 0.493164
7 0.445573 0.812963 0.205729 0.35 0.504883
7 0.515625 0.619444 0.158333 0.264815 0.526367
7 0.514844 0.0972222 0.0723958 0.103704 0.537598
7 0.621354 0.0310185 0.046875 0.062037 0.558105
2 0.445833 0.8125 0.20625 0.350926 0.594727
9 0.703125 0.0740741 0.0135417 0.0592593 0.678711
7 0.602344 0.399074 0.119271 0.181481 0.683594
9 0.0341146 0.025 0.0161458 0.0481481 0.703613
9 0.726562 0.075463 0.0135417 0.0601852 0.721191
2 0.515625 0.618981 0.158333 0.265741 0.723633
2 0.561719 0.4875 0.135937 0.197222 0.810059
2 0.970833 0.15 0.05625 0.0796296 0.835449
2 0.350781 0.931019 0.248437 0.125 0.87793
2 0.103385 0.262963 0.133854 0.103704 0.892578
2 0.0447917 0.281481 0.0895833 0.148148 0.904297
