7 0.446354 0.813889 0.20625 0.351852 0.322021
0 0.322135 0.971759 0.0494792 0.0472222 0.342285
7 0.584115 0.0537037 0.0401042 0.0740741 0.413574
7 0.563802 0.0703704 0.0390625 0.0703704 0.434082
2 0.50651 0.105093 0.0640625 0.0953704 0.504883
7 0.50651 0.104167 0.0651042 0.0972222 0.530762
2 0.608333 0.376852 0.10625 0.17963 0.5625
7 0.608333 0.0375 0.04375 0.075 0.600098
7 0.533073 0.0828704 0.0515625 0.0824074 0.614746
9 0.703125 0.0736111 0.0125 0.0601852 0.654785
2 0.446354 0.812037 0.207292 0.348148 0.676758
9 0.034375 0.025 0.0145833 0.0481481 0.694824
9 0.726562 0.074537 0.0135417 0.0601852 0.727051
2 0.0229167 0.255556 0.0458333 0.0814815 0.730469
7 0.607552 0.375 0.104687 0.177778 0.745605
2 0.973437 0.141204 0.053125 0.0972222 0.82373
2 0.516406 0.618981 0.159896 0.265741 0.854492
2 0.351042 0.92963 0.248958 0.127778 0.88916
2 0.121615 0.309259 0.172396 0.168519 0.905762
2 0.563542 0.486574 0.135417 0.215741 0.911621
