2 0.589063 0.0560185 0.0385417 0.0694444 0.297363
7 0.447396 0.813889 0.208333 0.35 0.335449
0 0.322135 0.971759 0.0484375 0.0472222 0.344971
7 0.588021 0.0527778 0.0427083 0.0722222 0.375977
7 0.56276 0.0708333 0.0411458 0.0731481 0.384521
2 0.56276 0.0708333 0.0411458 0.0731481 0.385742
7 0.619271 0.0319444 0.0489583 0.0638889 0.432373
7 0.533333 0.0828704 0.05 0.0824074 0.465332
2 0.602344 0.395833 0.115104 0.180556 0.538574
9 0.703125 0.0740741 0.0125 0.0592593 0.62207
7 0.602344 0.396296 0.115104 0.181481 0.622559
2 0.446875 0.811111 0.208333 0.348148 0.636719
9 0.0341146 0.024537 0.0151042 0.0472222 0.70459
9 0.726823 0.074537 0.0130208 0.0601852 0.705566
2 0.508594 0.104167 0.0630208 0.0953704 0.755859
2 0.0440104 0.282407 0.0880208 0.151852 0.762695
2 0.515625 0.618981 0.158333 0.265741 0.811035
2 0.5625 0.481944 0.136458 0.186111 0.830078
2 0.351562 0.92963 0.248958 0.127778 0.888672
2 0.348437 0.274074 0.165625 0.103704 0.894531
2 0.825 0.151389 0.108333 0.0768519 0.912109
