0 0.323958 0.972222 0.046875 0.0462963 0.282227
7 0.447656 0.809259 0.208854 0.344444 0.346191
7 0.5625 0.0712963 0.0416667 0.0722222 0.353271
7 0.584115 0.0518519 0.0411458 0.0777778 0.360107
7 0.530729 0.0833333 0.0510417 0.0833333 0.416016
2 0.563802 0.0703704 0.0390625 0.0703704 0.440186
7 0.18151 0.4875 0.157813 0.258333 0.488525
2 0.53151 0.566667 0.146354 0.242593 0.49292
7 0.509375 0.1 0.0697917 0.103704 0.557617
2 0.18125 0.488889 0.158333 0.259259 0.572266
7 0.608333 0.0375 0.04375 0.075 0.584961
7 0.53151 0.566667 0.146354 0.240741 0.591797
9 0.703125 0.0736111 0.0125 0.0601852 0.597168
2 0.447135 0.811111 0.208854 0.348148 0.608398
9 0.726823 0.074537 0.0130208 0.0601852 0.682617
9 0.0341146 0.025 0.0151042 0.0481481 0.698242
2 0.0192708 0.289352 0.0385417 0.117593 0.742188
2 0.648177 0.271296 0.0869792 0.146296 0.800293
2 0.970833 0.140278 0.0583333 0.0972222 0.862793
2 0.0596354 0.261111 0.119271 0.103704 0.886719
2 0.351562 0.930556 0.248958 0.131481 0.893555
2 0.596875 0.408333 0.114583 0.187037 0.894043
