7 0.561198 0.0666667 0.0807292 0.0981481 0.378906
7 0.50599 0.116667 0.0526042 0.0759259 0.381104
2 0.592188 0.421296 0.117708 0.194444 0.50293
7 0.592188 0.421296 0.117708 0.194444 0.51416
7 0.539844 0.087963 0.119271 0.122222 0.534668
2 0.0403646 0.286111 0.0807292 0.140741 0.606445
9 0.0341146 0.025463 0.0151042 0.0490741 0.680176
9 0.703125 0.0736111 0.0125 0.0601852 0.687012
2 0.986979 0.15 0.0260417 0.0740741 0.729004
9 0.726823 0.074537 0.0130208 0.0601852 0.735352
2 0.0664062 0.260648 0.125521 0.102778 0.777832
2 0.523698 0.59537 0.150521 0.253704 0.910156
