2 0.540625 0.0800926 0.05625 0.0805556 0.465332
2 0.608594 0.0365741 0.0442708 0.0731481 0.609863
2 0.57526 0.0592593 0.0526042 0.0722222 0.625
9 0.0338542 0.024537 0.0145833 0.0490741 0.662109
2 0.0757812 0.2625 0.126563 0.10463 0.742676
2 0.5125 0.1 0.0645833 0.0962963 0.753418
9 0.703125 0.074537 0.0125 0.0601852 0.754883
2 0.597135 0.40787 0.115104 0.178704 0.769531
9 0.726823 0.074537 0.0130208 0.0601852 0.772461
2 0.983333 0.152315 0.0333333 0.0712963 0.779297
2 0.413281 0.850926 0.229687 0.283333 0.800293
2 0.0458333 0.283796 0.0916667 0.139815 0.87793
2 0.559375 0.502315 0.138542 0.219444 0.898926
2 0.272135 0.355556 0.107813 0.142593 0.915527
