7 0.566406 0.0694444 0.0463542 0.0777778 0.289062
7 0.534896 0.0819444 0.046875 0.0787037 0.339111
2 0.533854 0.0842593 0.046875 0.0814815 0.438232
7 0.596354 0.413889 0.113542 0.187037 0.444824
2 0.566146 0.0689815 0.046875 0.0768519 0.475342
2 0.597135 0.40787 0.115104 0.178704 0.620605
2 0.594792 0.0476852 0.0458333 0.0694444 0.630859
9 0.0346354 0.025 0.0151042 0.0481481 0.666016
9 0.703125 0.0736111 0.0135417 0.0601852 0.745117
9 0.726562 0.075463 0.0135417 0.0601852 0.745117
2 0.51224 0.100463 0.0651042 0.0953704 0.772949
2 0.0802083 0.260185 0.123958 0.1 0.77832
2 0.513281 0.618981 0.157813 0.265741 0.781738
2 0.98125 0.152778 0.0375 0.0722222 0.795898
2 0.561198 0.5 0.136979 0.218519 0.84375
2 0.0507812 0.285648 0.101562 0.137963 0.862305
