2 0.592448 0.0513889 0.0421875 0.0694444 0.357422
7 0.591406 0.05 0.0432292 0.0703704 0.390869
7 0.567708 0.0694444 0.0458333 0.0759259 0.462402
7 0.534115 0.0824074 0.0484375 0.0814815 0.496826
7 0.515625 0.619444 0.158333 0.266667 0.526855
7 0.620833 0.0314815 0.0458333 0.062963 0.591309
7 0.509635 0.101852 0.0640625 0.0981481 0.594727
9 0.703125 0.0740741 0.0135417 0.0592593 0.641113
2 0.446875 0.8125 0.210417 0.349074 0.669922
9 0.034375 0.025 0.0145833 0.0481481 0.693359
2 0.515365 0.618981 0.157813 0.265741 0.695312
9 0.726562 0.075 0.0135417 0.0592593 0.719238
7 0.601823 0.399074 0.118229 0.183333 0.740723
2 0.561979 0.48287 0.136458 0.189815 0.798828
2 0.975 0.151389 0.0479167 0.0731481 0.820312
2 0.0833333 0.262037 0.1375 0.105556 0.876465
2 0.0385417 0.27963 0.0770833 0.148148 0.881836
2 0.0856771 0.139815 0.136979 0.0907407 0.895996
