2 0.584635 0.0592593 0.0401042 0.0722222 0.276611
0 0.323438 0.971759 0.0489583 0.0472222 0.294922
9 0.703646 0.0740741 0.0125 0.0592593 0.314697
7 0.508854 0.101852 0.0635417 0.1 0.317139
7 0.563281 0.0703704 0.0421875 0.0722222 0.328369
7 0.446875 0.808333 0.20625 0.346296 0.338623
7 0.584896 0.0569444 0.040625 0.0731481 0.351562
7 0.534635 0.0837963 0.0515625 0.0842593 0.378906
7 0.601562 0.396296 0.113542 0.183333 0.507812
7 0.613021 0.0356481 0.0447917 0.0712963 0.516113
9 0.726823 0.0740741 0.0130208 0.0592593 0.525879
2 0.509896 0.101852 0.065625 0.1 0.553223
2 0.601562 0.393981 0.115625 0.182407 0.594727
2 0.992188 0.151389 0.015625 0.075 0.602051
2 0.446354 0.811111 0.207292 0.348148 0.623047
9 0.034375 0.025463 0.015625 0.0472222 0.679199
2 0.0471354 0.280093 0.0932292 0.15463 0.682617
2 0.515365 0.618981 0.157813 0.265741 0.789062
2 0.561979 0.480093 0.1375 0.184259 0.834961
2 0.351042 0.92963 0.248958 0.127778 0.883789
2 0.605469 0.290278 0.171354 0.123148 0.907715
2 0.694531 0.146759 0.104687 0.075 0.925293
