2 0.583854 0.0569444 0.040625 0.0731481 0.26416
2 0.507292 0.103704 0.065625 0.0962963 0.27417
0 0.322656 0.971759 0.0494792 0.0472222 0.289307
7 0.445312 0.808333 0.204167 0.344444 0.296143
7 0.56224 0.0712963 0.0421875 0.0722222 0.305176
7 0.584375 0.0532407 0.0395833 0.075 0.387695
0 0.207292 0.343056 0.0166667 0.0305556 0.45166
7 0.529948 0.0828704 0.0515625 0.0824074 0.468018
2 0.563802 0.0703704 0.0390625 0.0703704 0.480469
7 0.508073 0.101389 0.0671875 0.0990741 0.538086
7 0.608073 0.0375 0.0442708 0.075 0.55957
2 0.514844 0.612037 0.150521 0.261111 0.585938
7 0.514583 0.612037 0.15 0.261111 0.597656
2 0.628385 0.320833 0.0973958 0.160185 0.643066
9 0.703125 0.0740741 0.0125 0.0592593 0.644043
2 0.0106771 0.299537 0.0213542 0.0953704 0.672852
7 0.628385 0.321759 0.0963542 0.162037 0.683105
2 0.445573 0.811111 0.205729 0.348148 0.696777
9 0.726823 0.074537 0.0130208 0.0601852 0.720215
9 0.034375 0.025 0.0145833 0.0481481 0.723633
2 0.973437 0.141204 0.0510417 0.0990741 0.812012
2 0.05625 0.260648 0.1125 0.102778 0.877441
2 0.351562 0.92963 0.248958 0.127778 0.890137
2 0.223698 0.375926 0.128646 0.2 0.900391
2 0.58724 0.428241 0.116146 0.193519 0.914062
