2 0.592188 0.050463 0.04375 0.0712963 0.36377
7 0.446354 0.814815 0.207292 0.351852 0.417725
7 0.591406 0.0509259 0.0432292 0.0703704 0.433594
7 0.515625 0.618981 0.158333 0.265741 0.500488
7 0.567969 0.0662037 0.0442708 0.0694444 0.515137
7 0.621354 0.0310185 0.046875 0.062037 0.549805
9 0.703125 0.0736111 0.0125 0.0601852 0.608887
2 0.446354 0.812037 0.207292 0.35 0.63623
7 0.521354 0.0949074 0.0864583 0.108333 0.664551
7 0.602344 0.4 0.119271 0.183333 0.683105
9 0.0335938 0.025 0.0151042 0.0481481 0.686035
9 0.726562 0.075 0.0135417 0.0592593 0.702148
2 0.515365 0.618519 0.158854 0.264815 0.739746
2 0.561979 0.475926 0.136458 0.177778 0.820312
2 0.971875 0.149537 0.05625 0.0805556 0.849121
2 0.351302 0.931019 0.249479 0.125 0.882812
2 0.0997396 0.262963 0.130729 0.103704 0.886719
2 0.0445312 0.281944 0.0890625 0.147222 0.89502
