7 0.540885 0.0782407 0.0484375 0.0768519 0.299316
7 0.594792 0.414352 0.1125 0.184259 0.495117
2 0.594792 0.413889 0.1125 0.183333 0.499512
7 0.573177 0.0606481 0.0578125 0.0842593 0.527344
7 0.523177 0.0916667 0.0578125 0.0925926 0.568359
9 0.034375 0.025 0.0145833 0.0462963 0.626953
9 0.703125 0.0740741 0.0125 0.0592593 0.688965
2 0.986979 0.15 0.0260417 0.0740741 0.728027
9 0.726823 0.074537 0.0130208 0.0601852 0.74707
2 0.0697917 0.260648 0.123958 0.106481 0.788086
2 0.040625 0.283796 0.08125 0.139815 0.821289
2 0.48151 0.144444 0.0588542 0.0833333 0.836914
2 0.55625 0.501852 0.132292 0.22037 0.905762
