7 0.533594 0.0833333 0.0473958 0.0814815 0.340576
2 0.592969 0.0509259 0.0421875 0.0703704 0.35083
7 0.591667 0.05 0.04375 0.0703704 0.395508
7 0.567187 0.0680556 0.046875 0.075 0.418945
7 0.514583 0.0981481 0.071875 0.101852 0.577148
7 0.621354 0.0310185 0.046875 0.062037 0.57959
7 0.515625 0.619444 0.158333 0.264815 0.585449
9 0.703125 0.0736111 0.0125 0.0601852 0.628906
2 0.515365 0.618981 0.157813 0.265741 0.651855
7 0.602344 0.399074 0.119271 0.183333 0.68457
9 0.0341146 0.025 0.0140625 0.0481481 0.694336
7 0.446615 0.8125 0.208854 0.347222 0.703613
9 0.726562 0.074537 0.0135417 0.0601852 0.706543
2 0.561979 0.484259 0.136458 0.194444 0.802246
2 0.975 0.151389 0.0479167 0.0731481 0.818359
2 0.0385417 0.280093 0.0770833 0.147222 0.871582
2 0.0835937 0.2625 0.135937 0.10463 0.880371
