2 0.572396 0.0643518 0.0375 0.0712963 0.274414
7 0.535677 0.0837963 0.0630208 0.087963 0.307373
7 0.591927 0.0509259 0.0421875 0.0703704 0.363037
2 0.592969 0.0513889 0.0421875 0.0694444 0.400146
7 0.569271 0.0666667 0.0427083 0.0703704 0.416992
2 0.445573 0.8125 0.207813 0.349074 0.553711
7 0.445312 0.8125 0.20625 0.349074 0.587891
7 0.514844 0.0972222 0.0723958 0.103704 0.595703
7 0.621354 0.0310185 0.046875 0.062037 0.597656
7 0.515625 0.619444 0.158333 0.264815 0.616699
2 0.515365 0.618519 0.158854 0.264815 0.630859
9 0.703125 0.0736111 0.0125 0.0601852 0.636719
2 0.333333 0.966667 0.220833 0.0611111 0.647949
7 0.602344 0.398611 0.119271 0.180556 0.683594
9 0.034375 0.024537 0.0145833 0.0472222 0.691406
9 0.726562 0.074537 0.0135417 0.0601852 0.709473
2 0.975 0.151852 0.0479167 0.0740741 0.817383
2 0.561979 0.475 0.136458 0.174074 0.831543
2 0.0385417 0.27963 0.0770833 0.148148 0.869141
2 0.0838542 0.262037 0.135417 0.103704 0.880371
