2 0.514323 0.0990741 0.0567708 0.0962963 0.263916
7 0.54375 0.0787037 0.0479167 0.0796296 0.272949
7 0.595052 0.427315 0.114063 0.212037 0.326416
7 0.525781 0.0939815 0.0807292 0.10463 0.433105
7 0.55625 0.0712963 0.0895833 0.0981481 0.504395
9 0.703125 0.0740741 0.0125 0.0592593 0.655273
9 0.034375 0.025463 0.0145833 0.0472222 0.683105
9 0.726562 0.074537 0.0135417 0.0601852 0.714844
2 0.564844 0.496759 0.151562 0.226852 0.748047
2 0.984375 0.152778 0.03125 0.0703704 0.771973
2 0.0757812 0.261574 0.120312 0.100926 0.791992
2 0.0442708 0.281944 0.0885417 0.14537 0.879395
2 0.44349 0.18287 0.0661458 0.0916667 0.879395
