7 0.597396 0.410648 0.1125 0.191667 0.307861
7 0.536719 0.0740741 0.119271 0.0814815 0.342285
7 0.619792 0.0319444 0.04375 0.0638889 0.376465
2 0.620052 0.0319444 0.0432292 0.0638889 0.378174
0 0.738281 0.283333 0.0286458 0.0407407 0.406982
9 0.703125 0.0736111 0.0125 0.0601852 0.640137
2 0.447656 0.8125 0.211979 0.349074 0.650879
2 0.598177 0.401852 0.113021 0.17963 0.679199
9 0.726823 0.074537 0.0130208 0.0601852 0.703125
9 0.0338542 0.024537 0.015625 0.0490741 0.703613
2 0.515365 0.619444 0.157813 0.264815 0.775391
2 0.561979 0.475 0.136458 0.17037 0.811035
2 0.977344 0.154167 0.0453125 0.0731481 0.814941
2 0.0304688 0.278241 0.0609375 0.149074 0.84668
2 0.0786458 0.2625 0.140625 0.102778 0.888672
2 0.715885 0.315278 0.205729 0.156481 0.902344
2 0.511458 0.151389 0.139583 0.0972222 0.912109
