7 0.591667 0.05 0.04375 0.0703704 0.365234
2 0.592969 0.0513889 0.0421875 0.0694444 0.38916
7 0.566667 0.0699074 0.0458333 0.0768519 0.417969
7 0.533073 0.0824074 0.0484375 0.0814815 0.4729
7 0.515625 0.619907 0.158333 0.265741 0.48877
7 0.509896 0.101852 0.0635417 0.0962963 0.498047
2 0.510156 0.102315 0.0640625 0.0972222 0.524414
7 0.620833 0.0310185 0.0458333 0.062037 0.570312
9 0.703125 0.0736111 0.0125 0.0601852 0.662109
9 0.0341146 0.0240741 0.0161458 0.0481481 0.691406
2 0.446875 0.8125 0.210417 0.349074 0.691406
7 0.602083 0.398611 0.11875 0.180556 0.696289
2 0.515365 0.618981 0.157813 0.265741 0.716309
9 0.726562 0.074537 0.0135417 0.0601852 0.731445
2 0.561979 0.481481 0.136458 0.188889 0.812988
2 0.975 0.151389 0.0479167 0.0731481 0.818848
2 0.0609375 0.138889 0.121875 0.0925926 0.863281
2 0.0828125 0.261574 0.138542 0.10463 0.880371
2 0.0385417 0.27963 0.0770833 0.148148 0.883301
