7 0.583594 0.050463 0.0411458 0.0787037 0.339355
7 0.564323 0.0703704 0.0380208 0.0722222 0.442871
7 0.445573 0.811574 0.205729 0.347222 0.493896
7 0.608594 0.0375 0.0432292 0.075 0.61084
2 0.445833 0.811111 0.20625 0.348148 0.616211
9 0.703646 0.0736111 0.0135417 0.0583333 0.623047
7 0.51875 0.0958333 0.084375 0.108333 0.632812
9 0.726562 0.075463 0.0135417 0.0601852 0.663086
9 0.034375 0.025 0.0145833 0.0481481 0.688477
7 0.601562 0.393981 0.110417 0.180556 0.725586
2 0.979688 0.144907 0.040625 0.087963 0.77002
2 0.515365 0.618981 0.157813 0.265741 0.782715
2 0.561979 0.476852 0.136458 0.175926 0.837402
2 0.323438 0.137963 0.103125 0.0722222 0.86084
2 0.0494792 0.282407 0.0989583 0.15 0.868652
2 0.351042 0.930556 0.25 0.12963 0.887207
