7 0.446354 0.808333 0.20625 0.346296 0.342041
7 0.56224 0.0712963 0.0421875 0.0722222 0.342529
0 0.322396 0.972222 0.0489583 0.0481481 0.355713
7 0.53099 0.0837963 0.0484375 0.0842593 0.367676
7 0.584375 0.0532407 0.040625 0.0731481 0.387939
2 0.563281 0.0708333 0.0401042 0.0712963 0.446777
7 0.617188 0.35787 0.104167 0.180556 0.521484
7 0.608073 0.0375 0.0442708 0.075 0.55957
7 0.510417 0.0990741 0.071875 0.105556 0.570312
9 0.0338542 0.025 0.0145833 0.0481481 0.599609
7 0.517708 0.618981 0.1625 0.263889 0.614746
2 0.615625 0.355556 0.103125 0.175926 0.643555
2 0.446354 0.811111 0.207292 0.348148 0.658203
2 0.517708 0.618056 0.1625 0.262037 0.705078
9 0.703125 0.074537 0.0125 0.0601852 0.721191
9 0.726823 0.074537 0.0130208 0.0601852 0.759277
2 0.973437 0.141204 0.053125 0.0990741 0.817871
2 0.17526 0.333333 0.155729 0.181481 0.859375
2 0.351562 0.92963 0.248958 0.127778 0.891113
2 0.053125 0.260648 0.10625 0.102778 0.902832
2 0.572135 0.467593 0.126563 0.209259 0.910645
