7 0.533594 0.0833333 0.0473958 0.0814815 0.294434
7 0.591406 0.0518519 0.0442708 0.0740741 0.329834
2 0.568229 0.0675926 0.04375 0.0722222 0.33374
7 0.568229 0.0675926 0.0447917 0.0722222 0.364746
2 0.592969 0.0509259 0.0421875 0.0703704 0.451904
7 0.621354 0.0310185 0.046875 0.062037 0.586914
7 0.515625 0.0972222 0.0739583 0.103704 0.606445
7 0.515625 0.619444 0.158333 0.264815 0.616211
2 0.515365 0.618981 0.158854 0.265741 0.628418
9 0.703125 0.0736111 0.0125 0.0601852 0.634277
7 0.602344 0.399074 0.119271 0.183333 0.68457
7 0.445312 0.8125 0.207292 0.349074 0.69873
9 0.0341146 0.025 0.0151042 0.0481481 0.708496
9 0.726562 0.074537 0.0135417 0.0601852 0.712891
2 0.561979 0.478704 0.136458 0.183333 0.805176
2 0.975 0.151389 0.0479167 0.0731481 0.816406
2 0.0385417 0.280093 0.0770833 0.147222 0.874512
2 0.0833333 0.262037 0.136458 0.103704 0.878418
