7 0.635677 0.025463 0.0390625 0.0509259 0.253174
0 0.322656 0.972222 0.0484375 0.0462963 0.328613
7 0.583854 0.0523148 0.040625 0.0731481 0.387939
7 0.563542 0.0703704 0.0395833 0.0703704 0.484619
7 0.445573 0.811574 0.205729 0.347222 0.505859
7 0.534375 0.0833333 0.0510417 0.0833333 0.51709
7 0.515625 0.618981 0.158333 0.265741 0.545898
7 0.507812 0.101852 0.0666667 0.1 0.592285
2 0.445833 0.811111 0.20625 0.348148 0.603516
7 0.608333 0.0375 0.04375 0.075 0.633301
9 0.0346354 0.025 0.0140625 0.0481481 0.683105
2 0.515365 0.618519 0.157813 0.264815 0.721191
9 0.703125 0.074537 0.0125 0.0601852 0.72168
7 0.603125 0.394444 0.110417 0.183333 0.748047
9 0.726823 0.074537 0.0130208 0.0601852 0.760254
2 0.979688 0.14537 0.040625 0.0888889 0.799316
2 0.561979 0.480556 0.136458 0.185185 0.818848
2 0.0497396 0.282407 0.0994792 0.15 0.866211
2 0.351562 0.92963 0.248958 0.127778 0.887207
