2 0.563802 0.0703704 0.0390625 0.0703704 0.327148
0 0.321615 0.970833 0.0494792 0.0490741 0.351074
7 0.583594 0.0518519 0.0411458 0.0814815 0.377686
7 0.471875 0.739815 0.191667 0.314815 0.400879
7 0.561719 0.0712963 0.0432292 0.0722222 0.403076
7 0.529948 0.0833333 0.0494792 0.0833333 0.572754
7 0.608333 0.0375 0.04375 0.075 0.602051
9 0.703125 0.0736111 0.0125 0.0583333 0.62793
7 0.508594 0.105093 0.0578125 0.0953704 0.643555
2 0.673698 0.199537 0.0734375 0.121296 0.685547
9 0.034375 0.025 0.0145833 0.0481481 0.688477
9 0.726823 0.0740741 0.0130208 0.0592593 0.719727
2 0.967969 0.128241 0.0640625 0.0712963 0.76709
2 0.471615 0.739352 0.191146 0.313889 0.789062
2 0.563542 0.481944 0.128125 0.206481 0.797363
2 0.968229 0.168981 0.0635417 0.0787037 0.825195
2 0.598437 0.397685 0.105208 0.175 0.82959
2 0.0270833 0.298611 0.0541667 0.115741 0.852539
2 0.0596354 0.260185 0.119271 0.105556 0.86084
2 0.352083 0.930093 0.25 0.130556 0.895996
