7 0.507812 0.113426 0.053125 0.0787037 0.404785
7 0.571354 0.062963 0.0614583 0.0851852 0.419434
7 0.53099 0.0902778 0.0973958 0.113889 0.538086
9 0.034375 0.024537 0.0145833 0.0472222 0.620117
9 0.703125 0.0736111 0.0135417 0.0601852 0.704102
9 0.726562 0.075463 0.0135417 0.0601852 0.717773
2 0.0403646 0.284722 0.0807292 0.137963 0.723145
2 0.986979 0.149074 0.0260417 0.0740741 0.729004
2 0.589844 0.419907 0.117188 0.191667 0.741699
2 0.0666667 0.261111 0.126042 0.103704 0.785645
2 0.513802 0.628704 0.164062 0.268519 0.931152
