2 0.583854 0.0560185 0.040625 0.0731481 0.280029
2 0.507292 0.103704 0.0666667 0.0962963 0.28418
7 0.171354 0.498148 0.165625 0.262963 0.333008
7 0.56224 0.0712963 0.0421875 0.0722222 0.340576
7 0.446094 0.808333 0.205729 0.344444 0.34668
7 0.583854 0.0523148 0.040625 0.0768519 0.406006
7 0.529688 0.0828704 0.05 0.0824074 0.470947
2 0.563802 0.0703704 0.0380208 0.0703704 0.494629
7 0.508594 0.100926 0.0682292 0.1 0.550293
2 0.171094 0.5 0.166146 0.262963 0.561035
7 0.608333 0.0375 0.04375 0.075 0.584961
9 0.703125 0.0740741 0.0125 0.0592593 0.629395
2 0.445833 0.810648 0.20625 0.347222 0.633301
9 0.0341146 0.025463 0.0140625 0.0472222 0.692871
9 0.726823 0.074537 0.0130208 0.0601852 0.695312
2 0.0216146 0.290278 0.0432292 0.121296 0.771484
2 0.533333 0.561111 0.14375 0.238889 0.782227
2 0.648698 0.265741 0.0869792 0.142593 0.835449
2 0.96875 0.140278 0.0625 0.0972222 0.869629
2 0.059375 0.261111 0.11875 0.103704 0.888184
2 0.597135 0.40787 0.115104 0.184259 0.894043
2 0.351562 0.930556 0.248958 0.131481 0.895508
