7 0.542188 0.0768519 0.0447917 0.0740741 0.374023
7 0.594792 0.415741 0.1125 0.183333 0.424561
7 0.560417 0.0657407 0.078125 0.087037 0.449219
2 0.594792 0.414815 0.1125 0.185185 0.546875
7 0.521094 0.0949074 0.0588542 0.0953704 0.563477
9 0.703125 0.0740741 0.0125 0.0592593 0.677734
9 0.0341146 0.025 0.0151042 0.0481481 0.708496
2 0.986979 0.150926 0.0260417 0.0722222 0.727051
9 0.726562 0.074537 0.0135417 0.0601852 0.729492
2 0.0697917 0.260648 0.123958 0.106481 0.790527
2 0.0403646 0.283796 0.0807292 0.139815 0.82666
2 0.476562 0.150463 0.0604167 0.0805556 0.852539
2 0.557292 0.500463 0.135417 0.219444 0.903809
