7 0.563802 0.0712963 0.0328125 0.0703704 0.271973
7 0.510156 0.108333 0.0588542 0.0796296 0.355469
7 0.615625 0.0333333 0.05 0.0666667 0.54541
7 0.529167 0.0907407 0.0979167 0.111111 0.605957
2 0.989844 0.151852 0.0203125 0.0685185 0.669434
9 0.034375 0.025463 0.0145833 0.0472222 0.688477
7 0.584375 0.434259 0.11875 0.201852 0.716797
9 0.703125 0.0740741 0.0135417 0.0592593 0.738281
9 0.726562 0.075463 0.0135417 0.0601852 0.743652
2 0.0320312 0.288426 0.0640625 0.126852 0.79541
2 0.0606771 0.259722 0.119271 0.10463 0.858398
2 0.0434896 0.128704 0.0869792 0.0703704 0.898438
