7 0.5625 0.0717593 0.0354167 0.0731481 0.352539
2 0.507292 0.114352 0.0541667 0.0712963 0.383057
7 0.507812 0.112963 0.0552083 0.0740741 0.506836
7 0.529427 0.0828704 0.0692708 0.0861111 0.534668
9 0.703125 0.0736111 0.0125 0.0601852 0.660156
7 0.604167 0.0388889 0.0520833 0.0777778 0.662598
9 0.0338542 0.025 0.0145833 0.0481481 0.666992
2 0.989844 0.151389 0.0203125 0.0712963 0.671875
9 0.726562 0.074537 0.0135417 0.0601852 0.716797
2 0.0315104 0.288889 0.0630208 0.125926 0.727051
7 0.586719 0.426852 0.119271 0.194444 0.731934
2 0.0606771 0.260185 0.119271 0.103704 0.777344
