7 0.638542 0.0208333 0.0375 0.0416667 0.282471
0 0.321875 0.972222 0.05 0.0462963 0.291748
7 0.560417 0.0712963 0.046875 0.0740741 0.34082
7 0.446875 0.808333 0.207292 0.346296 0.355225
7 0.608854 0.037963 0.04375 0.0759259 0.52832
7 0.515625 0.618981 0.158333 0.265741 0.574219
7 0.528646 0.0810185 0.096875 0.0805556 0.587402
2 0.446875 0.811111 0.208333 0.348148 0.623047
9 0.703125 0.0736111 0.0125 0.0601852 0.67041
7 0.602344 0.395833 0.114063 0.180556 0.673828
9 0.0335938 0.025 0.0151042 0.0481481 0.685059
2 0.982813 0.14537 0.034375 0.0888889 0.689941
2 0.515365 0.618519 0.157813 0.264815 0.694336
9 0.726823 0.074537 0.0130208 0.0601852 0.734375
2 0.0484375 0.282407 0.096875 0.15 0.829102
2 0.5625 0.476852 0.136458 0.175926 0.83252
2 0.351302 0.92963 0.249479 0.127778 0.884766
2 0.496615 0.140741 0.103646 0.0740741 0.896484
2 0.947656 0.297685 0.104687 0.108333 0.915527
