7 0.446354 0.813889 0.20625 0.351852 0.321045
0 0.322135 0.971759 0.0494792 0.0472222 0.425049
7 0.508854 0.103704 0.0625 0.0981481 0.485107
2 0.602344 0.395833 0.115104 0.180556 0.503906
7 0.563021 0.0712963 0.040625 0.0740741 0.516113
7 0.533594 0.0828704 0.0494792 0.0824074 0.52832
7 0.591146 0.049537 0.0427083 0.0768519 0.573242
7 0.621615 0.0314815 0.0463542 0.062963 0.62207
9 0.0338542 0.025 0.0145833 0.0481481 0.628906
7 0.602344 0.396296 0.115104 0.181481 0.632812
2 0.446354 0.811111 0.207292 0.348148 0.654297
9 0.703125 0.0740741 0.0125 0.0592593 0.658203
2 0.508854 0.103704 0.0635417 0.0962963 0.727051
9 0.726823 0.074537 0.0130208 0.0601852 0.730957
2 0.515625 0.618519 0.158333 0.264815 0.785645
2 0.04375 0.28287 0.0875 0.150926 0.790527
2 0.56224 0.490741 0.135937 0.203704 0.820312
2 0.232292 0.261574 0.164583 0.123148 0.876953
2 0.350781 0.92963 0.248437 0.127778 0.88916
2 0.894531 0.153241 0.107813 0.0768519 0.898438
