2 0.507812 0.113426 0.0552083 0.0731481 0.330566
7 0.590885 0.0523148 0.0411458 0.075 0.445557
7 0.508073 0.111574 0.0557292 0.0768519 0.469482
7 0.527344 0.0856481 0.0828125 0.0972222 0.524902
2 0.590885 0.0513889 0.0421875 0.075 0.526855
2 0.989844 0.151389 0.0203125 0.0712963 0.664062
9 0.034375 0.025 0.015625 0.0481481 0.709473
9 0.703125 0.0736111 0.0125 0.0601852 0.727539
9 0.726562 0.0740741 0.0135417 0.0592593 0.753418
2 0.0320312 0.288426 0.0640625 0.128704 0.768555
7 0.5875 0.426389 0.116667 0.19537 0.779785
2 0.0606771 0.260185 0.119271 0.103704 0.820312
