2 0.586458 0.431481 0.121875 0.196296 0.257324
7 0.510677 0.110185 0.0578125 0.0722222 0.34668
2 0.0252604 0.283796 0.0505208 0.14537 0.540039
2 0.995313 0.160648 0.009375 0.0453704 0.584473
7 0.584375 0.434722 0.120833 0.200926 0.606445
7 0.530469 0.0898148 0.0973958 0.109259 0.607422
9 0.0341146 0.025 0.0140625 0.0481481 0.650879
9 0.703125 0.0736111 0.0125 0.0601852 0.716309
9 0.726562 0.074537 0.0135417 0.0601852 0.755859
2 0.0554687 0.260185 0.110937 0.105556 0.80957
2 0.398438 0.140278 0.103125 0.0731481 0.916504
