7 0.561719 0.0708333 0.0421875 0.075 0.253662
2 0.509115 0.112037 0.0546875 0.0685185 0.288818
7 0.510156 0.110185 0.0567708 0.0740741 0.359863
2 0.584115 0.440741 0.122396 0.196296 0.525879
9 0.703125 0.0736111 0.0125 0.0583333 0.589355
2 0.0244792 0.283796 0.0489583 0.147222 0.599121
7 0.530469 0.0898148 0.0994792 0.109259 0.599121
7 0.582031 0.440741 0.120312 0.196296 0.609863
9 0.0341146 0.025463 0.0140625 0.0472222 0.62793
9 0.726823 0.074537 0.0130208 0.0601852 0.707031
2 0.0552083 0.260185 0.109375 0.105556 0.809082
2 0.764323 0.149537 0.105729 0.075 0.930664
