2 0.514063 0.0986111 0.0583333 0.0972222 0.26416
7 0.514583 0.0976852 0.0583333 0.0990741 0.354736
2 0.642448 0.0134259 0.0442708 0.0268519 0.450195
7 0.551562 0.0736111 0.101042 0.108333 0.556641
9 0.703125 0.0740741 0.0125 0.0592593 0.638184
9 0.034375 0.024537 0.0166667 0.0490741 0.671387
9 0.726562 0.074537 0.0135417 0.0601852 0.71582
2 0.569531 0.476389 0.160938 0.269444 0.771484
2 0.982813 0.152315 0.034375 0.0712963 0.783203
2 0.0755208 0.262037 0.125 0.101852 0.808105
2 0.0460938 0.283796 0.0921875 0.139815 0.872559
2 0.436979 0.189815 0.06875 0.0925926 0.888672
