7 0.615365 0.0337963 0.0453125 0.0675926 0.251221
2 0.615104 0.0337963 0.0447917 0.0675926 0.338867
2 0.539062 0.0814815 0.0541667 0.0796296 0.461914
2 0.57526 0.0592593 0.0526042 0.0740741 0.601562
9 0.703125 0.0740741 0.0135417 0.0592593 0.662109
9 0.034375 0.0259259 0.0145833 0.0481481 0.703613
9 0.726562 0.075 0.0135417 0.0592593 0.717773
2 0.597135 0.408796 0.115104 0.180556 0.741699
2 0.0763021 0.2625 0.125521 0.10463 0.769043
2 0.5125 0.100463 0.0645833 0.0953704 0.773926
2 0.983594 0.152315 0.0328125 0.0712963 0.780273
2 0.342708 0.956019 0.239583 0.0824074 0.790039
2 0.0455729 0.283796 0.0911458 0.139815 0.884277
2 0.558333 0.502778 0.1375 0.222222 0.897949
2 0.338281 0.2875 0.0901042 0.119444 0.905762
