0 0.0302083 0.258796 0.0197917 0.0342593 0.274658
0 0.322396 0.971759 0.0489583 0.0472222 0.32373
7 0.446875 0.813889 0.208333 0.35 0.35376
7 0.583854 0.0523148 0.040625 0.075 0.407959
7 0.507031 0.10463 0.0651042 0.0962963 0.460449
7 0.563281 0.0708333 0.0401042 0.0712963 0.469482
7 0.515625 0.619444 0.158333 0.266667 0.504395
7 0.533073 0.0828704 0.0505208 0.0842593 0.587402
2 0.446354 0.811111 0.207292 0.348148 0.620605
9 0.0341146 0.025463 0.0140625 0.0472222 0.626953
7 0.608333 0.0375 0.04375 0.075 0.634277
2 0.507031 0.10463 0.0651042 0.0944444 0.68457
9 0.703125 0.0740741 0.0125 0.0592593 0.686035
7 0.602083 0.394444 0.110417 0.183333 0.71582
9 0.726562 0.075463 0.0135417 0.0601852 0.71875
2 0.515625 0.618981 0.158333 0.265741 0.75293
2 0.5625 0.481481 0.136458 0.185185 0.822266
2 0.973437 0.140741 0.053125 0.0981481 0.832031
2 0.0630208 0.287037 0.126042 0.151852 0.877441
2 0.351302 0.92963 0.248437 0.127778 0.88916
