5 0.586198 0.0523148 0.0505208 0.075 0.333008
7 0.585938 0.0537037 0.0510417 0.0759259 0.334473
9 0.0341146 0.0259259 0.0140625 0.0481481 0.678223
2 0.0244792 0.283796 0.0489583 0.141667 0.679199
2 0.586198 0.0523148 0.0505208 0.075 0.689453
2 0.534896 0.566667 0.151042 0.248148 0.693359
9 0.703646 0.0740741 0.0135417 0.0592593 0.745605
9 0.726562 0.075463 0.0135417 0.0601852 0.749512
7 0.524219 0.0912037 0.0817708 0.106481 0.776367
2 0.0549479 0.260648 0.108854 0.10463 0.832031
2 0.942187 0.152315 0.103125 0.0787037 0.899414
