7 0.582292 0.0606481 0.0458333 0.075 0.314209
0 0.323958 0.970833 0.05 0.0490741 0.325684
7 0.539844 0.0814815 0.0609375 0.0833333 0.341797
7 0.558854 0.0717593 0.0552083 0.0731481 0.34375
7 0.446354 0.808333 0.20625 0.346296 0.350342
7 0.514583 0.0990741 0.071875 0.103704 0.376953
2 0.609896 0.0375 0.0427083 0.075 0.395996
7 0.604427 0.0398148 0.0515625 0.0777778 0.437988
2 0.510417 0.101852 0.0666667 0.0981481 0.442627
7 0.602083 0.39537 0.114583 0.17963 0.522461
9 0.703125 0.0740741 0.0125 0.0592593 0.592285
2 0.446354 0.811111 0.207292 0.348148 0.610352
2 0.991406 0.147222 0.0171875 0.0777778 0.625488
2 0.602344 0.39537 0.115104 0.17963 0.634277
9 0.726823 0.074537 0.0130208 0.0601852 0.682617
9 0.0346354 0.025463 0.0151042 0.0472222 0.69873
2 0.0473958 0.280556 0.0947917 0.151852 0.707031
2 0.515625 0.618981 0.158333 0.265741 0.779297
2 0.561979 0.47963 0.1375 0.181481 0.837891
2 0.351302 0.92963 0.249479 0.127778 0.882812
2 0.772135 0.292593 0.172396 0.109259 0.925293
2 0.605208 0.144907 0.104167 0.0768519 0.928711
