7 0.520052 0.0949074 0.0734375 0.102778 0.542969
2 0.596094 0.411111 0.115104 0.17963 0.574707
7 0.570052 0.0527778 0.0703125 0.105556 0.618164
2 0.626562 0.0259259 0.046875 0.05 0.635742
9 0.703125 0.0736111 0.0135417 0.0583333 0.664062
9 0.726562 0.075463 0.0135417 0.0601852 0.687012
9 0.0341146 0.024537 0.0151042 0.0472222 0.690918
2 0.518229 0.0962963 0.071875 0.103704 0.729492
2 0.983594 0.152315 0.0328125 0.0712963 0.783691
2 0.0776042 0.262037 0.120833 0.101852 0.79541
2 0.559896 0.5 0.140625 0.218519 0.819336
2 0.398438 0.227778 0.0760417 0.103704 0.885254
2 0.0458333 0.28287 0.0916667 0.141667 0.891602
