2 0.59349 0.0513889 0.0411458 0.0694444 0.288574
7 0.591927 0.05 0.0421875 0.0703704 0.411377
7 0.515625 0.618981 0.158333 0.265741 0.518066
7 0.568229 0.0657407 0.04375 0.0703704 0.529297
7 0.621354 0.0310185 0.046875 0.062037 0.571289
7 0.517708 0.0962963 0.078125 0.105556 0.60498
9 0.703125 0.0736111 0.0135417 0.0601852 0.633301
7 0.602344 0.399074 0.119271 0.183333 0.670898
9 0.034375 0.025463 0.0145833 0.0472222 0.676758
9 0.726823 0.075 0.0130208 0.0592593 0.707031
2 0.515625 0.618519 0.158333 0.264815 0.734375
2 0.446354 0.811574 0.207292 0.349074 0.765625
2 0.561979 0.479167 0.136458 0.184259 0.814941
2 0.973958 0.150463 0.05 0.075 0.838867
2 0.0421875 0.281481 0.084375 0.148148 0.870605
2 0.35 0.934722 0.247917 0.119444 0.872559
2 0.0908854 0.2625 0.130729 0.102778 0.876953
