7 0.565885 0.0694444 0.0484375 0.0759259 0.458252
7 0.592188 0.050463 0.0458333 0.0712963 0.505859
2 0.640625 0.0157407 0.0458333 0.0314815 0.568359
9 0.0341146 0.025463 0.0140625 0.0472222 0.603516
7 0.597656 0.403704 0.114063 0.181481 0.637207
9 0.703125 0.0740741 0.0125 0.0592593 0.65625
7 0.519531 0.0953704 0.0817708 0.109259 0.70752
9 0.726823 0.0740741 0.0130208 0.0592593 0.739746
2 0.514583 0.618056 0.160417 0.265741 0.739746
2 0.0817708 0.261111 0.119792 0.1 0.779785
2 0.98125 0.153241 0.0375 0.0712963 0.79834
2 0.561979 0.497685 0.1375 0.215741 0.810059
2 0.35 0.933333 0.252083 0.125926 0.810059
2 0.0494792 0.285648 0.0989583 0.137963 0.871582
