7 0.572135 0.0601852 0.0588542 0.0833333 0.459717
7 0.541667 0.0773148 0.0458333 0.075 0.513672
7 0.519271 0.0953704 0.0552083 0.0944444 0.580566
2 0.594531 0.4125 0.113021 0.180556 0.653809
9 0.034375 0.025 0.0145833 0.0481481 0.682617
9 0.703125 0.0736111 0.0125 0.0601852 0.696777
2 0.986979 0.15 0.0260417 0.0740741 0.720703
9 0.726562 0.074537 0.0135417 0.0601852 0.747559
2 0.0697917 0.260648 0.123958 0.106481 0.797363
2 0.473698 0.153241 0.0619792 0.0824074 0.820801
2 0.0403646 0.284259 0.0807292 0.140741 0.831543
2 0.558073 0.501389 0.136979 0.219444 0.890137
