7 0.56901 0.0625 0.0651042 0.0768519 0.477783
7 0.521354 0.0953704 0.075 0.105556 0.609863
2 0.596094 0.410185 0.114063 0.177778 0.711426
9 0.703125 0.0740741 0.0135417 0.0592593 0.711914
9 0.0341146 0.025 0.0140625 0.0481481 0.712891
9 0.726562 0.075463 0.0135417 0.0601852 0.736816
2 0.630469 0.0231481 0.0484375 0.0462963 0.745117
2 0.983594 0.151389 0.0328125 0.0712963 0.78125
2 0.0770833 0.261574 0.121875 0.102778 0.80127
2 0.558854 0.5 0.1375 0.216667 0.872559
2 0.0458333 0.283333 0.0916667 0.140741 0.885742
2 0.408594 0.217593 0.0744792 0.1 0.899902
