9 0.885938 0.12963 0.015625 0.0425926 0.257812
7 0.448438 0.808796 0.2125 0.34537 0.272461
7 0.592188 0.0509259 0.0416667 0.0703704 0.310547
2 0.59375 0.0513889 0.040625 0.0694444 0.383057
7 0.567187 0.0694444 0.0458333 0.0759259 0.396973
7 0.510417 0.100926 0.0666667 0.0981481 0.411133
7 0.534115 0.0824074 0.0473958 0.0814815 0.453613
7 0.515625 0.619444 0.158333 0.264815 0.516113
7 0.620313 0.0314815 0.0447917 0.062963 0.564941
7 0.598437 0.402315 0.114583 0.178704 0.599121
2 0.509896 0.101389 0.065625 0.0972222 0.633789
2 0.447917 0.8125 0.2125 0.349074 0.63916
9 0.703125 0.0736111 0.0135417 0.0601852 0.658203
2 0.9875 0.153241 0.025 0.0712963 0.688965
9 0.726562 0.074537 0.0135417 0.0601852 0.705566
2 0.515625 0.618981 0.158333 0.265741 0.727051
9 0.0341146 0.025 0.0151042 0.0481481 0.729492
2 0.561979 0.482407 0.136458 0.187037 0.763672
2 0.90625 0.159259 0.14375 0.101852 0.848633
2 0.1875 0.29213 0.202083 0.150926 0.883301
2 0.0479167 0.261111 0.0958333 0.0962963 0.907715
