0 0.322396 0.971759 0.0489583 0.0472222 0.320068
7 0.446094 0.813889 0.205729 0.35 0.352295
7 0.583854 0.0532407 0.040625 0.0731481 0.421387
7 0.563802 0.0708333 0.0390625 0.0712963 0.464844
7 0.515625 0.619444 0.158333 0.266667 0.489258
7 0.533854 0.0828704 0.05 0.0824074 0.568848
7 0.506771 0.102778 0.065625 0.0981481 0.593262
2 0.445833 0.811111 0.20625 0.348148 0.619629
7 0.608333 0.0375 0.04375 0.075 0.642578
9 0.0341146 0.025 0.0151042 0.0481481 0.677734
9 0.703646 0.0736111 0.0125 0.0601852 0.717773
9 0.726562 0.075463 0.0135417 0.0601852 0.732422
7 0.603125 0.394444 0.110417 0.183333 0.753906
2 0.515625 0.618981 0.158333 0.265741 0.753906
2 0.973437 0.141204 0.053125 0.0990741 0.821777
2 0.5625 0.477778 0.136458 0.17963 0.828125
2 0.0559896 0.284722 0.111979 0.149074 0.875977
2 0.351302 0.92963 0.248437 0.127778 0.88916
