7 0.573177 0.0555556 0.0796875 0.0907407 0.298584
7 0.619792 0.0319444 0.04375 0.0638889 0.326172
0 0.679167 0.281019 0.028125 0.037963 0.348633
2 0.620052 0.0319444 0.0432292 0.0638889 0.425049
0 0.66875 0.280093 0.0145833 0.037963 0.443848
2 0.510938 0.100463 0.0677083 0.0972222 0.544434
9 0.703125 0.0736111 0.0135417 0.0601852 0.626953
2 0.447917 0.8125 0.2125 0.349074 0.654785
9 0.726823 0.074537 0.0130208 0.0601852 0.688965
9 0.034375 0.025 0.0145833 0.0481481 0.712891
2 0.0270833 0.27963 0.0541667 0.15 0.798828
2 0.598437 0.400926 0.114583 0.181481 0.800293
2 0.561979 0.484722 0.136458 0.189815 0.812012
2 0.515365 0.619444 0.157813 0.264815 0.823242
2 0.977083 0.155093 0.04375 0.0712963 0.82666
2 0.0770833 0.262037 0.142708 0.101852 0.884277
2 0.553125 0.151852 0.138542 0.1 0.904297
2 0.654427 0.312037 0.204688 0.157407 0.905762
