7 0.448438 0.808796 0.2125 0.34537 0.282959
7 0.590885 0.0518519 0.0453125 0.0740741 0.301758
2 0.567187 0.0694444 0.0458333 0.0759259 0.30249
2 0.534115 0.0824074 0.0484375 0.0814815 0.328125
7 0.566146 0.0708333 0.046875 0.075 0.33667
7 0.534115 0.0828704 0.0484375 0.0824074 0.375
2 0.592448 0.0518519 0.0432292 0.0703704 0.404541
7 0.620313 0.0319444 0.0447917 0.0638889 0.541504
7 0.598437 0.403704 0.113542 0.181481 0.586426
2 0.447917 0.8125 0.2125 0.349074 0.601074
9 0.703125 0.075 0.0125 0.0611111 0.637695
9 0.726823 0.074537 0.0130208 0.0601852 0.678711
2 0.509896 0.101852 0.065625 0.0981481 0.690918
9 0.0341146 0.024537 0.0140625 0.0472222 0.70459
2 0.561979 0.492593 0.1375 0.207407 0.759766
2 0.515365 0.618981 0.157813 0.265741 0.828125
2 0.978125 0.154167 0.0416667 0.0712963 0.82959
2 0.815365 0.159259 0.138021 0.1 0.890625
2 0.297396 0.29537 0.204167 0.15 0.893555
2 0.0731771 0.2625 0.146354 0.102778 0.914551
