2 0.594531 0.412963 0.114063 0.17963 0.460205
7 0.567969 0.062037 0.0671875 0.0851852 0.464355
2 0.515625 0.0981481 0.0541667 0.0944444 0.471924
7 0.515625 0.0976852 0.0541667 0.0953704 0.608398
7 0.541406 0.0782407 0.0453125 0.0787037 0.620605
9 0.0341146 0.025463 0.0140625 0.0472222 0.651367
9 0.703125 0.0736111 0.0125 0.0601852 0.69043
2 0.986719 0.150926 0.0265625 0.0703704 0.743652
9 0.726823 0.074537 0.0130208 0.0601852 0.747559
2 0.561458 0.500463 0.14375 0.219444 0.790039
2 0.0692708 0.258796 0.122917 0.10463 0.796875
2 0.0411458 0.282407 0.0822917 0.142593 0.855469
2 0.458854 0.168056 0.0635417 0.087963 0.884277
