2 0.594531 0.414815 0.114063 0.185185 0.441406
7 0.560938 0.0638889 0.08125 0.0925926 0.454834
2 0.515885 0.0981481 0.0546875 0.0962963 0.473633
7 0.541667 0.0777778 0.0458333 0.0777778 0.510742
7 0.515885 0.0976852 0.0546875 0.0972222 0.613281
9 0.0338542 0.025 0.0145833 0.0481481 0.636719
9 0.703125 0.0736111 0.0135417 0.0601852 0.709473
2 0.986719 0.150926 0.0265625 0.0722222 0.736816
9 0.726562 0.074537 0.0135417 0.0601852 0.753906
2 0.0671875 0.260185 0.126042 0.105556 0.783691
2 0.561719 0.5 0.144271 0.218519 0.788086
2 0.0403646 0.283796 0.0807292 0.141667 0.798828
2 0.460938 0.166204 0.0635417 0.087963 0.875
