2 0.535417 0.0824074 0.05 0.0833333 0.256348
7 0.447917 0.808796 0.2125 0.347222 0.276367
7 0.592969 0.05 0.0421875 0.0722222 0.341309
2 0.592969 0.050463 0.0421875 0.0694444 0.349609
2 0.620313 0.0310185 0.04375 0.062037 0.357178
7 0.510417 0.100463 0.0666667 0.0990741 0.377197
0 0.939062 0.293056 0.028125 0.0416667 0.380127
7 0.534115 0.0828704 0.0484375 0.0824074 0.386963
7 0.565885 0.0703704 0.0473958 0.0759259 0.418213
7 0.620313 0.0314815 0.0447917 0.062963 0.487061
7 0.900521 0.319444 0.198958 0.166667 0.494141
7 0.515625 0.619907 0.158333 0.265741 0.494385
2 0.900781 0.325 0.198437 0.164815 0.53418
2 0.447917 0.812037 0.2125 0.35 0.616699
7 0.598437 0.403704 0.113542 0.181481 0.617676
2 0.510938 0.101389 0.06875 0.0990741 0.65332
9 0.034375 0.0259259 0.0145833 0.0481481 0.696289
9 0.703125 0.0736111 0.0135417 0.0601852 0.697266
9 0.726562 0.075463 0.0135417 0.0601852 0.702148
2 0.515365 0.619444 0.158854 0.264815 0.719238
2 0.561979 0.476852 0.136458 0.175926 0.773438
2 0.975781 0.152315 0.0484375 0.0731481 0.803711
2 0.0398437 0.281019 0.0796875 0.14537 0.854492
2 0.084375 0.262037 0.136458 0.105556 0.883789
2 0.380469 0.146759 0.139062 0.100926 0.899902
