7 0.598177 0.406019 0.105729 0.189815 0.275146
9 0.726823 0.0736111 0.0130208 0.0564815 0.303467
7 0.584115 0.0513889 0.0411458 0.0787037 0.307129
7 0.56224 0.0708333 0.0421875 0.0731481 0.394287
7 0.507031 0.105556 0.0619792 0.0944444 0.486572
7 0.567448 0.481019 0.126563 0.213889 0.533691
2 0.507031 0.105556 0.0609375 0.0944444 0.551758
7 0.529688 0.0833333 0.0510417 0.0833333 0.554688
7 0.608854 0.0375 0.0427083 0.075 0.601562
7 0.536198 0.573148 0.169271 0.294444 0.62207
9 0.034375 0.024537 0.0145833 0.0472222 0.639648
7 0.703125 0.106944 0.0583333 0.123148 0.703125
2 0.598698 0.396759 0.106771 0.171296 0.80127
2 0.0270833 0.298611 0.0541667 0.117593 0.851074
2 0.967969 0.14213 0.0640625 0.0990741 0.870605
2 0.0598958 0.260648 0.119792 0.10463 0.891113
2 0.851042 0.17037 0.1125 0.0814815 0.913574
2 0.389062 0.873611 0.241667 0.239815 0.918945
