7 0.590625 0.0518519 0.0458333 0.0740741 0.285156
2 0.567187 0.0694444 0.0447917 0.0759259 0.307129
7 0.566146 0.0703704 0.046875 0.0740741 0.377686
2 0.59349 0.0513889 0.0411458 0.0694444 0.380615
7 0.534115 0.0828704 0.0484375 0.0824074 0.468262
7 0.515625 0.619444 0.158333 0.264815 0.510742
7 0.620573 0.0314815 0.0442708 0.062963 0.571289
7 0.598437 0.402778 0.114583 0.17963 0.599121
2 0.448177 0.8125 0.213021 0.349074 0.656738
2 0.984375 0.15463 0.03125 0.0703704 0.69043
9 0.703125 0.0736111 0.0135417 0.0601852 0.692871
2 0.509896 0.102315 0.065625 0.0953704 0.706055
9 0.034375 0.025 0.0145833 0.0481481 0.714355
2 0.515625 0.618981 0.158333 0.265741 0.726074
9 0.726562 0.0740741 0.0135417 0.0592593 0.729492
2 0.561719 0.483333 0.136979 0.188889 0.762207
2 0.900781 0.159722 0.145313 0.100926 0.860352
2 0.19401 0.29213 0.202604 0.150926 0.861328
2 0.0502604 0.261111 0.100521 0.0981481 0.90918
