7 0.511458 0.10787 0.059375 0.0805556 0.318848
7 0.635417 0.0185185 0.0458333 0.037037 0.370361
2 0.635417 0.0185185 0.0458333 0.037037 0.511719
2 0.586458 0.434259 0.122917 0.198148 0.54834
7 0.584375 0.434722 0.120833 0.202778 0.583496
7 0.529688 0.0907407 0.0979167 0.111111 0.644043
2 0.989844 0.151852 0.0203125 0.0703704 0.669434
9 0.703125 0.0736111 0.0135417 0.0601852 0.670898
9 0.0341146 0.025 0.0161458 0.0481481 0.694824
9 0.726562 0.074537 0.0135417 0.0601852 0.744141
2 0.0320312 0.286574 0.0640625 0.130556 0.80127
2 0.0606771 0.260185 0.119271 0.103704 0.853027
2 0.232812 0.135185 0.102083 0.0722222 0.88916
