7 0.591406 0.0518519 0.0453125 0.0740741 0.340088
7 0.566667 0.0694444 0.0458333 0.0759259 0.398438
2 0.592448 0.0513889 0.0432292 0.0694444 0.400146
7 0.534115 0.0828704 0.0484375 0.0824074 0.423828
7 0.620313 0.0319444 0.0447917 0.0638889 0.543457
7 0.598437 0.403241 0.113542 0.180556 0.571777
9 0.703125 0.0736111 0.0135417 0.0601852 0.602539
9 0.726562 0.0740741 0.0135417 0.0592593 0.665039
2 0.509896 0.101389 0.065625 0.0972222 0.666016
9 0.0338542 0.025463 0.0145833 0.0490741 0.695801
2 0.447917 0.812963 0.2125 0.35 0.714355
2 0.561979 0.483796 0.136458 0.189815 0.756348
2 0.978125 0.154167 0.0416667 0.0712963 0.833008
2 0.515365 0.618981 0.158854 0.265741 0.855469
2 0.259896 0.291667 0.205208 0.155556 0.874023
2 0.847917 0.160185 0.14375 0.101852 0.916504
2 0.0731771 0.2625 0.146354 0.102778 0.916992
