2 0.572917 0.0648148 0.0375 0.0703704 0.257324
2 0.509635 0.102315 0.0651042 0.0935185 0.315918
2 0.592969 0.0513889 0.0421875 0.0694444 0.374023
7 0.591406 0.0509259 0.0432292 0.0703704 0.379883
7 0.56875 0.0666667 0.0447917 0.0703704 0.384033
7 0.532812 0.0828704 0.0489583 0.0824074 0.438477
7 0.509896 0.1 0.065625 0.0981481 0.521973
7 0.515625 0.618981 0.158333 0.265741 0.547852
7 0.621354 0.0310185 0.046875 0.062037 0.604004
9 0.0341146 0.025463 0.0140625 0.0472222 0.634277
9 0.703125 0.0740741 0.0135417 0.0592593 0.637207
7 0.602344 0.398148 0.119271 0.181481 0.675781
2 0.515625 0.618519 0.158333 0.264815 0.690918
9 0.726562 0.074537 0.0135417 0.0601852 0.709473
2 0.445312 0.811111 0.207292 0.348148 0.73584
2 0.33776 0.956944 0.228646 0.0805556 0.800781
2 0.561979 0.476389 0.136458 0.176852 0.811523
2 0.975 0.152315 0.05 0.0731481 0.827637
2 0.0395833 0.280556 0.0791667 0.148148 0.849121
2 0.0864583 0.263426 0.130208 0.102778 0.872559
