7 0.446875 0.813889 0.208333 0.35 0.336426
7 0.583854 0.0523148 0.040625 0.0768519 0.366211
2 0.508333 0.104167 0.0625 0.0935185 0.414795
7 0.515885 0.618981 0.158854 0.265741 0.480957
7 0.563542 0.0708333 0.0395833 0.0712963 0.484863
7 0.602344 0.393056 0.111979 0.180556 0.485107
7 0.508333 0.104167 0.0625 0.0953704 0.54248
7 0.533333 0.0833333 0.05 0.0833333 0.606445
7 0.608594 0.0375 0.0432292 0.075 0.61084
2 0.602344 0.393056 0.110937 0.180556 0.61377
2 0.446354 0.811111 0.207292 0.348148 0.64502
9 0.703125 0.0736111 0.0125 0.0601852 0.652344
9 0.0341146 0.025 0.0151042 0.0481481 0.657227
9 0.726562 0.074537 0.0135417 0.0601852 0.722168
2 0.515625 0.618519 0.159375 0.264815 0.751465
2 0.979688 0.145833 0.040625 0.087963 0.798828
2 0.561979 0.480556 0.136458 0.183333 0.825195
2 0.0497396 0.281944 0.0994792 0.150926 0.876953
2 0.253906 0.136111 0.102604 0.0722222 0.879883
2 0.351302 0.930556 0.249479 0.12963 0.890137
