2 0.567448 0.0694444 0.0442708 0.0740741 0.285889
7 0.591927 0.0513889 0.0421875 0.0694444 0.318604
7 0.565885 0.0708333 0.0453125 0.0731481 0.373047
2 0.59349 0.0518519 0.0421875 0.0685185 0.404785
7 0.534115 0.0828704 0.0484375 0.0824074 0.486328
7 0.620573 0.0314815 0.0442708 0.062963 0.599121
7 0.598437 0.402315 0.114583 0.178704 0.623047
2 0.509896 0.101389 0.065625 0.0972222 0.637207
9 0.703125 0.0736111 0.0135417 0.0601852 0.671875
2 0.447917 0.8125 0.2125 0.349074 0.672363
9 0.726562 0.074537 0.0135417 0.0601852 0.720215
9 0.034375 0.024537 0.0145833 0.0472222 0.724121
2 0.515365 0.618981 0.157813 0.265741 0.76709
2 0.561979 0.484259 0.136458 0.190741 0.787109
2 0.170052 0.289815 0.201562 0.15 0.844727
2 0.922656 0.158796 0.148438 0.102778 0.885742
2 0.0393229 0.261574 0.0786458 0.0972222 0.903809
