7 0.572656 0.0615741 0.0578125 0.0842593 0.562988
2 0.592708 0.421296 0.116667 0.198148 0.638672
2 0.0403646 0.285648 0.0807292 0.141667 0.660645
9 0.703125 0.0736111 0.0125 0.0601852 0.675781
9 0.0338542 0.025 0.0145833 0.05 0.69043
7 0.531771 0.0819444 0.065625 0.0861111 0.692383
9 0.726562 0.0740741 0.0135417 0.0592593 0.719727
7 0.592188 0.418519 0.114583 0.188889 0.729004
2 0.986979 0.15 0.0260417 0.0740741 0.732422
2 0.0664062 0.261111 0.125521 0.103704 0.78125
2 0.5 0.125 0.0541667 0.0740741 0.786133
2 0.539062 0.552315 0.141667 0.239815 0.919922
