7 0.596094 0.421296 0.115104 0.205556 0.283447
7 0.535677 0.0833333 0.0442708 0.0814815 0.360352
2 0.535677 0.0814815 0.0442708 0.0796296 0.390381
7 0.519271 0.0953704 0.06875 0.0981481 0.45752
2 0.515625 0.0976852 0.065625 0.100926 0.491699
2 0.596615 0.412037 0.115104 0.185185 0.51416
7 0.570833 0.0546296 0.065625 0.0981481 0.543457
7 0.62474 0.0268519 0.0473958 0.0537037 0.578125
9 0.703125 0.0736111 0.0135417 0.0601852 0.660156
9 0.726562 0.075463 0.0135417 0.0601852 0.681641
9 0.0346354 0.025463 0.0140625 0.0472222 0.696289
2 0.983594 0.151852 0.0328125 0.0722222 0.785156
2 0.0776042 0.2625 0.122917 0.10463 0.803223
2 0.558333 0.5 0.1375 0.216667 0.834473
2 0.0455729 0.283333 0.0911458 0.140741 0.887695
2 0.391927 0.234722 0.0786458 0.102778 0.908691
