7 0.535417 0.0814815 0.046875 0.0777778 0.31543
2 0.595573 0.0476852 0.0453125 0.0712963 0.337646
2 0.534375 0.0837963 0.046875 0.0824074 0.406006
7 0.596875 0.414352 0.114583 0.186111 0.427734
7 0.595312 0.0476852 0.0458333 0.0712963 0.460205
7 0.565365 0.0694444 0.0473958 0.0777778 0.523926
2 0.597396 0.407407 0.115625 0.177778 0.533691
9 0.034375 0.025 0.0145833 0.0481481 0.679199
9 0.703646 0.0736111 0.0135417 0.0601852 0.733398
9 0.726562 0.075463 0.0135417 0.0601852 0.739258
2 0.0776042 0.260648 0.129167 0.0990741 0.754883
2 0.5125 0.1 0.0645833 0.0962963 0.769043
2 0.98125 0.152778 0.0375 0.0722222 0.79248
2 0.5125 0.624537 0.159375 0.267593 0.825195
2 0.560938 0.498611 0.136458 0.217593 0.841309
2 0.0505208 0.2875 0.101042 0.134259 0.844727
