2 0.509375 0.1125 0.0541667 0.0712963 0.36377
7 0.509896 0.109722 0.0552083 0.0768519 0.460693
7 0.524479 0.0893519 0.0802083 0.100926 0.562012
7 0.564844 0.0666667 0.0442708 0.0703704 0.599609
9 0.703125 0.0736111 0.0125 0.0601852 0.609863
2 0.0247396 0.283333 0.0494792 0.144444 0.618164
9 0.726823 0.074537 0.0130208 0.0601852 0.685059
9 0.034375 0.025463 0.0145833 0.0472222 0.696289
7 0.576823 0.45463 0.126563 0.207407 0.73584
2 0.0554687 0.260185 0.109896 0.105556 0.828125
2 0.794792 0.150463 0.10625 0.075 0.927734
