7 0.53125 0.134722 0.101042 0.0898148 0.305664
2 0.586458 0.434722 0.122917 0.199074 0.544922
7 0.584375 0.435648 0.120833 0.202778 0.583984
2 0.995313 0.160648 0.009375 0.0435185 0.599609
2 0.025 0.283333 0.05 0.148148 0.610352
7 0.533073 0.0773148 0.0942708 0.0805556 0.645996
9 0.703125 0.0740741 0.0125 0.0592593 0.716797
9 0.0346354 0.025463 0.0151042 0.0490741 0.72168
9 0.726562 0.074537 0.0135417 0.0601852 0.758301
2 0.0557292 0.260185 0.110417 0.105556 0.831543
2 0.530208 0.143519 0.103125 0.0759259 0.85498
