2 0.536458 0.0810185 0.0479167 0.0787037 0.456299
2 0.576823 0.0597222 0.0494792 0.0731481 0.587402
2 0.614062 0.0351852 0.0447917 0.0703704 0.602539
9 0.703125 0.0736111 0.0135417 0.0601852 0.683594
9 0.0338542 0.025 0.015625 0.0481481 0.696289
9 0.726562 0.075 0.0135417 0.0592593 0.732422
2 0.51224 0.100463 0.0651042 0.0953704 0.761719
2 0.0765625 0.2625 0.125 0.10463 0.774414
2 0.983333 0.152315 0.0333333 0.0712963 0.780273
2 0.597135 0.408333 0.114063 0.17963 0.788574
2 0.354948 0.923148 0.255729 0.146296 0.817383
2 0.0455729 0.283796 0.0911458 0.139815 0.886719
2 0.558333 0.502315 0.1375 0.221296 0.899414
2 0.324479 0.303241 0.0947917 0.125 0.904785
