2 0.558594 0.075 0.0359375 0.0740741 0.302979
7 0.538281 0.0800926 0.0536458 0.0787037 0.321777
2 0.538281 0.0800926 0.0536458 0.0787037 0.329346
2 0.615885 0.0328704 0.0453125 0.0657407 0.41626
2 0.577865 0.0597222 0.0473958 0.0731481 0.592773
9 0.0341146 0.025 0.0140625 0.0481481 0.638184
9 0.703125 0.0740741 0.0135417 0.0592593 0.67627
2 0.596875 0.408333 0.114583 0.17963 0.697754
9 0.726562 0.074537 0.0135417 0.0601852 0.723633
2 0.513281 0.100463 0.0630208 0.0953704 0.725098
2 0.0760417 0.2625 0.126042 0.10463 0.772949
2 0.983333 0.152315 0.0333333 0.0712963 0.780762
2 0.0455729 0.283796 0.0911458 0.139815 0.88623
2 0.558333 0.501852 0.1375 0.222222 0.892578
2 0.354167 0.271759 0.0875 0.117593 0.893066
