2 0.567187 0.0694444 0.0447917 0.0759259 0.31958
7 0.591406 0.050463 0.0432292 0.0712963 0.364746
2 0.592969 0.0513889 0.0411458 0.0694444 0.366455
7 0.566406 0.0708333 0.0463542 0.075 0.383545
2 0.533073 0.0824074 0.0484375 0.0814815 0.455322
7 0.620833 0.0314815 0.0458333 0.062963 0.613281
9 0.703125 0.0740741 0.0135417 0.0592593 0.643555
9 0.034375 0.025 0.0135417 0.0481481 0.661133
2 0.447917 0.8125 0.2125 0.349074 0.66748
9 0.726562 0.074537 0.0135417 0.0601852 0.713379
7 0.602083 0.398611 0.11875 0.180556 0.719238
2 0.509896 0.102778 0.0625 0.0962963 0.757812
2 0.515365 0.618981 0.157813 0.265741 0.759766
2 0.975 0.151389 0.0479167 0.0731481 0.815918
2 0.561979 0.475463 0.136458 0.175 0.831543
2 0.177344 0.14213 0.136979 0.0916667 0.880859
2 0.0388021 0.27963 0.0776042 0.148148 0.883301
2 0.0846354 0.2625 0.136979 0.10463 0.884277
