7 0.446094 0.808796 0.205729 0.347222 0.265625
0 0.323177 0.972222 0.0473958 0.0481481 0.31958
7 0.591667 0.05 0.04375 0.0703704 0.399902
2 0.592188 0.050463 0.04375 0.0712963 0.427979
7 0.515625 0.618981 0.158333 0.265741 0.454834
7 0.621354 0.0314815 0.046875 0.062963 0.478027
7 0.567187 0.0680556 0.0427083 0.0712963 0.52002
7 0.602344 0.399074 0.119271 0.181481 0.661621
7 0.519531 0.0958333 0.0838542 0.108333 0.672363
9 0.703646 0.0740741 0.0135417 0.0592593 0.691406
9 0.0341146 0.025 0.0140625 0.0481481 0.696289
2 0.445833 0.812037 0.20625 0.35 0.708984
9 0.726562 0.075463 0.0135417 0.0601852 0.723145
2 0.515365 0.618519 0.158854 0.264815 0.771484
2 0.5625 0.484259 0.136458 0.194444 0.812012
2 0.965625 0.150926 0.0666667 0.0740741 0.847656
2 0.0447917 0.281481 0.0895833 0.148148 0.866699
2 0.351302 0.930556 0.248437 0.127778 0.890137
2 0.11849 0.265278 0.144271 0.10463 0.900391
