2 0.566146 0.0680556 0.046875 0.0787037 0.381836
7 0.595573 0.0467593 0.0453125 0.0712963 0.423828
2 0.595573 0.0462963 0.0442708 0.0722222 0.425293
2 0.534375 0.0837963 0.046875 0.0824074 0.426514
7 0.565365 0.0689815 0.0484375 0.0787037 0.466309
9 0.0335938 0.024537 0.0151042 0.0490741 0.616699
2 0.596875 0.406944 0.115625 0.176852 0.677734
9 0.703125 0.0736111 0.0135417 0.0601852 0.731445
9 0.726562 0.075463 0.0135417 0.0601852 0.735352
2 0.5125 0.1 0.0645833 0.0962963 0.780762
2 0.98125 0.152778 0.0375 0.0722222 0.790039
2 0.0820312 0.260648 0.119271 0.100926 0.791992
2 0.559375 0.496759 0.1375 0.212037 0.859863
2 0.508594 0.633333 0.160938 0.27037 0.865723
2 0.0507812 0.286111 0.101562 0.138889 0.866211
