7 0.634375 0.025463 0.0375 0.0509259 0.258301
0 0.322656 0.971759 0.0494792 0.0472222 0.318115
7 0.584115 0.0527778 0.0411458 0.0759259 0.419434
7 0.563021 0.0703704 0.040625 0.0722222 0.488281
7 0.445833 0.812037 0.20625 0.348148 0.497559
7 0.515885 0.618981 0.158854 0.265741 0.513184
7 0.533333 0.0828704 0.05 0.0824074 0.598145
7 0.507031 0.103704 0.0651042 0.0962963 0.605469
2 0.446354 0.811111 0.207292 0.348148 0.606934
7 0.608333 0.0375 0.04375 0.075 0.633789
9 0.703125 0.0740741 0.0135417 0.0592593 0.653809
9 0.0338542 0.025 0.0145833 0.0481481 0.677734
9 0.726562 0.074537 0.0135417 0.0601852 0.725586
2 0.515625 0.618519 0.158333 0.264815 0.742676
7 0.603125 0.394444 0.110417 0.183333 0.756836
2 0.979688 0.143056 0.040625 0.0916667 0.76709
2 0.5625 0.478704 0.136458 0.17963 0.825684
2 0.0497396 0.282407 0.0994792 0.15 0.852539
2 0.350781 0.92963 0.248437 0.127778 0.885742
