7 0.58724 0.0486111 0.0473958 0.0824074 0.329834
0 0.321875 0.971759 0.0479167 0.0472222 0.348877
7 0.447135 0.813889 0.207813 0.35 0.354004
7 0.620052 0.0310185 0.0515625 0.062037 0.415039
7 0.508854 0.102778 0.0635417 0.0981481 0.421143
7 0.56276 0.0712963 0.0411458 0.0740741 0.422363
7 0.533854 0.0828704 0.0489583 0.0824074 0.435791
2 0.602344 0.395833 0.115104 0.180556 0.5
9 0.703125 0.0740741 0.0125 0.0592593 0.602051
2 0.446354 0.810648 0.207292 0.349074 0.616211
7 0.602344 0.396296 0.115104 0.181481 0.640137
9 0.034375 0.025 0.0166667 0.0481481 0.666504
2 0.508594 0.103241 0.0630208 0.0972222 0.680664
9 0.726823 0.074537 0.0130208 0.0601852 0.699219
2 0.0440104 0.282407 0.0880208 0.151852 0.743652
2 0.515625 0.618519 0.158333 0.264815 0.808594
2 0.561979 0.48287 0.136458 0.189815 0.82666
2 0.351302 0.92963 0.248437 0.127778 0.888184
2 0.828646 0.151852 0.105208 0.0777778 0.909668
2 0.339583 0.274074 0.166667 0.103704 0.913086
