7 0.535156 0.0837963 0.0442708 0.0824074 0.350098
7 0.619531 0.0305556 0.0473958 0.0611111 0.498535
2 0.619271 0.0300926 0.046875 0.0601852 0.520508
7 0.569531 0.0597222 0.0640625 0.087963 0.554199
7 0.515365 0.0976852 0.0640625 0.102778 0.558105
9 0.0341146 0.025 0.0140625 0.0462963 0.643555
9 0.703125 0.0736111 0.0135417 0.0601852 0.69043
2 0.596875 0.408333 0.114583 0.17963 0.71875
9 0.726562 0.074537 0.0135417 0.0601852 0.735352
2 0.983333 0.151852 0.0333333 0.0703704 0.78125
2 0.0765625 0.262963 0.125 0.103704 0.78125
2 0.0455729 0.283796 0.0911458 0.139815 0.882324
2 0.558594 0.500926 0.136979 0.216667 0.895996
2 0.373177 0.253241 0.0828125 0.110185 0.896484
