7 0.539583 0.0805556 0.05 0.0796296 0.366455
7 0.514844 0.1 0.0609375 0.0944444 0.442383
7 0.570052 0.062037 0.0640625 0.0777778 0.547363
2 0.514583 0.100926 0.0604167 0.0944444 0.561523
2 0.634896 0.0208333 0.046875 0.0416667 0.605469
9 0.0341146 0.024537 0.0151042 0.0490741 0.622559
2 0.595573 0.411111 0.114063 0.177778 0.633301
9 0.703125 0.0740741 0.0135417 0.0592593 0.713867
9 0.726562 0.075463 0.0135417 0.0601852 0.729492
2 0.982813 0.152778 0.034375 0.0703704 0.78418
2 0.0760417 0.261111 0.123958 0.101852 0.799316
2 0.560417 0.5 0.141667 0.216667 0.834961
2 0.417969 0.208333 0.0723958 0.0944444 0.875977
2 0.0460938 0.284722 0.0921875 0.137963 0.880371
