7 0.578125 0.0638889 0.0520833 0.0722222 0.255371
7 0.592969 0.0449074 0.0578125 0.0787037 0.260254
7 0.509115 0.101852 0.0640625 0.1 0.31543
7 0.446354 0.808333 0.20625 0.346296 0.34082
0 0.323958 0.97037 0.05 0.05 0.361328
7 0.561719 0.0708333 0.0453125 0.0712963 0.366943
7 0.534375 0.0837963 0.0510417 0.0842593 0.371826
9 0.703646 0.074537 0.0125 0.0583333 0.406006
7 0.614583 0.0337963 0.05 0.0675926 0.458008
2 0.602083 0.39537 0.114583 0.183333 0.479248
2 0.511198 0.101852 0.0682292 0.1 0.543457
7 0.602083 0.394907 0.115625 0.180556 0.58252
9 0.726823 0.0736111 0.0130208 0.0583333 0.617676
2 0.446354 0.811111 0.207292 0.348148 0.62793
9 0.034375 0.024537 0.0145833 0.0472222 0.658203
2 0.0463542 0.281944 0.0916667 0.150926 0.716797
2 0.515625 0.618519 0.158333 0.264815 0.777344
2 0.561979 0.479167 0.136458 0.180556 0.832031
2 0.351042 0.92963 0.248958 0.127778 0.884277
2 0.510938 0.281481 0.167708 0.109259 0.927246
2 0.744531 0.148611 0.105729 0.075 0.929199
