0 0.327865 0.975 0.0359375 0.0425926 0.250244
7 0.536719 0.0814815 0.0494792 0.0814815 0.27832
7 0.6375 0.0222222 0.0364583 0.0444444 0.283691
7 0.583073 0.049537 0.0421875 0.0824074 0.301514
7 0.446354 0.808333 0.205208 0.346296 0.351318
2 0.99375 0.294907 0.0125 0.0990741 0.424072
7 0.563021 0.0703704 0.040625 0.0722222 0.448242
7 0.520573 0.0953704 0.0765625 0.103704 0.480469
7 0.515625 0.619444 0.158333 0.264815 0.492676
7 0.608594 0.0375 0.0432292 0.075 0.538086
9 0.0338542 0.025 0.0145833 0.0481481 0.61084
2 0.446354 0.811111 0.207292 0.348148 0.631348
7 0.602344 0.394444 0.113021 0.181481 0.652832
9 0.703646 0.0740741 0.0135417 0.0592593 0.666504
9 0.726562 0.075463 0.0135417 0.0601852 0.696289
2 0.515365 0.618981 0.157813 0.265741 0.756836
2 0.980469 0.144907 0.0390625 0.087963 0.788086
2 0.561979 0.487037 0.136458 0.192593 0.82373
2 0.0497396 0.282407 0.0994792 0.15 0.865723
2 0.449219 0.140278 0.104687 0.075 0.88916
2 0.351562 0.930556 0.25 0.131481 0.889648
