7 0.571875 0.0634259 0.0604167 0.0842593 0.456543
2 0.589323 0.429167 0.119271 0.202778 0.567871
9 0.034375 0.0259259 0.0145833 0.0462963 0.647949
7 0.526302 0.0916667 0.0921875 0.112963 0.650391
7 0.586719 0.426852 0.119271 0.194444 0.668457
2 0.0398437 0.284259 0.0796875 0.142593 0.715332
2 0.986979 0.151852 0.0260417 0.0685185 0.73291
9 0.703125 0.0740741 0.0135417 0.0592593 0.756348
9 0.726562 0.075463 0.0135417 0.0601852 0.762207
2 0.0666667 0.260648 0.127083 0.10463 0.786621
2 0.429427 0.835648 0.218229 0.321296 0.921875
