2 0.58724 0.430556 0.121354 0.196296 0.481201
2 0.614062 0.0337963 0.0489583 0.0675926 0.509766
7 0.614062 0.0342593 0.0489583 0.0685185 0.520996
7 0.585417 0.431944 0.11875 0.197222 0.563477
9 0.703125 0.0736111 0.0135417 0.0601852 0.658203
9 0.726562 0.075 0.0135417 0.0592593 0.669434
2 0.989844 0.150926 0.0203125 0.0722222 0.673828
9 0.0346354 0.025463 0.0151042 0.0472222 0.706543
7 0.529688 0.0925926 0.0989583 0.111111 0.748047
2 0.0320312 0.2875 0.0640625 0.128704 0.79248
2 0.0609375 0.259722 0.11875 0.10463 0.85498
2 0.0325521 0.128704 0.0651042 0.0685185 0.858398
