7 0.539323 0.0810185 0.0546875 0.0824074 0.37207
7 0.565885 0.0703704 0.0473958 0.0759259 0.448975
7 0.513802 0.099537 0.0682292 0.100926 0.55957
7 0.591927 0.049537 0.0453125 0.0712963 0.590332
7 0.597656 0.40463 0.113021 0.183333 0.674316
9 0.034375 0.025463 0.0145833 0.0472222 0.700195
9 0.703125 0.0740741 0.0135417 0.0592593 0.714355
2 0.514583 0.61713 0.159375 0.267593 0.750977
9 0.726562 0.074537 0.0135417 0.0601852 0.757324
2 0.0809896 0.261111 0.121354 0.1 0.761719
2 0.98125 0.153241 0.0375 0.0712963 0.794922
2 0.561979 0.500463 0.1375 0.219444 0.839844
2 0.0497396 0.286111 0.0994792 0.138889 0.859375
