7 0.59375 0.416667 0.114583 0.185185 0.469238
7 0.573438 0.0615741 0.0572917 0.0842593 0.548828
2 0.59375 0.416667 0.114583 0.187037 0.60498
9 0.034375 0.025 0.015625 0.0481481 0.67627
7 0.532552 0.0814815 0.0640625 0.0851852 0.698242
2 0.986979 0.150926 0.0260417 0.0722222 0.731934
2 0.040625 0.284722 0.08125 0.141667 0.76416
2 0.0695312 0.260648 0.125521 0.106481 0.765137
9 0.703125 0.074537 0.0125 0.0601852 0.768555
9 0.726562 0.074537 0.0135417 0.0601852 0.787109
2 0.492188 0.13287 0.0552083 0.0805556 0.882812
2 0.552344 0.513889 0.132812 0.227778 0.921875
