7 0.448438 0.809722 0.2125 0.347222 0.260986
7 0.592969 0.05 0.0421875 0.0722222 0.328613
2 0.59349 0.0509259 0.0411458 0.0703704 0.339111
2 0.511979 0.100463 0.06875 0.0990741 0.395752
7 0.567187 0.0694444 0.0458333 0.0759259 0.406982
7 0.534375 0.0833333 0.0479167 0.0833333 0.459473
7 0.510938 0.1 0.0677083 0.1 0.476074
7 0.60026 0.402315 0.117188 0.182407 0.484619
7 0.515625 0.62037 0.158333 0.266667 0.495605
7 0.620573 0.0314815 0.0453125 0.062963 0.539062
2 0.447917 0.812963 0.2125 0.35 0.608398
9 0.703646 0.0740741 0.0135417 0.0592593 0.655273
9 0.034375 0.025 0.0145833 0.0481481 0.65625
9 0.726562 0.075 0.0135417 0.0611111 0.691406
2 0.561719 0.476852 0.135937 0.175926 0.719238
2 0.515365 0.618981 0.157813 0.265741 0.719727
2 0.978125 0.330093 0.04375 0.158333 0.752441
2 0.975 0.151389 0.0479167 0.0731481 0.794922
2 0.0388021 0.280093 0.0776042 0.14537 0.880859
2 0.0835937 0.2625 0.139062 0.10463 0.881836
2 0.28125 0.14537 0.139583 0.0962963 0.899414
