0 0.322396 0.971759 0.0489583 0.0472222 0.309814
7 0.446354 0.813889 0.207292 0.35 0.355469
7 0.584115 0.0532407 0.0411458 0.075 0.401123
7 0.563542 0.0699074 0.0395833 0.0712963 0.475586
7 0.515625 0.618981 0.158333 0.265741 0.504883
7 0.534375 0.0828704 0.05 0.0842593 0.510742
7 0.507812 0.101852 0.0666667 0.1 0.591797
2 0.446354 0.811111 0.207292 0.348148 0.614746
7 0.608333 0.0375 0.04375 0.075 0.649902
9 0.703125 0.0736111 0.0125 0.0601852 0.671875
9 0.034375 0.025 0.0145833 0.0481481 0.692383
9 0.726562 0.074537 0.0135417 0.0601852 0.733887
7 0.603125 0.394444 0.110417 0.183333 0.753906
2 0.515625 0.618519 0.158333 0.264815 0.754395
2 0.979688 0.144907 0.040625 0.0898148 0.794434
2 0.5625 0.479167 0.136458 0.182407 0.823242
2 0.0497396 0.282407 0.0994792 0.15 0.864258
2 0.351302 0.92963 0.249479 0.127778 0.884766
