7 0.577344 0.0606481 0.0515625 0.0731481 0.358154
7 0.610417 0.0361111 0.04375 0.0722222 0.417236
2 0.541667 0.0796296 0.059375 0.0796296 0.446289
2 0.577083 0.0597222 0.05 0.0731481 0.587402
9 0.0338542 0.025 0.0145833 0.0481481 0.666016
9 0.703125 0.0736111 0.0135417 0.0601852 0.686523
9 0.726562 0.074537 0.0135417 0.0601852 0.731445
2 0.5125 0.1 0.0645833 0.0962963 0.746094
2 0.0760417 0.2625 0.126042 0.10463 0.756348
2 0.983333 0.152315 0.0333333 0.0712963 0.777832
2 0.596875 0.40787 0.114583 0.178704 0.77832
2 0.395052 0.872222 0.241146 0.246296 0.783691
2 0.0455729 0.283796 0.0911458 0.139815 0.884277
2 0.558333 0.502315 0.1375 0.219444 0.896973
2 0.291406 0.337037 0.100521 0.133333 0.916016
