2 0.509375 0.111574 0.0541667 0.0694444 0.261475
7 0.510938 0.109259 0.0583333 0.0759259 0.272217
7 0.564062 0.0685185 0.0395833 0.0722222 0.473633
9 0.0338542 0.0240741 0.0145833 0.0481481 0.525879
9 0.703125 0.0736111 0.0125 0.0583333 0.575195
7 0.525 0.0902778 0.0864583 0.106481 0.607422
2 0.0244792 0.283796 0.0489583 0.143519 0.633301
9 0.726823 0.074537 0.0130208 0.0601852 0.691895
7 0.578646 0.448148 0.126042 0.2 0.724609
2 0.0554687 0.260185 0.109896 0.105556 0.831543
2 0.779427 0.150926 0.105729 0.0759259 0.925293
