7 0.634896 0.025463 0.0364583 0.0509259 0.259277
0 0.0078125 0.254167 0.015625 0.0361111 0.261963
0 0.322396 0.971759 0.0489583 0.0472222 0.299561
7 0.446875 0.808333 0.207292 0.346296 0.35376
2 0.507031 0.104167 0.0651042 0.0953704 0.377686
7 0.584115 0.0527778 0.0411458 0.0740741 0.404053
7 0.563802 0.0703704 0.0390625 0.0703704 0.486328
7 0.515625 0.619444 0.158333 0.266667 0.498779
7 0.507031 0.103704 0.0651042 0.0962963 0.597168
7 0.533333 0.0824074 0.05 0.0833333 0.602539
2 0.446875 0.811111 0.208333 0.348148 0.612305
7 0.608333 0.0375 0.04375 0.075 0.647949
9 0.703125 0.0736111 0.0125 0.0601852 0.662598
9 0.0341146 0.025 0.0151042 0.0481481 0.711914
9 0.726562 0.074537 0.0135417 0.0601852 0.728027
7 0.602604 0.394444 0.111458 0.183333 0.751953
2 0.515625 0.618981 0.158333 0.265741 0.75293
2 0.979167 0.143519 0.0416667 0.0907407 0.771973
2 0.5625 0.480093 0.136458 0.182407 0.823242
2 0.0497396 0.28287 0.0994792 0.149074 0.871582
2 0.351042 0.92963 0.248958 0.127778 0.887207
