2 0.403646 0.861111 0.234375 0.27037 0.48877
2 0.0393229 0.249074 0.0776042 0.112963 0.598633
2 0.636979 0.0175926 0.0447917 0.0351852 0.606934
7 0.403125 0.860185 0.234375 0.268519 0.638672
9 0.703125 0.0740741 0.0135417 0.0592593 0.654297
2 0.01875 0.274074 0.0375 0.137037 0.65918
9 0.0346354 0.025463 0.0151042 0.0472222 0.700195
9 0.726562 0.074537 0.0135417 0.0601852 0.726562
7 0.522656 0.0925926 0.0807292 0.105556 0.769531
2 0.972656 0.149537 0.0546875 0.0824074 0.82959
2 0.248698 0.143056 0.136979 0.0953704 0.847656
