2 0.510677 0.102778 0.0630208 0.0944444 0.376465
7 0.536458 0.0805556 0.046875 0.0777778 0.510742
7 0.566146 0.0708333 0.046875 0.0768519 0.537598
7 0.592188 0.049537 0.0447917 0.0712963 0.600586
7 0.510677 0.101852 0.0640625 0.0944444 0.60498
7 0.597396 0.404167 0.113542 0.182407 0.679199
9 0.034375 0.024537 0.0145833 0.0472222 0.696289
9 0.703125 0.0736111 0.0135417 0.0601852 0.716309
2 0.514583 0.617593 0.160417 0.266667 0.755371
9 0.726823 0.074537 0.0130208 0.0601852 0.758301
2 0.0815104 0.261574 0.120312 0.100926 0.762207
2 0.98125 0.152778 0.0375 0.0722222 0.793945
2 0.561979 0.5 0.1375 0.22037 0.841797
2 0.0497396 0.285648 0.0994792 0.139815 0.863281
