7 0.445833 0.808333 0.20625 0.346296 0.339355
0 0.321875 0.971759 0.05 0.0472222 0.342041
7 0.56224 0.0712963 0.0421875 0.0722222 0.388428
7 0.584115 0.0527778 0.0401042 0.0740741 0.39917
7 0.530208 0.0833333 0.05 0.0851852 0.448242
2 0.563281 0.0708333 0.0401042 0.0712963 0.452393
7 0.508854 0.100463 0.06875 0.102778 0.552246
7 0.608073 0.0375 0.0442708 0.075 0.595215
7 0.51849 0.618981 0.164062 0.265741 0.609863
9 0.0341146 0.025 0.0151042 0.0481481 0.64209
7 0.617448 0.35 0.100521 0.175926 0.654297
2 0.446354 0.811111 0.207292 0.348148 0.695312
2 0.51849 0.618981 0.164062 0.263889 0.703613
9 0.703125 0.074537 0.0125 0.0601852 0.717285
9 0.726823 0.074537 0.0130208 0.0601852 0.753906
2 0.973437 0.141667 0.0510417 0.0981481 0.810547
2 0.350521 0.92963 0.25 0.127778 0.886719
2 0.0567708 0.260185 0.1125 0.103704 0.89209
2 0.18724 0.338426 0.148438 0.182407 0.89209
2 0.575 0.460185 0.127083 0.209259 0.894043
