2 0.620313 0.0319444 0.04375 0.0638889 0.400391
7 0.620313 0.0319444 0.0447917 0.0638889 0.419189
2 0.511198 0.1 0.0682292 0.0981481 0.495605
0 0.61901 0.279167 0.0265625 0.0398148 0.508301
9 0.703125 0.0740741 0.0125 0.0592593 0.553711
9 0.726823 0.075 0.0130208 0.0592593 0.634277
2 0.447656 0.8125 0.211979 0.349074 0.655273
2 0.0247396 0.281481 0.0494792 0.151852 0.659668
9 0.034375 0.025 0.0145833 0.0481481 0.693359
2 0.978125 0.154167 0.04375 0.0712963 0.820801
2 0.5625 0.481481 0.1375 0.185185 0.821289
2 0.597656 0.400463 0.114063 0.184259 0.828613
2 0.515365 0.619444 0.157813 0.264815 0.833008
2 0.596875 0.309722 0.208333 0.156481 0.858398
2 0.0763021 0.2625 0.143229 0.100926 0.888672
2 0.594271 0.153241 0.138542 0.100926 0.908203
