0 0.322396 0.971759 0.0489583 0.0472222 0.306396
2 0.50651 0.104167 0.0651042 0.0953704 0.367676
7 0.583854 0.0523148 0.040625 0.075 0.42334
7 0.563281 0.0703704 0.0401042 0.0722222 0.473877
7 0.445833 0.811574 0.20625 0.347222 0.50293
7 0.515625 0.619444 0.158333 0.266667 0.509766
7 0.506771 0.102778 0.065625 0.0981481 0.578613
7 0.533333 0.0833333 0.05 0.0833333 0.59082
2 0.446354 0.811111 0.207292 0.348148 0.599121
7 0.608333 0.0375 0.04375 0.075 0.641113
9 0.0341146 0.025 0.0140625 0.0481481 0.687988
9 0.703125 0.0740741 0.0135417 0.0592593 0.696289
9 0.726562 0.075463 0.0135417 0.0601852 0.723145
2 0.515365 0.618981 0.157813 0.265741 0.749512
7 0.602865 0.393981 0.109896 0.182407 0.78125
2 0.5625 0.476389 0.136458 0.175 0.830566
2 0.973437 0.141204 0.053125 0.0972222 0.835938
2 0.351302 0.92963 0.248437 0.127778 0.888672
2 0.0658854 0.288889 0.131771 0.151852 0.913086
