0 0.125521 0.451389 0.021875 0.0361111 0.351074
2 0.572656 0.0634259 0.0494792 0.0694444 0.416504
7 0.598698 0.0458333 0.0432292 0.0712963 0.44751
7 0.572396 0.062037 0.0510417 0.0685185 0.466553
2 0.536198 0.0814815 0.0484375 0.0796296 0.498291
9 0.703125 0.0736111 0.0135417 0.0601852 0.673828
2 0.597135 0.408796 0.115104 0.180556 0.689941
9 0.034375 0.025 0.0145833 0.0481481 0.69873
9 0.726562 0.074537 0.0135417 0.0601852 0.733398
2 0.0760417 0.261574 0.123958 0.102778 0.777344
2 0.983333 0.152315 0.0333333 0.0712963 0.777832
2 0.51224 0.100463 0.0651042 0.0953704 0.797363
2 0.46875 0.747222 0.191667 0.311111 0.834961
2 0.0455729 0.284259 0.0911458 0.138889 0.878418
2 0.558333 0.498611 0.1375 0.212037 0.879395
2 0.139323 0.486111 0.143229 0.183333 0.916016
