2 0.59349 0.0509259 0.0411458 0.0703704 0.250488
0 0.894531 0.293519 0.0171875 0.0333333 0.272705
7 0.448177 0.808796 0.211979 0.347222 0.279053
2 0.510677 0.0990741 0.0682292 0.0981481 0.281982
7 0.591406 0.05 0.0432292 0.0703704 0.348145
7 0.534375 0.0842593 0.0479167 0.0833333 0.362305
7 0.565885 0.0703704 0.0484375 0.0759259 0.446045
7 0.515625 0.619907 0.158333 0.265741 0.479248
7 0.51224 0.0981481 0.0703125 0.1 0.49292
7 0.598437 0.403704 0.113542 0.183333 0.54541
7 0.620573 0.0310185 0.0453125 0.062037 0.571777
2 0.447917 0.812037 0.2125 0.35 0.608398
9 0.0341146 0.025463 0.0140625 0.0472222 0.628906
7 0.853646 0.321296 0.214583 0.159259 0.660156
9 0.703125 0.0736111 0.0135417 0.0601852 0.6875
9 0.726562 0.075463 0.0135417 0.0601852 0.70459
2 0.515365 0.618981 0.157813 0.265741 0.727051
2 0.561979 0.478704 0.136458 0.17963 0.763672
2 0.975781 0.151852 0.0484375 0.0722222 0.799316
2 0.0393229 0.280556 0.0786458 0.146296 0.862305
2 0.0859375 0.262037 0.13125 0.103704 0.883789
2 0.415625 0.148611 0.1375 0.100926 0.901367
