0 0.322396 0.971759 0.0489583 0.0472222 0.304443
7 0.446875 0.813889 0.208333 0.35 0.340088
7 0.583594 0.0513889 0.0411458 0.0787037 0.403809
7 0.563802 0.0703704 0.0390625 0.0703704 0.479248
7 0.532812 0.0833333 0.0510417 0.0833333 0.626953
7 0.608333 0.0375 0.04375 0.075 0.633789
2 0.446875 0.811111 0.208333 0.348148 0.646973
7 0.507552 0.105556 0.0640625 0.0962963 0.649414
9 0.703125 0.0736111 0.0135417 0.0601852 0.655273
9 0.0341146 0.0240741 0.0161458 0.0481481 0.680176
9 0.726562 0.074537 0.0135417 0.0601852 0.717773
7 0.603385 0.393519 0.109896 0.187037 0.72168
2 0.516146 0.618981 0.159375 0.265741 0.774902
2 0.973437 0.141667 0.0510417 0.0981481 0.82373
2 0.5625 0.491667 0.136458 0.205556 0.83252
2 0.350521 0.92963 0.25 0.127778 0.881348
2 0.0786458 0.293981 0.15625 0.156481 0.899902
