7 0.583073 0.05 0.0421875 0.0814815 0.351318
7 0.56224 0.0712963 0.0411458 0.0722222 0.352051
2 0.563802 0.0703704 0.0380208 0.0703704 0.388184
9 0.703125 0.075 0.0125 0.0592593 0.444824
7 0.506771 0.105556 0.0614583 0.0944444 0.494385
2 0.564844 0.482407 0.126563 0.214815 0.547852
2 0.50651 0.106019 0.0609375 0.0935185 0.555664
7 0.529688 0.0833333 0.0510417 0.0833333 0.563477
7 0.515885 0.61713 0.159896 0.263889 0.588867
7 0.608333 0.0375 0.04375 0.075 0.611328
7 0.565365 0.481481 0.127604 0.214815 0.672852
2 0.516146 0.617593 0.159375 0.262963 0.679199
9 0.034375 0.025463 0.0145833 0.0472222 0.719727
9 0.726823 0.0740741 0.0130208 0.0592593 0.740723
2 0.363542 0.906018 0.246875 0.180556 0.8125
2 0.598958 0.39537 0.10625 0.17037 0.819824
2 0.0270833 0.298611 0.0541667 0.115741 0.851562
2 0.967708 0.141667 0.0625 0.1 0.855957
2 0.692969 0.146296 0.0630208 0.103704 0.864258
2 0.0598958 0.261111 0.119792 0.105556 0.880859
2 0.864062 0.170833 0.113542 0.0768519 0.926758
