7 0.447135 0.813889 0.207813 0.35 0.359863
2 0.509896 0.103241 0.0614583 0.0953704 0.37793
7 0.563542 0.0703704 0.0395833 0.0740741 0.456055
7 0.535156 0.0824074 0.0505208 0.0833333 0.4729
7 0.590885 0.0490741 0.0453125 0.0759259 0.48999
7 0.515625 0.618981 0.158333 0.265741 0.496582
7 0.621094 0.0314815 0.0463542 0.062963 0.542969
7 0.510417 0.101389 0.0625 0.0990741 0.597656
9 0.0338542 0.024537 0.0145833 0.0472222 0.629395
2 0.446354 0.811574 0.207292 0.349074 0.629883
9 0.703125 0.0740741 0.0125 0.0592593 0.67041
7 0.601823 0.396296 0.114063 0.181481 0.702148
9 0.726823 0.074537 0.0130208 0.0601852 0.73584
2 0.515625 0.618981 0.158333 0.265741 0.741699
2 0.04375 0.28287 0.0875 0.150926 0.803223
2 0.561979 0.484722 0.1375 0.193519 0.821289
2 0.351042 0.92963 0.248958 0.127778 0.88623
2 0.925521 0.152315 0.109375 0.0787037 0.901367
2 0.184896 0.268056 0.163542 0.102778 0.913086
