7 0.570573 0.062037 0.0619792 0.0833333 0.502441
7 0.592188 0.424537 0.117708 0.200926 0.52002
7 0.505729 0.118056 0.053125 0.075 0.539551
7 0.529167 0.0837963 0.0729167 0.0898148 0.543457
2 0.592188 0.424074 0.117708 0.2 0.555176
2 0.0401042 0.285648 0.0802083 0.141667 0.626465
9 0.034375 0.025463 0.0145833 0.0472222 0.62793
9 0.703125 0.0740741 0.0125 0.0592593 0.708008
2 0.986979 0.149537 0.0260417 0.075 0.728516
9 0.726823 0.074537 0.0130208 0.0601852 0.744629
2 0.0666667 0.261111 0.126042 0.103704 0.786621
2 0.525781 0.590278 0.150521 0.25463 0.91748
