7 0.574219 0.0634259 0.0536458 0.0805556 0.262451
2 0.589323 0.42963 0.119271 0.201852 0.600098
7 0.538802 0.0907407 0.118229 0.12037 0.633301
7 0.586719 0.426852 0.119271 0.196296 0.661133
9 0.034375 0.024537 0.0145833 0.0472222 0.69043
2 0.986979 0.151852 0.0260417 0.0685185 0.733887
9 0.703125 0.0736111 0.0135417 0.0601852 0.765137
9 0.726562 0.075463 0.0135417 0.0601852 0.76709
2 0.0398437 0.284722 0.0796875 0.141667 0.775391
2 0.0666667 0.260648 0.127083 0.10463 0.803711
2 0.442969 0.817593 0.208854 0.342593 0.927734
