7 0.591667 0.050463 0.04375 0.0712963 0.342041
2 0.567708 0.0699074 0.04375 0.075 0.343262
7 0.566406 0.0708333 0.0442708 0.075 0.374512
7 0.510417 0.100926 0.065625 0.0944444 0.392334
2 0.592448 0.0513889 0.0432292 0.0712963 0.408936
7 0.534115 0.0828704 0.0484375 0.0824074 0.489502
2 0.510156 0.101389 0.0661458 0.0935185 0.562988
7 0.620573 0.0314815 0.0442708 0.062963 0.623047
9 0.702604 0.0736111 0.0135417 0.0601852 0.631348
7 0.597917 0.401852 0.114583 0.177778 0.63623
2 0.447917 0.812037 0.2125 0.348148 0.656738
9 0.726562 0.0740741 0.0135417 0.0592593 0.689941
9 0.0338542 0.025 0.015625 0.0481481 0.700195
2 0.0369792 0.262037 0.0739583 0.101852 0.729492
2 0.515625 0.619444 0.159375 0.266667 0.77002
2 0.561719 0.476852 0.135937 0.175926 0.800781
2 0.946875 0.158333 0.104167 0.105556 0.888672
2 0.116927 0.288889 0.200521 0.148148 0.896973
