7 0.511198 0.101852 0.0640625 0.0962963 0.341797
7 0.446354 0.813889 0.20625 0.35 0.346191
7 0.563542 0.0699074 0.0416667 0.075 0.449463
7 0.515625 0.618981 0.158333 0.265741 0.485107
7 0.621875 0.0314815 0.046875 0.062963 0.487305
2 0.591927 0.05 0.0442708 0.0740741 0.554688
7 0.533073 0.0828704 0.0484375 0.0824074 0.56543
2 0.445833 0.811574 0.20625 0.349074 0.63623
7 0.601823 0.396296 0.114063 0.181481 0.65332
9 0.703646 0.0740741 0.0135417 0.0592593 0.65332
9 0.726562 0.075463 0.0135417 0.0601852 0.688477
9 0.034375 0.025 0.0145833 0.0481481 0.692871
2 0.509896 0.103241 0.0614583 0.0953704 0.717773
2 0.0450521 0.28287 0.0890625 0.150926 0.738281
2 0.515365 0.618519 0.157813 0.264815 0.754883
2 0.5625 0.480093 0.136458 0.182407 0.82959
2 0.350781 0.92963 0.249479 0.127778 0.880859
2 0.945312 0.152315 0.107292 0.0787037 0.888184
2 0.157552 0.266667 0.161979 0.103704 0.92041
