7 0.535937 0.0810185 0.0479167 0.0787037 0.478516
7 0.566146 0.0703704 0.046875 0.0759259 0.531738
7 0.591927 0.0490741 0.0442708 0.0703704 0.592285
7 0.510938 0.101389 0.0635417 0.0953704 0.617676
9 0.0341146 0.025463 0.0151042 0.0472222 0.683105
7 0.597396 0.405093 0.1125 0.184259 0.694336
9 0.703125 0.0736111 0.0135417 0.0601852 0.721191
9 0.726562 0.074537 0.0135417 0.0601852 0.758301
2 0.0802083 0.261574 0.123958 0.100926 0.763184
2 0.514844 0.619907 0.159896 0.265741 0.770508
2 0.98125 0.152778 0.0375 0.0722222 0.79248
2 0.561979 0.500463 0.1375 0.221296 0.844238
2 0.0497396 0.286574 0.0994792 0.137963 0.856934
