0 0.322917 0.972222 0.0489583 0.0481481 0.356201
2 0.507031 0.104167 0.0651042 0.0953704 0.397461
7 0.583854 0.0532407 0.040625 0.075 0.4104
7 0.563281 0.0708333 0.0401042 0.0712963 0.470459
7 0.445833 0.811574 0.20625 0.347222 0.490967
7 0.515625 0.618981 0.158333 0.265741 0.533203
7 0.506771 0.103241 0.065625 0.0972222 0.594238
7 0.533333 0.0828704 0.05 0.0842593 0.600586
2 0.446354 0.811111 0.207292 0.348148 0.611328
7 0.608333 0.0375 0.04375 0.075 0.621582
9 0.703125 0.0736111 0.0125 0.0601852 0.663086
9 0.0341146 0.025 0.0140625 0.0481481 0.671387
2 0.515625 0.618519 0.158333 0.264815 0.723633
9 0.726562 0.074537 0.0135417 0.0601852 0.727051
7 0.603125 0.393981 0.110417 0.182407 0.741699
2 0.0114583 0.125 0.0229167 0.0740741 0.742188
2 0.979688 0.14537 0.040625 0.0888889 0.798828
2 0.5625 0.481019 0.136458 0.186111 0.818359
2 0.0497396 0.281481 0.0994792 0.151852 0.875
2 0.351302 0.92963 0.248437 0.127778 0.887207
