7 0.596354 0.416204 0.113542 0.186111 0.306396
7 0.565625 0.0694444 0.0458333 0.0796296 0.400146
2 0.534375 0.0833333 0.046875 0.0814815 0.41748
2 0.565885 0.0680556 0.0463542 0.0787037 0.460449
2 0.596875 0.408333 0.115625 0.17963 0.465088
2 0.596354 0.0472222 0.0427083 0.0722222 0.549805
9 0.034375 0.025463 0.0145833 0.0472222 0.679688
9 0.703125 0.0736111 0.0135417 0.0601852 0.689453
9 0.726562 0.074537 0.0135417 0.0601852 0.738281
2 0.559896 0.495833 0.138542 0.213889 0.759766
2 0.0796875 0.260185 0.119792 0.0981481 0.766113
2 0.98125 0.152315 0.0375 0.0712963 0.774414
2 0.5125 0.1 0.0645833 0.0962963 0.778809
2 0.501302 0.659722 0.169271 0.282407 0.844727
2 0.0489583 0.283333 0.0979167 0.140741 0.851562
