7 0.538281 0.0810185 0.0515625 0.0805556 0.289551
7 0.591667 0.0527778 0.04375 0.0740741 0.301514
2 0.567708 0.0675926 0.04375 0.0703704 0.387939
7 0.446094 0.814815 0.205729 0.351852 0.421387
7 0.567708 0.0662037 0.04375 0.0694444 0.446289
2 0.592969 0.0513889 0.0421875 0.0694444 0.450684
7 0.515625 0.618981 0.158333 0.265741 0.526367
7 0.621354 0.0310185 0.046875 0.062037 0.565918
7 0.516406 0.0962963 0.0755208 0.105556 0.581055
2 0.445833 0.8125 0.20625 0.350926 0.626953
9 0.703125 0.0736111 0.0125 0.0601852 0.640625
7 0.602344 0.399537 0.119271 0.182407 0.682617
9 0.0341146 0.025 0.0140625 0.0481481 0.711426
9 0.726562 0.074537 0.0135417 0.0601852 0.71582
2 0.515625 0.618519 0.158333 0.264815 0.727051
2 0.5625 0.483796 0.136458 0.191667 0.810547
2 0.972656 0.148611 0.0546875 0.0787037 0.838867
2 0.34974 0.931019 0.248437 0.125 0.878906
2 0.0963542 0.2625 0.130208 0.102778 0.884277
2 0.0442708 0.281944 0.0885417 0.147222 0.893066
