0 0.322135 0.971759 0.0494792 0.0472222 0.313965
7 0.583594 0.0518519 0.0411458 0.0759259 0.404297
7 0.563802 0.0703704 0.0390625 0.0703704 0.451904
7 0.445833 0.811574 0.20625 0.347222 0.50293
7 0.50625 0.10463 0.0645833 0.0962963 0.516602
7 0.515625 0.619444 0.158333 0.266667 0.546387
2 0.50651 0.105093 0.0651042 0.0953704 0.574219
9 0.703646 0.0740741 0.0135417 0.0592593 0.594238
2 0.446354 0.811111 0.207292 0.348148 0.601074
7 0.532552 0.0833333 0.0505208 0.0833333 0.61084
7 0.608333 0.0375 0.04375 0.075 0.626953
9 0.726562 0.075 0.0135417 0.0592593 0.643555
9 0.034375 0.025 0.0145833 0.0481481 0.70752
2 0.515625 0.618981 0.158333 0.265741 0.716797
7 0.602865 0.394444 0.109896 0.183333 0.796387
2 0.5625 0.47963 0.136458 0.183333 0.818848
2 0.973437 0.141204 0.053125 0.0972222 0.831543
2 0.351042 0.92963 0.25 0.127778 0.887695
2 0.0703125 0.290278 0.140625 0.15463 0.900879
