2 0.564062 0.0703704 0.0385417 0.0703704 0.336914
7 0.583594 0.050463 0.0411458 0.0824074 0.368896
7 0.561719 0.0708333 0.0421875 0.0712963 0.400635
2 0.508333 0.105556 0.0583333 0.0944444 0.429932
7 0.508333 0.105093 0.0583333 0.0953704 0.595703
7 0.530208 0.0833333 0.05 0.0833333 0.597168
7 0.608333 0.0375 0.04375 0.075 0.616211
2 0.967708 0.123611 0.0625 0.0638889 0.626465
9 0.034375 0.024537 0.0145833 0.0472222 0.635742
9 0.703125 0.0736111 0.0125 0.0583333 0.63916
9 0.726823 0.0740741 0.0130208 0.0592593 0.729492
2 0.677344 0.193056 0.0734375 0.121296 0.76416
2 0.564583 0.48287 0.128125 0.212037 0.791016
2 0.598437 0.397222 0.105208 0.175926 0.821289
2 0.960938 0.166667 0.078125 0.0833333 0.826172
2 0.477865 0.725463 0.188021 0.308333 0.828613
2 0.0270833 0.298611 0.0541667 0.115741 0.852539
2 0.059375 0.260648 0.11875 0.10463 0.870117
2 0.352083 0.92963 0.25 0.12963 0.900391
