7 0.535677 0.0814815 0.0484375 0.0777778 0.259521
2 0.570833 0.0652778 0.0458333 0.0731481 0.303223
2 0.597396 0.0476852 0.0427083 0.0731481 0.303711
2 0.535417 0.0833333 0.05 0.0814815 0.407959
7 0.567708 0.0685185 0.05 0.0740741 0.475342
7 0.597135 0.0467593 0.0421875 0.0731481 0.543457
2 0.597135 0.408796 0.115104 0.180556 0.67627
9 0.0338542 0.025 0.0145833 0.0481481 0.683594
9 0.703125 0.0736111 0.0135417 0.0601852 0.685059
9 0.726562 0.074537 0.0135417 0.0601852 0.733887
2 0.51224 0.100463 0.0651042 0.0953704 0.767578
2 0.983333 0.152315 0.0333333 0.0712963 0.779297
2 0.0757812 0.262037 0.126563 0.103704 0.790039
2 0.482031 0.708333 0.179688 0.3 0.79541
2 0.558333 0.5 0.1375 0.218519 0.871094
2 0.0458333 0.283796 0.0916667 0.139815 0.880859
2 0.0502604 0.61713 0.100521 0.239815 0.891602
