2 0.541667 0.0800926 0.059375 0.0805556 0.456787
2 0.577865 0.0597222 0.0484375 0.0731481 0.660645
9 0.0341146 0.025 0.0140625 0.0462963 0.680176
2 0.610417 0.0361111 0.04375 0.0722222 0.686035
9 0.703125 0.0736111 0.0135417 0.0601852 0.697266
2 0.399479 0.866667 0.238542 0.259259 0.734375
2 0.0755208 0.2625 0.127083 0.10463 0.73584
9 0.726823 0.074537 0.0130208 0.0601852 0.739258
2 0.596875 0.40787 0.114583 0.178704 0.755859
2 0.51224 0.100463 0.0651042 0.0953704 0.755859
2 0.983594 0.151852 0.0328125 0.0703704 0.777832
2 0.0455729 0.283796 0.0911458 0.139815 0.882324
2 0.558333 0.501852 0.1375 0.22037 0.893555
2 0.286979 0.339815 0.103125 0.137037 0.912109
