7 0.58125 0.0578704 0.046875 0.0787037 0.298828
7 0.533333 0.0856481 0.0583333 0.087963 0.302002
7 0.557552 0.0717593 0.0578125 0.0731481 0.354004
9 0.703646 0.0736111 0.0125 0.0583333 0.409424
2 0.511719 0.101389 0.0682292 0.100926 0.416016
7 0.514063 0.0990741 0.071875 0.105556 0.447266
2 0.602083 0.394444 0.114583 0.181481 0.499268
7 0.446094 0.812037 0.205729 0.348148 0.519531
7 0.610417 0.0365741 0.04375 0.0731481 0.520996
7 0.602344 0.394444 0.113021 0.183333 0.563965
9 0.726823 0.074537 0.0130208 0.0601852 0.582031
2 0.446615 0.811111 0.206771 0.348148 0.583984
2 0.992188 0.144907 0.015625 0.0842593 0.592773
9 0.0341146 0.025463 0.0140625 0.0472222 0.642578
2 0.046875 0.281019 0.09375 0.152778 0.661133
2 0.515625 0.618981 0.158333 0.265741 0.767578
2 0.561979 0.477778 0.1375 0.177778 0.837891
2 0.351562 0.92963 0.248958 0.127778 0.884277
2 0.651823 0.146296 0.105729 0.0759259 0.898438
2 0.685938 0.288889 0.169792 0.111111 0.915527
