2 0.99375 0.169444 0.0125 0.062963 0.2771
7 0.591927 0.0490741 0.0453125 0.0740741 0.447266
7 0.566406 0.0689815 0.0484375 0.075 0.44751
7 0.515365 0.62037 0.157813 0.266667 0.474854
2 0.442969 0.813889 0.205729 0.346296 0.514648
7 0.621615 0.0300926 0.0463542 0.0601852 0.515625
7 0.442969 0.813889 0.204688 0.344444 0.600098
7 0.597396 0.40463 0.113542 0.183333 0.616699
7 0.520052 0.0953704 0.0828125 0.109259 0.659668
9 0.702604 0.0740741 0.0135417 0.0592593 0.678223
9 0.0341146 0.025 0.0151042 0.0481481 0.714355
2 0.514844 0.619907 0.157813 0.265741 0.720703
9 0.726562 0.074537 0.0135417 0.0601852 0.722168
2 0.561719 0.481944 0.136979 0.186111 0.744141
2 0.0911458 0.258796 0.1125 0.0935185 0.772461
2 0.978125 0.153241 0.0416667 0.0694444 0.812012
2 0.0567708 0.283333 0.113542 0.142593 0.886719
