0 0.322656 0.971759 0.0484375 0.0472222 0.301025
7 0.446875 0.813889 0.208333 0.35 0.35083
0 0.0315104 0.25787 0.0192708 0.0361111 0.367188
7 0.584375 0.0532407 0.0395833 0.0731481 0.42041
2 0.506771 0.104167 0.065625 0.0953704 0.457275
7 0.563281 0.0708333 0.0401042 0.0712963 0.458984
7 0.515625 0.619444 0.158333 0.266667 0.481689
7 0.506771 0.103241 0.065625 0.0972222 0.562988
7 0.532812 0.0833333 0.05 0.0833333 0.588379
2 0.446354 0.811111 0.207292 0.348148 0.614258
7 0.608333 0.0375 0.04375 0.075 0.632324
9 0.034375 0.024537 0.0145833 0.0472222 0.687012
9 0.703125 0.0740741 0.0125 0.0592593 0.690918
7 0.602865 0.393981 0.110937 0.182407 0.71582
9 0.726562 0.075463 0.0135417 0.0601852 0.717285
2 0.515365 0.618981 0.157813 0.265741 0.761719
2 0.5625 0.47963 0.136458 0.183333 0.828613
2 0.973437 0.141667 0.053125 0.0981481 0.830078
2 0.0630208 0.287963 0.126042 0.153704 0.879883
2 0.351302 0.92963 0.248437 0.127778 0.88916
