7 0.447917 0.808796 0.2125 0.347222 0.265381
2 0.592969 0.0513889 0.0411458 0.0694444 0.296387
0 0.9 0.293519 0.0229167 0.037037 0.302979
7 0.591406 0.05 0.0432292 0.0703704 0.311279
7 0.510938 0.099537 0.0666667 0.0990741 0.404053
7 0.565885 0.0703704 0.0484375 0.0759259 0.409424
7 0.534115 0.0828704 0.0473958 0.0824074 0.414551
7 0.515625 0.619444 0.158333 0.266667 0.49292
7 0.620573 0.0310185 0.0453125 0.062037 0.51416
2 0.510417 0.100463 0.0666667 0.0972222 0.54834
7 0.598437 0.403704 0.113542 0.183333 0.587402
2 0.447917 0.812963 0.2125 0.35 0.60791
9 0.703646 0.0740741 0.0135417 0.0592593 0.656738
9 0.0338542 0.025463 0.0145833 0.0490741 0.678223
9 0.726562 0.075463 0.0135417 0.0601852 0.68457
2 0.515365 0.618981 0.157813 0.265741 0.727051
2 0.867969 0.321296 0.216146 0.157407 0.742188
2 0.561979 0.478704 0.136458 0.17963 0.768555
2 0.975781 0.151852 0.0484375 0.0722222 0.800293
2 0.0398437 0.280556 0.0796875 0.146296 0.87207
2 0.0835937 0.262037 0.136979 0.105556 0.879883
2 0.408073 0.147685 0.139062 0.100926 0.90332
