2 0.507812 0.103241 0.0677083 0.0972222 0.259521
0 0.321875 0.971759 0.0510417 0.0472222 0.334473
7 0.56224 0.0712963 0.0421875 0.0722222 0.336182
7 0.583854 0.0527778 0.040625 0.0759259 0.380859
7 0.530729 0.0828704 0.0510417 0.0824074 0.428467
2 0.563802 0.0703704 0.0390625 0.0703704 0.440918
7 0.636979 0.29537 0.090625 0.148148 0.515137
7 0.508333 0.101389 0.06875 0.100926 0.547852
7 0.446094 0.812037 0.206771 0.346296 0.556152
2 0.445833 0.812037 0.20625 0.346296 0.557129
2 0.63776 0.296296 0.0921875 0.151852 0.557617
7 0.608333 0.0375 0.04375 0.075 0.564453
0 0.203125 0.381019 0.01875 0.0342593 0.64502
2 0.0106771 0.295833 0.0213542 0.108333 0.65918
9 0.703125 0.0740741 0.0125 0.0592593 0.669922
9 0.034375 0.025 0.0145833 0.0481481 0.675293
9 0.726823 0.074537 0.0130208 0.0601852 0.728027
7 0.522917 0.597222 0.152083 0.255556 0.736816
2 0.223438 0.419444 0.114583 0.22037 0.762695
2 0.973437 0.141204 0.053125 0.0972222 0.808594
2 0.351562 0.92963 0.248958 0.127778 0.887207
2 0.05625 0.260185 0.1125 0.103704 0.88916
2 0.593229 0.409259 0.111458 0.183333 0.906738
