2 0.572656 0.062037 0.0526042 0.0703704 0.381104
2 0.601302 0.0449074 0.0432292 0.0731481 0.403564
0 0.164844 0.412963 0.0213542 0.037037 0.404297
7 0.572917 0.0606481 0.0520833 0.0712963 0.494141
2 0.538542 0.0819444 0.059375 0.0824074 0.497803
7 0.601562 0.0453704 0.0427083 0.0703704 0.532227
2 0.597135 0.408796 0.115104 0.180556 0.644531
9 0.703125 0.0740741 0.0125 0.0592593 0.680176
9 0.0341146 0.025 0.0151042 0.0481481 0.724609
9 0.726823 0.074537 0.0130208 0.0601852 0.743164
2 0.51224 0.1 0.0651042 0.0962963 0.760254
2 0.075 0.262037 0.127083 0.103704 0.766602
2 0.983333 0.152315 0.0333333 0.0712963 0.78125
2 0.460156 0.77037 0.198437 0.324074 0.845703
2 0.0458333 0.284259 0.0916667 0.138889 0.871094
2 0.558854 0.5 0.1375 0.214815 0.873535
2 0.178125 0.445833 0.129167 0.173148 0.908203
