7 0.532552 0.0837963 0.0494792 0.0842593 0.252686
2 0.572917 0.0643518 0.0375 0.0712963 0.310791
7 0.591406 0.0509259 0.0432292 0.0703704 0.343262
7 0.56875 0.0671296 0.04375 0.0712963 0.371338
2 0.592969 0.0513889 0.0421875 0.0694444 0.446289
7 0.446354 0.811574 0.209375 0.349074 0.529297
7 0.515625 0.618981 0.158333 0.265741 0.542969
7 0.621354 0.0310185 0.046875 0.062037 0.579102
2 0.445573 0.811574 0.207813 0.349074 0.589355
7 0.515625 0.0967593 0.0739583 0.10463 0.616211
9 0.703125 0.0740741 0.0135417 0.0592593 0.632324
2 0.328646 0.968518 0.209375 0.0555556 0.666016
7 0.602344 0.398611 0.119271 0.182407 0.674805
9 0.034375 0.025 0.0145833 0.0481481 0.696777
2 0.515365 0.618519 0.158854 0.264815 0.699707
9 0.726562 0.074537 0.0135417 0.0601852 0.708496
2 0.975 0.151389 0.0479167 0.0731481 0.815918
2 0.5625 0.477315 0.136458 0.178704 0.825684
2 0.0382813 0.27963 0.0765625 0.148148 0.863281
2 0.0835937 0.2625 0.135937 0.10463 0.87793
