0 0.322917 0.972222 0.0479167 0.0462963 0.294434
7 0.446354 0.813889 0.207292 0.35 0.346191
2 0.5625 0.0717593 0.04375 0.075 0.365967
7 0.510156 0.102778 0.0619792 0.0981481 0.38623
7 0.621875 0.0314815 0.046875 0.062963 0.453857
7 0.563802 0.0703704 0.0421875 0.0740741 0.46167
7 0.515625 0.619444 0.158333 0.266667 0.488281
7 0.533594 0.0828704 0.0484375 0.0824074 0.524902
2 0.591927 0.0513889 0.0442708 0.0731481 0.604004
2 0.446354 0.811111 0.207292 0.348148 0.639648
9 0.703646 0.0740741 0.0135417 0.0592593 0.656738
7 0.601562 0.39537 0.1125 0.183333 0.657227
9 0.034375 0.025463 0.0145833 0.0472222 0.691895
9 0.726562 0.075463 0.0135417 0.0601852 0.701172
2 0.509896 0.103241 0.0614583 0.0953704 0.710449
2 0.515365 0.618981 0.157813 0.265741 0.764648
2 0.0447917 0.281481 0.0895833 0.148148 0.786133
2 0.5625 0.479167 0.136458 0.180556 0.833984
2 0.946875 0.152315 0.10625 0.0768519 0.849609
2 0.350781 0.92963 0.249479 0.127778 0.881836
2 0.153646 0.266204 0.1625 0.102778 0.926758
