0 0.322656 0.971759 0.0484375 0.0472222 0.351562
2 0.619531 0.35 0.103646 0.172222 0.364746
7 0.561979 0.0712963 0.0427083 0.0722222 0.382324
7 0.530729 0.0837963 0.0510417 0.0842593 0.383789
7 0.584375 0.0532407 0.040625 0.075 0.391602
2 0.563021 0.0708333 0.040625 0.0712963 0.393066
2 0.445833 0.811111 0.20625 0.348148 0.547852
7 0.510417 0.099537 0.071875 0.10463 0.558594
7 0.445573 0.811111 0.205729 0.348148 0.566895
7 0.608073 0.0375 0.0442708 0.075 0.59082
7 0.516667 0.618056 0.160417 0.263889 0.606445
9 0.0341146 0.025463 0.0140625 0.0472222 0.658691
2 0.517187 0.617593 0.160417 0.262963 0.671387
9 0.703125 0.074537 0.0125 0.0601852 0.730469
9 0.726823 0.074537 0.0130208 0.0601852 0.758789
7 0.620573 0.348148 0.101562 0.175926 0.76709
2 0.973437 0.141204 0.0510417 0.0990741 0.812012
2 0.19401 0.34537 0.147396 0.187037 0.858887
2 0.0559896 0.261111 0.111979 0.1 0.885254
2 0.576823 0.455556 0.123438 0.203704 0.887207
2 0.351562 0.92963 0.248958 0.127778 0.888184
