0 0.322135 0.971759 0.0494792 0.0472222 0.342773
7 0.446354 0.813889 0.20625 0.35 0.349365
7 0.583854 0.0527778 0.040625 0.0740741 0.383301
7 0.563802 0.0708333 0.0390625 0.0712963 0.473389
7 0.534375 0.0824074 0.05 0.0833333 0.527832
7 0.515885 0.618981 0.158854 0.265741 0.542969
7 0.507292 0.102315 0.065625 0.0990741 0.599121
2 0.445833 0.811111 0.20625 0.348148 0.615234
7 0.608333 0.0375 0.04375 0.075 0.643066
9 0.0338542 0.024537 0.015625 0.0490741 0.667969
2 0.515625 0.618519 0.158333 0.264815 0.724121
7 0.603125 0.393981 0.110417 0.182407 0.739746
9 0.703125 0.074537 0.0125 0.0601852 0.742188
9 0.726823 0.074537 0.0130208 0.0601852 0.768555
2 0.979688 0.14537 0.040625 0.0888889 0.791992
2 0.5625 0.48287 0.136458 0.189815 0.808594
2 0.0497396 0.282407 0.0994792 0.15 0.866699
2 0.350781 0.92963 0.248437 0.127778 0.886719
