0 0.322656 0.972222 0.0473958 0.0462963 0.275635
2 0.507292 0.103704 0.065625 0.0962963 0.296875
7 0.65651 0.247222 0.0828125 0.138889 0.35498
7 0.5625 0.0712963 0.0416667 0.0722222 0.355225
7 0.583854 0.0518519 0.040625 0.0777778 0.375732
2 0.564062 0.0703704 0.0375 0.0703704 0.46875
7 0.530469 0.0828704 0.0515625 0.0824074 0.511719
7 0.507812 0.101852 0.0677083 0.1 0.563477
7 0.608333 0.0375 0.04375 0.075 0.604004
2 0.656771 0.246296 0.0822917 0.135185 0.651855
7 0.54375 0.533333 0.139583 0.22963 0.666016
9 0.703646 0.0736111 0.0125 0.0601852 0.688965
9 0.034375 0.025463 0.0145833 0.0472222 0.702637
2 0.104948 0.557407 0.206771 0.281481 0.725586
9 0.726562 0.075463 0.0135417 0.0601852 0.726074
2 0.967708 0.141204 0.0625 0.0990741 0.785645
2 0.0270833 0.298148 0.0541667 0.112963 0.858398
2 0.0588542 0.259722 0.117708 0.10463 0.864258
2 0.45 0.802778 0.20625 0.342593 0.890625
2 0.597396 0.407407 0.115625 0.188889 0.896484
2 0.350521 0.92963 0.25 0.127778 0.897949
