0 0.323177 0.97037 0.0473958 0.0481481 0.306885
2 0.592448 0.050463 0.0432292 0.0712963 0.371338
7 0.591927 0.0509259 0.0421875 0.0703704 0.460938
7 0.620833 0.0310185 0.046875 0.062037 0.506348
7 0.446094 0.812963 0.205729 0.35 0.519043
7 0.567969 0.0671296 0.0432292 0.0694444 0.528809
7 0.515625 0.618981 0.158333 0.265741 0.533203
2 0.446615 0.812963 0.206771 0.351852 0.590332
7 0.520052 0.0953704 0.0828125 0.107407 0.60498
9 0.034375 0.025 0.015625 0.0481481 0.672852
9 0.703646 0.0736111 0.0135417 0.0601852 0.679688
7 0.602344 0.399537 0.119271 0.182407 0.680176
2 0.515365 0.618981 0.157813 0.265741 0.717773
9 0.726562 0.075463 0.0135417 0.0601852 0.718262
2 0.561979 0.482407 0.136458 0.190741 0.804199
2 0.970312 0.151389 0.059375 0.0768519 0.871094
2 0.0447917 0.281019 0.0895833 0.149074 0.881836
2 0.351302 0.931019 0.249479 0.125 0.881836
2 0.106771 0.263889 0.136458 0.103704 0.894531
