2 0.590625 0.0509259 0.0416667 0.0759259 0.45166
7 0.590625 0.0523148 0.0416667 0.075 0.461914
7 0.507552 0.112963 0.0546875 0.0740741 0.469971
2 0.507292 0.113889 0.0541667 0.0722222 0.49292
7 0.533333 0.0796296 0.0645833 0.0796296 0.554199
2 0.989844 0.150926 0.0203125 0.0703704 0.660156
9 0.703125 0.0731481 0.0135417 0.0611111 0.676758
9 0.0341146 0.025 0.0151042 0.0481481 0.697754
9 0.726562 0.0740741 0.0135417 0.0592593 0.727051
2 0.0320312 0.287963 0.0640625 0.12963 0.749512
7 0.586719 0.426852 0.120312 0.194444 0.754395
2 0.0606771 0.259722 0.119271 0.10463 0.79248
