7 0.571875 0.0634259 0.0604167 0.0842593 0.443359
7 0.507812 0.114352 0.0510417 0.075 0.491211
7 0.528385 0.0865741 0.0776042 0.0972222 0.527344
9 0.0338542 0.024537 0.0145833 0.0490741 0.617676
9 0.703125 0.0740741 0.0135417 0.0592593 0.694336
9 0.726562 0.075 0.0135417 0.0592593 0.710938
2 0.986979 0.15 0.0260417 0.0740741 0.727539
2 0.040625 0.284722 0.08125 0.141667 0.745605
2 0.589063 0.422222 0.116667 0.194444 0.767578
2 0.0669271 0.261111 0.125521 0.103704 0.782227
2 0.508073 0.643981 0.167187 0.271296 0.934082
