2 0.514063 0.0990741 0.0583333 0.0962963 0.355713
2 0.595312 0.412037 0.114583 0.17963 0.414795
7 0.514583 0.0990741 0.0583333 0.0962963 0.511719
7 0.539583 0.0800926 0.0458333 0.0787037 0.513672
2 0.639844 0.0162037 0.0442708 0.0324074 0.516602
7 0.570312 0.0615741 0.0635417 0.0805556 0.531738
9 0.703646 0.0740741 0.0135417 0.0592593 0.699219
9 0.0341146 0.025 0.0151042 0.0481481 0.70459
9 0.726562 0.075463 0.0135417 0.0601852 0.71582
2 0.56276 0.499074 0.147396 0.22037 0.776855
2 0.982813 0.153241 0.034375 0.0694444 0.783691
2 0.0755208 0.2625 0.127083 0.102778 0.794434
2 0.0460938 0.285185 0.0921875 0.137037 0.871582
2 0.432292 0.19537 0.06875 0.0907407 0.880859
