2 0.59401 0.419907 0.110937 0.189815 0.28833
7 0.595052 0.419907 0.113021 0.19537 0.355713
2 0.515365 0.0986111 0.0536458 0.0953704 0.45752
7 0.570052 0.0615741 0.0630208 0.087963 0.472168
7 0.515365 0.0981481 0.0536458 0.0962963 0.565918
9 0.0338542 0.024537 0.0145833 0.0490741 0.621582
7 0.541406 0.0782407 0.0453125 0.0787037 0.634766
9 0.703125 0.0736111 0.0125 0.0601852 0.690918
9 0.726562 0.074537 0.0135417 0.0601852 0.739258
2 0.986719 0.15 0.0265625 0.0759259 0.751953
2 0.5625 0.499537 0.146875 0.221296 0.765625
2 0.0695312 0.260648 0.122396 0.102778 0.78125
2 0.0411458 0.281944 0.0822917 0.143519 0.834473
2 0.454427 0.172685 0.0640625 0.0898148 0.885254
