2 0.597656 0.0467593 0.0421875 0.0731481 0.361572
2 0.534896 0.0833333 0.0489583 0.0814815 0.451416
2 0.570573 0.0648148 0.0494792 0.0740741 0.46167
7 0.569531 0.0671296 0.0515625 0.0731481 0.481689
7 0.597135 0.0472222 0.0421875 0.0722222 0.487549
9 0.0341146 0.025 0.0140625 0.0481481 0.631836
9 0.703125 0.0736111 0.0135417 0.0601852 0.675293
2 0.597135 0.407407 0.115104 0.177778 0.716309
9 0.726562 0.074537 0.0135417 0.0601852 0.728516
2 0.0757812 0.261111 0.124479 0.101852 0.76416
2 0.983333 0.152315 0.0333333 0.0712963 0.78125
2 0.51224 0.1 0.0651042 0.0962963 0.791016
2 0.477083 0.726852 0.1875 0.305556 0.812988
2 0.559375 0.501389 0.138542 0.219444 0.875488
2 0.0455729 0.283796 0.0911458 0.139815 0.883301
2 0.0757812 0.551389 0.150521 0.202778 0.921875
