7 0.508073 0.1125 0.0557292 0.075 0.267578
7 0.555208 0.0662037 0.1 0.0787037 0.291016
7 0.579948 0.0578704 0.0505208 0.0731481 0.50293
7 0.525 0.0902778 0.0864583 0.106481 0.591309
9 0.0338542 0.025 0.015625 0.0481481 0.650879
2 0.989844 0.150463 0.0203125 0.0712963 0.660645
9 0.703125 0.0736111 0.0125 0.0601852 0.688965
9 0.726823 0.0740741 0.0130208 0.0592593 0.748047
2 0.0317708 0.288426 0.0635417 0.126852 0.762695
7 0.58776 0.426389 0.117188 0.19537 0.790039
2 0.0606771 0.260185 0.119271 0.103704 0.804199
