7 0.446875 0.808796 0.20625 0.347222 0.287842
0 0.322396 0.971759 0.0489583 0.0472222 0.309814
7 0.592188 0.0513889 0.04375 0.0694444 0.402832
2 0.592188 0.050463 0.0447917 0.0712963 0.449951
7 0.621094 0.0314815 0.0463542 0.062963 0.482666
7 0.566667 0.0680556 0.04375 0.0712963 0.52832
7 0.515625 0.618981 0.158333 0.265741 0.561523
7 0.51875 0.0962963 0.08125 0.107407 0.643066
7 0.602604 0.399074 0.119792 0.183333 0.668945
9 0.0341146 0.025 0.0151042 0.0481481 0.672852
9 0.703646 0.0740741 0.0135417 0.0592593 0.676758
2 0.446354 0.812037 0.207292 0.35 0.678711
2 0.515365 0.618981 0.158854 0.265741 0.702148
9 0.726562 0.075463 0.0135417 0.0601852 0.71875
2 0.5625 0.477315 0.136458 0.178704 0.817383
2 0.0447917 0.281481 0.0895833 0.148148 0.821289
2 0.964583 0.150463 0.06875 0.0787037 0.848633
2 0.351042 0.92963 0.247917 0.127778 0.887207
2 0.120833 0.265278 0.145833 0.102778 0.899902
