0 0.322396 0.971759 0.0489583 0.0472222 0.318359
7 0.446354 0.813889 0.20625 0.35 0.332764
7 0.583854 0.0532407 0.040625 0.075 0.418457
7 0.564062 0.0703704 0.0385417 0.0703704 0.484375
2 0.507031 0.106019 0.0630208 0.0953704 0.501953
7 0.507552 0.106481 0.0640625 0.0962963 0.575684
9 0.703125 0.0736111 0.0125 0.0601852 0.632812
7 0.532031 0.0833333 0.0526042 0.0833333 0.634277
7 0.608333 0.0375 0.04375 0.075 0.638184
2 0.445833 0.811574 0.20625 0.349074 0.657227
9 0.726823 0.074537 0.0130208 0.0601852 0.709961
9 0.034375 0.024537 0.0145833 0.0472222 0.722168
7 0.604167 0.389352 0.110417 0.182407 0.730469
2 0.515625 0.618981 0.158333 0.265741 0.779297
2 0.973437 0.141204 0.0510417 0.0972222 0.822754
2 0.350521 0.92963 0.25 0.127778 0.883789
2 0.563281 0.499537 0.139062 0.219444 0.885742
2 0.0838542 0.296296 0.167708 0.161111 0.899414
