7 0.535156 0.0828704 0.0473958 0.0824074 0.374512
7 0.591667 0.0509259 0.04375 0.0722222 0.457031
7 0.566146 0.0699074 0.046875 0.075 0.476562
7 0.510677 0.0986111 0.0682292 0.100926 0.51123
2 0.446875 0.812963 0.210417 0.348148 0.512695
7 0.515625 0.619907 0.158333 0.265741 0.520508
7 0.446875 0.8125 0.211458 0.347222 0.555176
7 0.597656 0.406481 0.114063 0.187037 0.593262
7 0.620313 0.0314815 0.0447917 0.062963 0.633789
9 0.034375 0.025463 0.0145833 0.0472222 0.676758
9 0.703125 0.0740741 0.0135417 0.0592593 0.679688
2 0.515365 0.618981 0.157813 0.265741 0.693848
9 0.726562 0.075463 0.0135417 0.0601852 0.703613
2 0.561198 0.484722 0.135937 0.191667 0.719727
2 0.976562 0.158333 0.046875 0.101852 0.82959
2 0.0747396 0.285185 0.149479 0.148148 0.887207
