7 0.500521 0.124074 0.053125 0.0740741 0.421875
2 0.591406 0.417593 0.115104 0.187037 0.550293
7 0.572135 0.0615741 0.0588542 0.0842593 0.585449
9 0.0341146 0.025463 0.0140625 0.0472222 0.649902
2 0.0403646 0.285648 0.0807292 0.141667 0.658203
9 0.703125 0.0740741 0.0125 0.0592593 0.666504
7 0.530729 0.0814815 0.0677083 0.0851852 0.720215
9 0.726562 0.074537 0.0135417 0.0601852 0.720703
7 0.591406 0.419444 0.115104 0.190741 0.726074
2 0.500521 0.124074 0.053125 0.0740741 0.729004
2 0.986979 0.150463 0.0260417 0.0731481 0.729492
2 0.0664062 0.261111 0.125521 0.103704 0.785156
2 0.535677 0.559722 0.143229 0.243519 0.927246
