7 0.535156 0.0833333 0.0473958 0.0833333 0.342529
7 0.446354 0.814815 0.209375 0.348148 0.35791
7 0.591406 0.050463 0.0442708 0.0712963 0.423828
7 0.515104 0.0958333 0.071875 0.0972222 0.425781
7 0.567187 0.0685185 0.0479167 0.0759259 0.459229
2 0.511979 0.0990741 0.06875 0.1 0.558594
7 0.515625 0.62037 0.158333 0.266667 0.559082
2 0.446094 0.8125 0.209896 0.347222 0.564941
7 0.620573 0.0310185 0.0442708 0.062037 0.61084
7 0.597656 0.405093 0.113021 0.184259 0.629395
9 0.0338542 0.024537 0.0145833 0.0490741 0.665039
2 0.515365 0.618981 0.157813 0.265741 0.681152
9 0.703125 0.0736111 0.0135417 0.0601852 0.703125
9 0.726562 0.075463 0.0135417 0.0601852 0.71875
2 0.561198 0.487963 0.135937 0.198148 0.751953
2 0.978646 0.159722 0.0427083 0.0990741 0.827637
2 0.0723958 0.284722 0.144792 0.147222 0.867676
