7 0.584115 0.0518519 0.0411458 0.0796296 0.369141
2 0.507031 0.105556 0.0619792 0.0925926 0.383301
7 0.5625 0.0712963 0.040625 0.0722222 0.425049
7 0.507031 0.10463 0.0619792 0.0944444 0.564941
2 0.977344 0.140741 0.0453125 0.0981481 0.574219
7 0.495313 0.673611 0.170833 0.287963 0.575195
7 0.530208 0.0828704 0.05 0.0824074 0.577637
9 0.703125 0.0736111 0.0135417 0.0601852 0.597656
2 0.495833 0.673611 0.170833 0.287963 0.617188
9 0.0335938 0.025 0.0140625 0.0481481 0.663086
7 0.608594 0.0375 0.0442708 0.075 0.666504
2 0.685417 0.169444 0.0666667 0.109259 0.688477
9 0.726562 0.074537 0.0135417 0.0601852 0.725586
2 0.598437 0.396759 0.10625 0.173148 0.759766
7 0.566146 0.481481 0.13125 0.214815 0.763672
2 0.0270833 0.298148 0.0541667 0.118519 0.853027
2 0.0596354 0.260648 0.119271 0.10463 0.871094
2 0.352865 0.924537 0.248437 0.141667 0.891113
2 0.922917 0.168519 0.1125 0.0814815 0.914062
