7 0.534635 0.0837963 0.0453125 0.0805556 0.283447
7 0.518229 0.0958333 0.0697917 0.0990741 0.476318
7 0.569531 0.0583333 0.0661458 0.0907407 0.544434
2 0.514844 0.0976852 0.0651042 0.100926 0.620605
2 0.627604 0.025 0.046875 0.05 0.644043
9 0.0341146 0.024537 0.0140625 0.0490741 0.660156
9 0.703125 0.0740741 0.0135417 0.0592593 0.67627
2 0.596094 0.410648 0.114063 0.178704 0.686523
9 0.726562 0.075463 0.0135417 0.0601852 0.696777
2 0.983594 0.152315 0.0328125 0.0712963 0.782227
2 0.0763021 0.262037 0.123438 0.101852 0.804199
2 0.558854 0.500463 0.138542 0.217593 0.858398
2 0.400781 0.225926 0.0765625 0.1 0.878906
2 0.0460938 0.283333 0.0921875 0.140741 0.886719
