2 0.507812 0.113426 0.0552083 0.0712963 0.32251
7 0.586458 0.0532407 0.046875 0.0731481 0.44458
7 0.508073 0.111574 0.0557292 0.075 0.483398
7 0.527344 0.0851852 0.0828125 0.0962963 0.544922
2 0.989844 0.15 0.0203125 0.0722222 0.670898
9 0.0341146 0.025 0.0140625 0.0481481 0.694824
9 0.703125 0.075 0.0125 0.0611111 0.757812
2 0.0320312 0.287963 0.0640625 0.127778 0.761719
7 0.58776 0.426389 0.117188 0.19537 0.766113
9 0.726823 0.074537 0.0130208 0.0601852 0.777344
2 0.0606771 0.259722 0.119271 0.10463 0.819336
