7 0.0427083 0.0981481 0.0479167 0.0740741 0.398438
7 0.0117188 0.110185 0.0234375 0.140741 0.398926
2 0.0424479 0.0976852 0.0484375 0.0731481 0.404541
7 0.0242187 0.037963 0.0484375 0.062963 0.40918
7 0.0729167 0.0675926 0.0645833 0.0962963 0.481689
7 0.114063 0.0384259 0.0614583 0.0768519 0.490967
9 0.585677 0.0453704 0.0119792 0.0555556 0.746582
9 0.565625 0.0430556 0.0104167 0.0509259 0.768066
2 0.46875 0.645833 0.125 0.175 0.773926
2 0.509896 0.427778 0.132292 0.181481 0.802246
2 0.531771 0.335648 0.0989583 0.126852 0.802734
2 0.502344 0.556481 0.143229 0.172222 0.824707
2 0.822917 0.215278 0.16875 0.121296 0.83252
2 0.298438 0.4625 0.125 0.147222 0.859375
2 0.34401 0.378241 0.107813 0.130556 0.867676
2 0.253385 0.543519 0.118229 0.175926 0.875977
2 0.964583 0.216204 0.0708333 0.119444 0.884766
2 0.434635 0.714815 0.172396 0.211111 0.887695
2 0.392448 0.881944 0.231771 0.226852 0.905762
2 0.0841146 0.864352 0.168229 0.263889 0.912109
2 0.17474 0.643981 0.188021 0.273148 0.919922
