9 0.725 0.0967593 0.0104167 0.0601852 0.352539
7 0.0247396 0.0393519 0.0494792 0.0731481 0.405762
7 0.11276 0.0388889 0.0598958 0.0777778 0.554688
2 0.0184896 0.116667 0.0369792 0.0925926 0.5625
7 0.0658854 0.0675926 0.0713542 0.0925926 0.569336
7 0.510938 0.395833 0.1 0.184259 0.698242
7 0.558594 0.268519 0.0817708 0.142593 0.712402
2 0.467969 0.640278 0.127604 0.165741 0.713379
9 0.565625 0.0425926 0.0104167 0.05 0.731445
9 0.585677 0.0439815 0.0109375 0.0509259 0.747559
2 0.502344 0.556944 0.139062 0.169444 0.833984
2 0.34401 0.376389 0.106771 0.128704 0.852051
2 0.298438 0.464815 0.125 0.151852 0.876953
2 0.964583 0.216204 0.0708333 0.119444 0.881348
2 0.435417 0.733796 0.160417 0.236111 0.889648
2 0.254167 0.543519 0.119792 0.175926 0.898438
2 0.817187 0.215741 0.165625 0.12037 0.898438
2 0.392969 0.894444 0.239063 0.2 0.90918
2 0.0841146 0.865278 0.168229 0.265741 0.911621
2 0.17474 0.644444 0.189063 0.274074 0.924805
