7 0.0817708 0.0537037 0.0708333 0.0907407 0.280273
9 0.72474 0.0962963 0.00989583 0.0611111 0.389404
2 0.0130208 0.128241 0.0260417 0.136111 0.51123
7 0.13724 0.0287037 0.0598958 0.0555556 0.544922
2 0.0809896 0.0560185 0.0703125 0.0953704 0.588379
2 0.863021 0.216204 0.170833 0.121296 0.727539
9 0.565625 0.0425926 0.0104167 0.05 0.727539
2 0.516667 0.459259 0.120833 0.218519 0.743652
9 0.585677 0.0439815 0.0109375 0.0509259 0.744141
2 0.529948 0.346296 0.101562 0.133333 0.776367
2 0.495313 0.559722 0.132292 0.175 0.786621
2 0.0460938 0.0935185 0.0526042 0.0722222 0.804199
2 0.339063 0.381944 0.10625 0.132407 0.85791
2 0.299219 0.4625 0.123438 0.147222 0.85791
2 0.464063 0.66713 0.136458 0.217593 0.912598
2 0.246615 0.546759 0.130729 0.180556 0.918457
