7 0.0182292 0.0421296 0.0364583 0.0583333 0.302246
7 0.0533854 0.0921296 0.0473958 0.075 0.394531
9 0.72474 0.0962963 0.00989583 0.0611111 0.409424
7 0.527604 0.37037 0.101042 0.162963 0.461182
7 0.0177083 0.0949074 0.0354167 0.167593 0.530273
7 0.50599 0.455093 0.116146 0.206481 0.540039
2 0.505729 0.453704 0.115625 0.203704 0.545898
2 0.882292 0.215741 0.16875 0.118519 0.679199
2 0.528385 0.366204 0.102604 0.15463 0.699219
2 0.053125 0.0916667 0.0479167 0.0759259 0.718262
2 0.101823 0.0425926 0.0651042 0.0851852 0.72168
9 0.565885 0.0425926 0.0109375 0.05 0.738281
9 0.585677 0.0439815 0.0109375 0.0509259 0.751953
2 0.3375 0.388426 0.104167 0.132407 0.879883
2 0.488802 0.568056 0.119271 0.187963 0.911621
2 0.294792 0.463889 0.132292 0.153704 0.918457
