7 0.0286458 0.0800926 0.0541667 0.0990741 0.254639
9 0.72474 0.0967593 0.00989583 0.0601852 0.332031
2 0.00885417 0.109722 0.0177083 0.121296 0.375488
7 0.0710938 0.0662037 0.0671875 0.0990741 0.45459
7 0.0242187 0.0407407 0.0484375 0.0703704 0.48877
7 0.108594 0.0398148 0.0786458 0.0796296 0.548828
2 0.467969 0.644907 0.127604 0.175 0.715332
2 0.0393229 0.0981481 0.0546875 0.0740741 0.719727
9 0.565885 0.0425926 0.0109375 0.05 0.719727
9 0.585677 0.0439815 0.0109375 0.0509259 0.739746
2 0.822917 0.215278 0.16875 0.121296 0.832031
2 0.502344 0.555093 0.141146 0.169444 0.835938
2 0.510417 0.427778 0.13125 0.185185 0.839844
2 0.532812 0.332407 0.0979167 0.12963 0.845215
2 0.34375 0.376389 0.104167 0.128704 0.862793
2 0.298177 0.4625 0.125521 0.147222 0.873047
2 0.435937 0.72963 0.161458 0.224074 0.876465
2 0.964583 0.215741 0.0708333 0.12037 0.885254
2 0.396354 0.889815 0.240625 0.209259 0.896973
2 0.253646 0.543056 0.11875 0.176852 0.897461
2 0.0841146 0.864352 0.167187 0.263889 0.913086
2 0.17474 0.644444 0.188021 0.274074 0.921875
