9 0.725 0.0967593 0.0104167 0.062037 0.256836
2 0.009375 0.117593 0.01875 0.114815 0.403564
7 0.0835937 0.0564815 0.0567708 0.0981481 0.449951
7 0.113542 0.037037 0.0677083 0.0740741 0.478271
7 0.0356771 0.0893519 0.0703125 0.0972222 0.511719
9 0.565885 0.0430556 0.0109375 0.0509259 0.680176
7 0.527344 0.355556 0.114063 0.159259 0.687988
9 0.585677 0.0444444 0.0109375 0.0518519 0.716797
2 0.805469 0.214815 0.157813 0.12037 0.781738
2 0.492188 0.551852 0.111458 0.166667 0.805176
2 0.510417 0.462963 0.0979167 0.148148 0.852539
2 0.397396 0.283333 0.0885417 0.111111 0.85791
2 0.964583 0.215741 0.0708333 0.12037 0.881348
2 0.253385 0.543981 0.119271 0.176852 0.88916
2 0.453906 0.663889 0.158854 0.287037 0.896973
2 0.084375 0.865741 0.167708 0.266667 0.906738
2 0.33125 0.406481 0.1125 0.140741 0.912598
2 0.407813 0.844444 0.203125 0.301852 0.914551
2 0.174479 0.643981 0.188542 0.273148 0.92041
