2 0.00807292 0.124537 0.0161458 0.0842593 0.31958
7 0.113021 0.037037 0.06875 0.0740741 0.474365
7 0.0671875 0.0532407 0.090625 0.106481 0.492432
7 0.0356771 0.0907407 0.0703125 0.103704 0.575195
9 0.565885 0.0430556 0.0109375 0.0509259 0.648926
7 0.530729 0.356944 0.115625 0.169444 0.69043
9 0.585677 0.0444444 0.0109375 0.0518519 0.693848
2 0.492188 0.552315 0.111458 0.167593 0.82959
2 0.483594 0.13287 0.0536458 0.0694444 0.847656
2 0.289062 0.477315 0.109375 0.160185 0.850098
2 0.79375 0.214815 0.166667 0.122222 0.856445
2 0.510677 0.463426 0.0984375 0.149074 0.857422
2 0.964583 0.216204 0.0708333 0.119444 0.882324
2 0.33776 0.396759 0.105729 0.134259 0.884277
2 0.453906 0.663889 0.158854 0.287037 0.903809
2 0.407813 0.844444 0.203125 0.303704 0.913086
2 0.0950521 0.82963 0.190104 0.296296 0.932129
2 0.214583 0.573611 0.16875 0.243519 0.932617
