2 0.10651 0.00648148 0.0380208 0.012963 0.271484
2 0.170833 0.00740741 0.0395833 0.0148148 0.312988
9 0.725 0.0962963 0.0104167 0.0611111 0.317627
7 0.52526 0.381944 0.104687 0.178704 0.476807
2 0.495313 0.493981 0.123958 0.228704 0.498291
2 0.526042 0.383796 0.104167 0.178704 0.57373
7 0.495573 0.492593 0.120312 0.224074 0.586426
2 0.0203125 0.112963 0.040625 0.111111 0.64502
2 0.366927 0.28287 0.0880208 0.128704 0.683594
9 0.565625 0.0430556 0.0104167 0.0509259 0.737793
9 0.585677 0.0439815 0.0109375 0.0509259 0.752441
2 0.321875 0.412037 0.114583 0.140741 0.913086
