0 0.37526 0.9125 0.0338542 0.0509259 0.336182
9 0.72474 0.0962963 0.00989583 0.0611111 0.359131
2 0.0427083 0.0981481 0.0479167 0.0740741 0.366211
7 0.0427083 0.0981481 0.0479167 0.0740741 0.416748
7 0.0242187 0.0375 0.0484375 0.0638889 0.422607
7 0.0117188 0.113426 0.0234375 0.132407 0.442383
7 0.0747396 0.0675926 0.0619792 0.0962963 0.481201
7 0.11276 0.0398148 0.0598958 0.0796296 0.491455
9 0.565885 0.0425926 0.0109375 0.05 0.721191
9 0.585677 0.0439815 0.0109375 0.0509259 0.741699
2 0.532031 0.3375 0.0994792 0.130556 0.825684
2 0.496875 0.562963 0.154167 0.185185 0.830078
2 0.510417 0.428704 0.13125 0.185185 0.842285
2 0.822917 0.215278 0.16875 0.121296 0.842773
2 0.432031 0.700463 0.172396 0.236111 0.860352
2 0.298698 0.462037 0.124479 0.146296 0.861328
2 0.964583 0.216204 0.0708333 0.119444 0.883789
2 0.34401 0.378241 0.108854 0.130556 0.891113
2 0.253906 0.543056 0.118229 0.176852 0.89502
2 0.384375 0.87037 0.23125 0.251852 0.905762
2 0.0841146 0.865278 0.168229 0.263889 0.918945
2 0.174479 0.643981 0.188542 0.273148 0.922852
