7 0.0526042 0.0902778 0.05 0.075 0.367188
7 0.01875 0.116667 0.0375 0.124074 0.380127
2 0.0528646 0.0912037 0.0473958 0.075 0.592773
9 0.585156 0.0439815 0.0109375 0.0509259 0.710938
9 0.565625 0.0430556 0.0104167 0.0509259 0.719727
2 0.507552 0.462037 0.119271 0.22037 0.73291
2 0.528125 0.360648 0.102083 0.139815 0.794922
2 0.496094 0.114352 0.0505208 0.075 0.853516
2 0.447396 0.733796 0.146875 0.228704 0.906738
2 0.33099 0.393056 0.110937 0.132407 0.918457
2 0.229948 0.57963 0.154687 0.181481 0.934082
