0 0.989062 0.188889 0.01875 0.037037 0.300049
2 0.0078125 0.124074 0.015625 0.0814815 0.330566
7 0.0864583 0.0550926 0.053125 0.0953704 0.336426
7 0.116406 0.0365741 0.0619792 0.0731481 0.501953
7 0.0354167 0.0703704 0.0697917 0.133333 0.511719
9 0.565625 0.0430556 0.0114583 0.0509259 0.643066
9 0.585677 0.0449074 0.0109375 0.0509259 0.688477
2 0.755729 0.214352 0.169792 0.119444 0.805176
2 0.290104 0.474537 0.107292 0.156481 0.806152
2 0.338542 0.389352 0.1 0.134259 0.82373
2 0.492708 0.551389 0.1125 0.162037 0.842773
2 0.065625 0.880556 0.13125 0.231481 0.86084
2 0.508854 0.447685 0.0947917 0.143519 0.867676
2 0.958594 0.216204 0.0828125 0.119444 0.870117
2 0.609375 0.321296 0.157292 0.159259 0.882324
2 0.453906 0.663426 0.158854 0.286111 0.903809
2 0.225781 0.553704 0.163021 0.242593 0.905762
2 0.407813 0.844444 0.203125 0.301852 0.918945
2 0.127344 0.746296 0.199479 0.266667 0.927734
