9 0.725 0.0967593 0.0104167 0.0601852 0.251221
7 0.0252604 0.0240741 0.0505208 0.0481481 0.25415
2 0.00911458 0.116667 0.0182292 0.118519 0.382568
7 0.113542 0.037037 0.0677083 0.0740741 0.482422
7 0.0828125 0.0560185 0.059375 0.0990741 0.491211
7 0.0361979 0.0902778 0.0703125 0.0972222 0.52002
9 0.565885 0.0430556 0.0109375 0.0509259 0.666016
7 0.527344 0.356019 0.114063 0.160185 0.685547
9 0.585677 0.0444444 0.0109375 0.0518519 0.709473
2 0.805208 0.214815 0.158333 0.12037 0.767578
2 0.491927 0.552315 0.111979 0.167593 0.811523
2 0.510677 0.463889 0.0984375 0.15 0.852539
2 0.402865 0.273611 0.0848958 0.110185 0.86377
2 0.964583 0.215741 0.0708333 0.12037 0.882324
2 0.253646 0.543056 0.11875 0.175 0.899902
2 0.453906 0.663889 0.158854 0.287037 0.899902
2 0.0841146 0.864815 0.168229 0.266667 0.907715
2 0.332292 0.403704 0.110417 0.138889 0.914551
2 0.407813 0.843518 0.203125 0.301852 0.916016
2 0.174479 0.643981 0.1875 0.273148 0.921875
