7 0.0348958 0.0726852 0.0697917 0.136111 0.350098
7 0.117188 0.037963 0.0604167 0.0740741 0.383057
2 0.00729167 0.123611 0.0145833 0.0787037 0.387451
2 0.0885417 0.0615741 0.0458333 0.0935185 0.38916
2 0.0356771 0.0708333 0.0703125 0.134259 0.453857
9 0.565625 0.0430556 0.0104167 0.0509259 0.652344
9 0.585156 0.0444444 0.0119792 0.0518519 0.653809
2 0.289844 0.474074 0.107813 0.155556 0.794434
2 0.40625 0.208796 0.169792 0.119444 0.831543
2 0.0653646 0.880556 0.130729 0.231481 0.861328
2 0.529688 0.386574 0.101042 0.130556 0.89209
2 0.226302 0.554167 0.163021 0.243519 0.897949
2 0.338542 0.387037 0.1 0.135185 0.900879
2 0.828646 0.215741 0.165625 0.122222 0.901855
2 0.504167 0.487963 0.104167 0.162963 0.919434
2 0.407292 0.843518 0.202083 0.301852 0.919434
2 0.457292 0.643519 0.15625 0.274074 0.921387
2 0.127083 0.746296 0.2 0.266667 0.924805
