2 0.46875 0.643981 0.125 0.171296 0.282227
7 0.0138021 0.127315 0.0265625 0.14537 0.344727
7 0.119531 0.037037 0.0536458 0.0740741 0.446289
7 0.0723958 0.0513889 0.08125 0.100926 0.617676
2 0.517448 0.456481 0.119271 0.224074 0.673828
2 0.484115 0.575 0.151562 0.205556 0.726074
9 0.585677 0.0449074 0.0119792 0.0546296 0.737305
2 0.0466146 0.0925926 0.0526042 0.0722222 0.73877
9 0.565625 0.0430556 0.0114583 0.0509259 0.753906
2 0.530208 0.346296 0.1 0.131481 0.768555
2 0.846875 0.215278 0.170833 0.121296 0.838379
2 0.298698 0.462037 0.124479 0.148148 0.854492
2 0.341146 0.382407 0.109375 0.133333 0.861328
2 0.964844 0.216204 0.0703125 0.119444 0.877441
2 0.253906 0.543056 0.118229 0.176852 0.885742
2 0.425781 0.781944 0.178646 0.330556 0.912598
2 0.174479 0.643056 0.189583 0.273148 0.920898
