2 0.0078125 0.123148 0.015625 0.0833333 0.306152
7 0.0351562 0.0731481 0.0703125 0.131481 0.407227
0 0.957031 0.1875 0.0171875 0.0324074 0.40918
7 0.0604167 0.0527778 0.108333 0.105556 0.467529
7 0.117448 0.037037 0.0598958 0.0740741 0.525879
7 0.671094 0.302778 0.171354 0.153704 0.53418
2 0.671354 0.302778 0.171875 0.153704 0.603516
2 0.710417 0.212963 0.165625 0.12037 0.65918
9 0.565885 0.0425926 0.0109375 0.05 0.696289
9 0.585677 0.0439815 0.0109375 0.0509259 0.725586
2 0.290104 0.474537 0.107292 0.156481 0.780273
2 0.338802 0.389352 0.100521 0.136111 0.846191
2 0.492708 0.550926 0.116667 0.162963 0.857422
2 0.0653646 0.880556 0.130729 0.231481 0.859863
2 0.942969 0.216204 0.114063 0.117593 0.879883
2 0.513281 0.427315 0.0942708 0.137963 0.881836
2 0.453646 0.663889 0.159375 0.287037 0.903809
2 0.226042 0.554167 0.1625 0.243519 0.905273
2 0.407813 0.844444 0.203125 0.301852 0.916504
2 0.127344 0.746296 0.199479 0.266667 0.925781
