2 0.120052 0.037037 0.0536458 0.0740741 0.273438
7 0.0132813 0.130093 0.0265625 0.139815 0.31543
9 0.72474 0.0967593 0.00989583 0.0601852 0.378662
2 0.0132813 0.128704 0.0265625 0.137037 0.447754
7 0.119531 0.0365741 0.0536458 0.0731481 0.486328
2 0.0799479 0.0569444 0.0671875 0.0898148 0.491699
7 0.0802083 0.0560185 0.0666667 0.0898148 0.546875
9 0.566146 0.0453704 0.0114583 0.0555556 0.650391
9 0.585677 0.0444444 0.0109375 0.0518519 0.72168
2 0.516406 0.458333 0.119271 0.22037 0.752441
2 0.0466146 0.0930556 0.0526042 0.0712963 0.771484
2 0.529688 0.345833 0.101042 0.134259 0.795898
2 0.494792 0.560648 0.13125 0.176852 0.8125
2 0.848437 0.215741 0.171875 0.122222 0.821777
2 0.341146 0.382407 0.110417 0.133333 0.822266
2 0.298958 0.4625 0.125 0.147222 0.85791
2 0.377604 0.903704 0.228125 0.185185 0.899902
2 0.0833333 0.847222 0.166667 0.298148 0.90918
2 0.463542 0.666667 0.135417 0.216667 0.913574
2 0.246875 0.547222 0.13125 0.181481 0.92041
