9 0.725 0.0962963 0.0104167 0.0611111 0.262939
2 0.00807292 0.124537 0.0161458 0.0842593 0.358643
7 0.113802 0.037037 0.0682292 0.0740741 0.406738
7 0.0674479 0.0527778 0.0901042 0.105556 0.428467
7 0.0356771 0.0847222 0.0703125 0.106481 0.503418
2 0.530469 0.359722 0.118229 0.173148 0.521484
7 0.530469 0.358796 0.114063 0.171296 0.600098
9 0.565885 0.0430556 0.0109375 0.0509259 0.661621
9 0.585677 0.0444444 0.0109375 0.0518519 0.702148
2 0.805469 0.214815 0.157813 0.12037 0.765625
2 0.467969 0.156481 0.0598958 0.0777778 0.822266
2 0.492188 0.552315 0.111458 0.167593 0.824707
2 0.510677 0.463889 0.0994792 0.15 0.856445
2 0.964583 0.216204 0.0708333 0.119444 0.882324
2 0.084375 0.860185 0.167708 0.272222 0.887207
2 0.338021 0.396759 0.105208 0.134259 0.887695
2 0.286198 0.478704 0.109896 0.159259 0.892578
2 0.453646 0.663889 0.159375 0.287037 0.901855
2 0.407813 0.843518 0.203125 0.301852 0.913574
2 0.207813 0.585648 0.171875 0.25463 0.932129
