9 0.725 0.0967593 0.0104167 0.0601852 0.282715
7 0.0559896 0.0666667 0.0807292 0.105556 0.44873
2 0.0161458 0.115741 0.0322917 0.111111 0.527344
7 0.111979 0.0388889 0.0604167 0.0777778 0.586426
7 0.513281 0.38287 0.103646 0.171296 0.61377
2 0.468229 0.643981 0.128125 0.171296 0.711426
9 0.565885 0.0430556 0.0109375 0.0509259 0.740723
2 0.563802 0.246759 0.0807292 0.130556 0.750488
9 0.585677 0.0444444 0.0109375 0.0518519 0.755371
2 0.298177 0.463889 0.126563 0.151852 0.859375
2 0.500521 0.557407 0.13125 0.17963 0.864746
2 0.344531 0.376852 0.107813 0.12963 0.865234
2 0.435417 0.733796 0.160417 0.236111 0.882812
2 0.964583 0.216204 0.0708333 0.119444 0.88916
2 0.254167 0.543056 0.119792 0.176852 0.895508
2 0.818229 0.215741 0.165625 0.12037 0.902832
2 0.392448 0.894444 0.238021 0.2 0.908203
2 0.0841146 0.865278 0.168229 0.265741 0.916016
2 0.17474 0.644444 0.188021 0.274074 0.92627
