7 0.525 0.37037 0.102083 0.153704 0.286865
9 0.725 0.0962963 0.0104167 0.0611111 0.306396
2 0.507292 0.4625 0.11875 0.221296 0.51416
7 0.507292 0.462037 0.11875 0.222222 0.526855
2 0.0205729 0.110185 0.0401042 0.116667 0.732422
9 0.565885 0.0425926 0.0109375 0.05 0.743164
9 0.585677 0.0439815 0.0109375 0.0509259 0.757324
2 0.408073 0.226852 0.0796875 0.112963 0.758789
2 0.126563 0.0324074 0.053125 0.0648148 0.770508
2 0.527344 0.361111 0.102604 0.135185 0.788086
2 0.0557292 0.0324074 0.053125 0.0648148 0.853516
2 0.327604 0.403241 0.113542 0.134259 0.92041
