7 0.52526 0.371296 0.101562 0.155556 0.346436
7 0.0203125 0.112963 0.040625 0.111111 0.39209
2 0.0200521 0.113426 0.0401042 0.113889 0.469971
7 0.507552 0.461111 0.119271 0.222222 0.492676
2 0.507292 0.4625 0.11875 0.221296 0.598633
9 0.585677 0.0449074 0.0119792 0.0546296 0.76123
9 0.565625 0.0425926 0.0114583 0.05 0.773926
2 0.527083 0.362037 0.102083 0.137037 0.785156
2 0.0591146 0.0856481 0.0526042 0.0712963 0.790527
2 0.417448 0.864352 0.170312 0.256481 0.870605
2 0.480729 0.133333 0.05625 0.0814815 0.881836
2 0.327344 0.402315 0.113021 0.134259 0.928711
2 0.169531 0.6875 0.181771 0.210185 0.944336
