7 0.0861979 0.0574074 0.0505208 0.1 0.337158
2 0.00755208 0.123611 0.0151042 0.0787037 0.355713
2 0.0867188 0.0592593 0.0494792 0.0962963 0.356689
7 0.0348958 0.0717593 0.0697917 0.139815 0.423096
7 0.116927 0.037037 0.0609375 0.0740741 0.425049
2 0.0354167 0.0703704 0.0697917 0.137037 0.445068
7 0.53125 0.358333 0.114583 0.172222 0.621094
9 0.565885 0.0430556 0.0109375 0.0509259 0.683594
9 0.585156 0.0435185 0.0109375 0.0518519 0.684082
0 0.370052 0.398611 0.0276042 0.119444 0.71875
2 0.329948 0.393056 0.0859375 0.130556 0.792969
2 0.288021 0.476389 0.111458 0.158333 0.809082
2 0.492188 0.552315 0.111458 0.167593 0.842285
2 0.065625 0.881019 0.13125 0.230556 0.866211
2 0.791146 0.215278 0.167708 0.119444 0.871582
2 0.510677 0.462963 0.0984375 0.15 0.87207
2 0.964583 0.216204 0.0708333 0.119444 0.884277
2 0.225781 0.553241 0.161979 0.243519 0.897949
2 0.453385 0.663889 0.158854 0.287037 0.90332
2 0.407813 0.844444 0.203125 0.303704 0.917969
2 0.127083 0.746296 0.2 0.266667 0.927246
