9 0.725 0.0967593 0.0104167 0.062037 0.276123
2 0.0078125 0.124537 0.015625 0.0805556 0.304199
7 0.0861979 0.0550926 0.0505208 0.102778 0.433594
7 0.119271 0.037037 0.05625 0.0740741 0.488281
7 0.532292 0.358333 0.11875 0.174074 0.49292
7 0.0351562 0.0708333 0.0692708 0.132407 0.521484
2 0.533073 0.35787 0.118229 0.175 0.57959
9 0.565885 0.0430556 0.0109375 0.0509259 0.674805
9 0.585677 0.0444444 0.0109375 0.0518519 0.715332
2 0.288021 0.476852 0.111458 0.157407 0.799316
2 0.491927 0.552315 0.111979 0.167593 0.82373
2 0.335938 0.389815 0.0947917 0.135185 0.829102
2 0.510677 0.464352 0.0994792 0.150926 0.859863
2 0.0653646 0.880556 0.130729 0.22963 0.867188
2 0.791146 0.215278 0.167708 0.119444 0.867676
2 0.964583 0.216204 0.0708333 0.119444 0.882812
2 0.453385 0.663889 0.158854 0.287037 0.896973
2 0.225521 0.553704 0.1625 0.242593 0.905762
2 0.407813 0.844444 0.203125 0.301852 0.915039
2 0.127083 0.746296 0.2 0.266667 0.92627
