7 0.52526 0.370833 0.102604 0.15463 0.345703
7 0.507552 0.460185 0.119271 0.222222 0.522461
2 0.0200521 0.112037 0.0401042 0.111111 0.546875
2 0.507031 0.4625 0.119271 0.221296 0.574707
9 0.585677 0.0449074 0.0119792 0.0546296 0.757324
9 0.565625 0.0425926 0.0104167 0.05 0.770996
2 0.527083 0.362037 0.102083 0.137037 0.777832
2 0.0588542 0.0856481 0.05 0.0712963 0.814941
2 0.420573 0.856019 0.167187 0.269444 0.874023
2 0.483073 0.130556 0.0557292 0.0796296 0.876465
2 0.327344 0.402778 0.114063 0.133333 0.927246
2 0.178646 0.671296 0.177083 0.205556 0.94043
