7 0.0882813 0.0587963 0.0463542 0.0953704 0.272461
2 0.0882813 0.0606481 0.0463542 0.0953704 0.275635
2 0.0354167 0.0689815 0.0708333 0.134259 0.287109
2 0.00729167 0.124074 0.0145833 0.0759259 0.332275
7 0.983333 0.234722 0.0333333 0.178704 0.390137
7 0.0356771 0.0703704 0.0703125 0.133333 0.397217
7 0.117708 0.037963 0.059375 0.0740741 0.411133
7 0.428385 0.208333 0.165104 0.122222 0.438965
2 0.428385 0.208796 0.166146 0.119444 0.668457
9 0.585156 0.0444444 0.0109375 0.0518519 0.67334
9 0.565625 0.0430556 0.0104167 0.0509259 0.673828
2 0.289844 0.474537 0.107813 0.156481 0.801758
2 0.0653646 0.880556 0.130729 0.231481 0.855957
2 0.528385 0.3875 0.102604 0.128704 0.892578
2 0.339063 0.3875 0.102083 0.134259 0.894043
2 0.226042 0.553704 0.163542 0.242593 0.901855
2 0.828646 0.215278 0.165625 0.123148 0.90332
2 0.503125 0.489815 0.105208 0.166667 0.90918
2 0.45599 0.646759 0.158854 0.276852 0.915527
2 0.407292 0.843982 0.202083 0.302778 0.918945
2 0.127344 0.746296 0.199479 0.266667 0.923828
