2 0.00833333 0.123611 0.0166667 0.0861111 0.389893
7 0.113281 0.037037 0.0692708 0.0740741 0.479248
7 0.0625 0.0518519 0.102083 0.103704 0.495605
7 0.530469 0.358333 0.113021 0.172222 0.524902
7 0.0356771 0.0898148 0.0703125 0.101852 0.544434
2 0.529688 0.360185 0.115625 0.174074 0.584961
9 0.565885 0.0430556 0.0109375 0.0509259 0.657227
9 0.585677 0.0444444 0.0109375 0.0518519 0.695312
2 0.805208 0.214815 0.158333 0.12037 0.756348
2 0.492188 0.552315 0.111458 0.167593 0.831055
2 0.464583 0.164352 0.0625 0.0805556 0.860352
2 0.510677 0.463889 0.0994792 0.15 0.863281
2 0.964583 0.215741 0.0708333 0.12037 0.880371
2 0.338021 0.396296 0.10625 0.133333 0.893066
2 0.453906 0.662963 0.158854 0.285185 0.899414
2 0.285677 0.478704 0.111979 0.161111 0.903809
2 0.0838542 0.861111 0.166667 0.27037 0.912109
2 0.407813 0.844444 0.203125 0.303704 0.915039
2 0.202865 0.59213 0.172396 0.252778 0.927734
