9 0.72474 0.0962963 0.00989583 0.0611111 0.389893
2 0.0132813 0.127778 0.0265625 0.137037 0.470703
2 0.0794271 0.0574074 0.0671875 0.0907407 0.502441
7 0.0796875 0.0564815 0.0666667 0.0907407 0.51709
7 0.127083 0.0361111 0.05625 0.0722222 0.629395
9 0.565885 0.0425926 0.0109375 0.05 0.720215
9 0.585677 0.0439815 0.0109375 0.0509259 0.741699
2 0.8625 0.215741 0.16875 0.124074 0.759766
2 0.0460938 0.0935185 0.0526042 0.0722222 0.784668
2 0.494531 0.561574 0.132812 0.176852 0.798828
2 0.529688 0.345833 0.101042 0.134259 0.825684
2 0.515885 0.459722 0.120312 0.217593 0.834473
2 0.340885 0.382407 0.109896 0.133333 0.841797
2 0.298958 0.462963 0.125 0.148148 0.856934
2 0.463542 0.668056 0.135417 0.217593 0.916992
2 0.246875 0.546759 0.13125 0.180556 0.919434
