7 0.053125 0.0847222 0.0677083 0.0842593 0.29248
7 0.0122396 0.113426 0.0244792 0.126852 0.296387
2 0.0122396 0.115278 0.0244792 0.126852 0.334473
9 0.725 0.0967593 0.0104167 0.0601852 0.354248
7 0.0703125 0.0606481 0.0697917 0.106481 0.58252
7 0.116406 0.0384259 0.0578125 0.0768519 0.604004
2 0.0419271 0.0972222 0.0505208 0.0703704 0.642578
2 0.46875 0.648611 0.127083 0.182407 0.688477
9 0.565625 0.0425926 0.0104167 0.05 0.732422
9 0.585677 0.0439815 0.0109375 0.0509259 0.746582
2 0.964063 0.2125 0.071875 0.112037 0.777344
2 0.835938 0.214352 0.165625 0.121296 0.81543
2 0.502344 0.556019 0.142188 0.171296 0.816895
2 0.510417 0.428704 0.13125 0.181481 0.824219
2 0.53125 0.339815 0.0989583 0.127778 0.847168
2 0.298438 0.4625 0.125 0.149074 0.851562
2 0.0541667 0.926389 0.108333 0.143519 0.879395
2 0.343229 0.37963 0.108333 0.131481 0.883789
2 0.253385 0.543056 0.118229 0.176852 0.887207
2 0.957812 0.288426 0.0822917 0.110185 0.908691
2 0.427344 0.781482 0.181771 0.32963 0.914551
2 0.175 0.643981 0.188542 0.273148 0.919434
