2 0.00833333 0.123148 0.0166667 0.087037 0.335938
7 0.116667 0.0375 0.0635417 0.075 0.415039
2 0.0356771 0.0907407 0.0703125 0.103704 0.419678
7 0.0375 0.0861111 0.071875 0.1 0.499756
7 0.0645833 0.0527778 0.0947917 0.105556 0.595215
9 0.565885 0.0430556 0.0109375 0.0509259 0.601562
7 0.530469 0.35787 0.115104 0.171296 0.652832
9 0.585677 0.0439815 0.0109375 0.0509259 0.65332
2 0.290104 0.477315 0.108333 0.158333 0.814941
2 0.510938 0.0972222 0.0510417 0.0648148 0.822266
2 0.492188 0.551852 0.111458 0.166667 0.82373
2 0.791146 0.215278 0.167708 0.119444 0.85498
2 0.510677 0.463426 0.0984375 0.149074 0.861328
2 0.336979 0.396759 0.103125 0.134259 0.871094
2 0.964583 0.216204 0.0708333 0.119444 0.883789
2 0.453385 0.663426 0.158854 0.286111 0.894531
2 0.221875 0.561574 0.1625 0.247222 0.912109
2 0.407813 0.843982 0.203125 0.302778 0.913574
2 0.118229 0.759722 0.203125 0.267593 0.941406
