2 0.0101562 0.109259 0.0203125 0.12037 0.276367
7 0.0101562 0.109722 0.0203125 0.123148 0.297607
7 0.0796875 0.0527778 0.0677083 0.101852 0.396729
7 0.114323 0.037037 0.0630208 0.0740741 0.466797
7 0.0367187 0.0893519 0.0703125 0.0972222 0.5625
7 0.523958 0.356481 0.108333 0.15 0.695312
9 0.585677 0.0449074 0.0119792 0.0546296 0.702637
9 0.565625 0.0430556 0.0104167 0.0509259 0.752441
2 0.344271 0.375463 0.105208 0.130556 0.787598
2 0.298177 0.464815 0.125521 0.151852 0.816895
2 0.510677 0.463426 0.0984375 0.149074 0.858398
2 0.489062 0.561574 0.116667 0.184259 0.867188
2 0.253646 0.543981 0.11875 0.176852 0.870605
2 0.964583 0.215741 0.0708333 0.12037 0.884277
2 0.806771 0.213889 0.161458 0.12037 0.891602
2 0.442969 0.690741 0.149479 0.3 0.914551
2 0.0841146 0.864815 0.167187 0.266667 0.915527
2 0.389844 0.892593 0.225521 0.203704 0.916016
2 0.174219 0.643981 0.188021 0.273148 0.920898
