9 0.725 0.101389 0.009375 0.0527778 0.252686
2 0.10599 0.0384259 0.0744792 0.0768519 0.36084
2 0.0700521 0.0652778 0.0703125 0.0990741 0.384766
2 0.0125 0.114352 0.025 0.132407 0.385742
7 0.106771 0.0384259 0.0739583 0.0768519 0.410889
7 0.0697917 0.0648148 0.0697917 0.1 0.440674
2 0.0419271 0.0967593 0.0505208 0.0712963 0.677734
2 0.46875 0.651852 0.127083 0.188889 0.716309
9 0.585677 0.0453704 0.0119792 0.0555556 0.751465
9 0.565625 0.0430556 0.0104167 0.0509259 0.772949
2 0.509896 0.428241 0.132292 0.180556 0.790039
2 0.501823 0.555093 0.142188 0.169444 0.819336
2 0.835938 0.214815 0.165625 0.12037 0.821289
2 0.53125 0.340278 0.0989583 0.128704 0.844727
2 0.298698 0.462037 0.124479 0.148148 0.854492
2 0.342969 0.37963 0.107813 0.131481 0.875
2 0.0695312 0.896759 0.138021 0.202778 0.875488
2 0.964583 0.216667 0.0708333 0.118519 0.881348
2 0.253385 0.543519 0.118229 0.175926 0.88916
2 0.426823 0.781018 0.181771 0.330556 0.915527
2 0.17474 0.643981 0.189063 0.273148 0.919922
