2 0.516406 0.376852 0.101562 0.168519 0.500977
2 0.0153646 0.1125 0.0307292 0.113889 0.501953
7 0.0442708 0.0615741 0.0885417 0.123148 0.518066
7 0.111198 0.0416667 0.0619792 0.0814815 0.544922
7 0.516406 0.375926 0.101562 0.168519 0.558594
2 0.467187 0.647685 0.128125 0.180556 0.725098
9 0.585677 0.0449074 0.0119792 0.0546296 0.759766
9 0.565625 0.0430556 0.0104167 0.0509259 0.779297
2 0.297917 0.464352 0.126042 0.150926 0.861328
2 0.570312 0.225926 0.0770833 0.125926 0.861816
2 0.500521 0.541667 0.11875 0.17963 0.875488
2 0.434896 0.734259 0.159375 0.235185 0.878418
2 0.344531 0.376852 0.107813 0.127778 0.878906
2 0.964583 0.216204 0.0708333 0.119444 0.888184
2 0.254167 0.543056 0.119792 0.176852 0.89502
2 0.817708 0.215278 0.164583 0.119444 0.895508
2 0.392708 0.894444 0.2375 0.2 0.907715
2 0.0841146 0.865741 0.168229 0.266667 0.910645
2 0.174479 0.644444 0.188542 0.274074 0.925293
