7 0.0429688 0.0930556 0.0505208 0.075 0.250244
7 0.0111979 0.112037 0.0223958 0.133333 0.351318
7 0.110937 0.0412037 0.059375 0.0824074 0.54834
2 0.344271 0.969907 0.203125 0.0527778 0.59082
7 0.0729167 0.0578704 0.0635417 0.113889 0.59668
2 0.0419271 0.0962963 0.0505208 0.0703704 0.662598
2 0.469271 0.647222 0.126042 0.17963 0.685547
9 0.565625 0.0425926 0.0104167 0.05 0.70459
9 0.585156 0.0439815 0.0109375 0.0509259 0.707031
2 0.510417 0.428704 0.13125 0.183333 0.811523
2 0.502344 0.556481 0.142188 0.172222 0.819336
2 0.835677 0.214815 0.166146 0.12037 0.823242
2 0.53125 0.338889 0.0989583 0.127778 0.832031
2 0.298958 0.463426 0.125 0.149074 0.860352
2 0.342187 0.37963 0.107292 0.131481 0.879395
2 0.964063 0.215741 0.071875 0.118519 0.882812
2 0.253385 0.543056 0.118229 0.176852 0.892578
2 0.0841146 0.865278 0.168229 0.263889 0.906738
2 0.426823 0.781944 0.181771 0.330556 0.916016
2 0.17474 0.644907 0.189063 0.275 0.922852
