7 0.0471354 0.0902778 0.0515625 0.0712963 0.416504
7 0.0138021 0.127315 0.0276042 0.132407 0.418213
7 0.145833 0.025 0.0572917 0.05 0.42041
7 0.0802083 0.0574074 0.0677083 0.0888889 0.435303
2 0.0804688 0.0583333 0.0671875 0.0888889 0.454102
2 0.0476562 0.0925926 0.0505208 0.0722222 0.578125
2 0.145573 0.025463 0.0578125 0.0509259 0.583496
2 0.517187 0.459259 0.122917 0.218519 0.62207
2 0.863281 0.216204 0.170312 0.121296 0.692871
9 0.565625 0.0425926 0.0104167 0.05 0.716797
9 0.585156 0.0439815 0.0119792 0.0509259 0.728516
2 0.529688 0.344444 0.1 0.12963 0.76123
2 0.496615 0.561111 0.134896 0.177778 0.798828
2 0.298698 0.463426 0.124479 0.147222 0.859863
2 0.339323 0.381944 0.105729 0.132407 0.866211
2 0.464063 0.66713 0.136458 0.217593 0.914551
2 0.246875 0.546296 0.13125 0.17963 0.916992
