9 0.725 0.0962963 0.0104167 0.0611111 0.38623
7 0.0804688 0.0583333 0.0671875 0.087037 0.447754
2 0.0802083 0.0583333 0.0677083 0.0888889 0.510742
2 0.0153646 0.125 0.0307292 0.133333 0.547363
2 0.529427 0.361574 0.100521 0.15463 0.604492
9 0.566146 0.0453704 0.0114583 0.0555556 0.626465
2 0.50651 0.456019 0.116146 0.206481 0.714844
2 0.864062 0.215278 0.169792 0.119444 0.715332
9 0.585156 0.0444444 0.0109375 0.0518519 0.718262
2 0.0476562 0.0939815 0.0505208 0.0731481 0.771973
2 0.339063 0.384259 0.105208 0.12963 0.894531
2 0.486458 0.564352 0.116667 0.184259 0.908691
2 0.442969 0.758796 0.151562 0.239815 0.927246
2 0.295312 0.465741 0.133333 0.155556 0.928711
2 0.1875 0.651389 0.154167 0.206481 0.935059
