9 0.725 0.0962963 0.0104167 0.0611111 0.255127
7 0.113802 0.0333333 0.0911458 0.0666667 0.455811
7 0.0382813 0.087963 0.0734375 0.0981481 0.460449
2 0.0106771 0.112037 0.0213542 0.127778 0.461914
9 0.585677 0.0435185 0.0109375 0.05 0.487061
7 0.0859375 0.0518519 0.0635417 0.0962963 0.506348
9 0.565625 0.0435185 0.0114583 0.05 0.529785
2 0.0375 0.0884259 0.071875 0.100926 0.613281
7 0.523698 0.355556 0.107813 0.15 0.726562
2 0.597396 0.121296 0.0510417 0.0888889 0.838379
2 0.298177 0.465741 0.125521 0.153704 0.855957
2 0.344531 0.375463 0.108854 0.130556 0.871582
2 0.80625 0.213889 0.1625 0.12037 0.875977
2 0.964583 0.216204 0.0708333 0.119444 0.885742
2 0.510156 0.465278 0.0994792 0.150926 0.891113
2 0.253906 0.543056 0.119271 0.176852 0.893555
2 0.436979 0.771296 0.157292 0.316667 0.902344
2 0.391146 0.894444 0.234375 0.2 0.907227
2 0.477865 0.584722 0.120312 0.191667 0.913574
2 0.0841146 0.865278 0.168229 0.265741 0.914062
2 0.17474 0.644444 0.189063 0.274074 0.924805
