2 0.00833333 0.123611 0.0166667 0.087963 0.307129
7 0.113021 0.0388889 0.0677083 0.0777778 0.410889
7 0.0638021 0.0523148 0.0984375 0.10463 0.524414
9 0.565625 0.0430556 0.0104167 0.0509259 0.542969
7 0.0354167 0.087963 0.0697917 0.105556 0.563965
9 0.585677 0.0439815 0.0109375 0.0509259 0.571777
7 0.530469 0.358333 0.115104 0.17037 0.676758
2 0.0382813 0.9375 0.0765625 0.121296 0.706055
2 0.28776 0.476852 0.113021 0.157407 0.780762
2 0.492188 0.551852 0.111458 0.166667 0.835449
2 0.525521 0.075463 0.0489583 0.0601852 0.840332
2 0.336458 0.396759 0.102083 0.134259 0.854492
2 0.790885 0.215278 0.168229 0.119444 0.864258
2 0.510677 0.462963 0.0984375 0.15 0.869629
2 0.226302 0.553241 0.163021 0.243519 0.873535
2 0.964583 0.216667 0.0708333 0.118519 0.884277
2 0.453385 0.663426 0.158854 0.286111 0.896973
2 0.407813 0.844444 0.203125 0.303704 0.915039
2 0.125781 0.749074 0.204688 0.268519 0.9375
