9 0.725 0.0967593 0.0104167 0.062037 0.276367
7 0.0835937 0.0560185 0.0567708 0.0990741 0.42041
2 0.009375 0.12037 0.01875 0.107407 0.433105
7 0.113802 0.037037 0.0671875 0.0740741 0.436523
7 0.0356771 0.0875 0.0703125 0.0990741 0.491211
9 0.565885 0.0430556 0.0109375 0.0509259 0.678711
7 0.527344 0.356019 0.114063 0.160185 0.705566
9 0.585677 0.0444444 0.0109375 0.0518519 0.714355
2 0.805208 0.214815 0.158333 0.12037 0.785645
2 0.491927 0.552315 0.111979 0.167593 0.81543
2 0.414844 0.253704 0.0807292 0.101852 0.847656
2 0.510677 0.464352 0.0984375 0.150926 0.852051
2 0.964583 0.215741 0.0708333 0.12037 0.883301
2 0.453906 0.662963 0.158854 0.285185 0.896973
2 0.257031 0.536574 0.117188 0.176852 0.897461
2 0.334375 0.398148 0.108333 0.138889 0.904785
2 0.0841146 0.864815 0.168229 0.266667 0.916504
2 0.407813 0.844444 0.203125 0.301852 0.916992
2 0.174479 0.644444 0.1875 0.274074 0.92627
