2 0.0588542 0.0537037 0.110417 0.107407 0.311279
9 0.725 0.0967593 0.0104167 0.0601852 0.327881
7 0.03125 0.0939815 0.0625 0.100926 0.380615
7 0.0591146 0.0560185 0.109896 0.106481 0.385498
7 0.115885 0.0365741 0.0619792 0.0712963 0.42749
9 0.565104 0.0435185 0.0125 0.0518519 0.616211
9 0.585677 0.0444444 0.0109375 0.0518519 0.690918
2 0.529948 0.383333 0.101562 0.131481 0.760254
2 0.509635 0.45463 0.0953125 0.153704 0.818359
2 0.293229 0.463889 0.103125 0.153704 0.825684
2 0.336458 0.386111 0.0927083 0.131481 0.838867
2 0.949219 0.215741 0.101562 0.12037 0.85791
2 0.0653646 0.882407 0.130729 0.227778 0.872559
2 0.81875 0.215741 0.166667 0.12037 0.908203
2 0.476562 0.580556 0.136458 0.268519 0.912109
2 0.225521 0.554167 0.1625 0.241667 0.92334
2 0.126563 0.746759 0.2 0.265741 0.925781
2 0.416406 0.818519 0.183854 0.344444 0.936523
