9 0.72474 0.0958333 0.00989583 0.062037 0.286621
7 0.507552 0.460648 0.119271 0.221296 0.44751
2 0.507292 0.4625 0.11875 0.221296 0.595703
2 0.0205729 0.111111 0.0411458 0.116667 0.692383
9 0.565885 0.0425926 0.0109375 0.05 0.731934
9 0.585677 0.0439815 0.0109375 0.0509259 0.748047
2 0.527344 0.362037 0.102604 0.137037 0.798828
2 0.46224 0.155556 0.0640625 0.0925926 0.829102
2 0.0770833 0.0708333 0.0604167 0.0731481 0.847168
2 0.386458 0.943056 0.18125 0.110185 0.864258
2 0.327344 0.402778 0.113021 0.135185 0.927734
2 0.100781 0.832407 0.201562 0.25 0.945312
