9 0.72474 0.0962963 0.00989583 0.0611111 0.3396
2 0.125 0.0361111 0.0552083 0.0722222 0.359863
2 0.0132813 0.128704 0.0265625 0.137037 0.48877
2 0.0796875 0.0583333 0.0677083 0.0907407 0.509277
7 0.124479 0.0361111 0.0552083 0.0722222 0.510742
7 0.0799479 0.0569444 0.0671875 0.0916667 0.519531
9 0.565885 0.0430556 0.0109375 0.0509259 0.720215
9 0.585677 0.0439815 0.0109375 0.0509259 0.740234
2 0.0463542 0.0935185 0.053125 0.0722222 0.78418
2 0.858594 0.215741 0.170312 0.122222 0.787598
2 0.495313 0.561111 0.13125 0.175926 0.800781
2 0.529688 0.345833 0.101042 0.134259 0.823242
2 0.515885 0.460185 0.120312 0.218519 0.828613
2 0.340885 0.382407 0.109896 0.133333 0.840332
2 0.299219 0.462963 0.123438 0.148148 0.855957
2 0.463542 0.66713 0.135417 0.217593 0.917969
2 0.246875 0.547222 0.13125 0.181481 0.918945
