7 0.0856771 0.0546296 0.0526042 0.101852 0.259521
9 0.725 0.0972222 0.0104167 0.0611111 0.303955
0 0.994531 0.190278 0.0109375 0.0361111 0.317139
2 0.0604167 0.0523148 0.105208 0.10463 0.317383
7 0.0372396 0.0703704 0.0734375 0.122222 0.321533
2 0.0351562 0.0851852 0.0703125 0.107407 0.358154
2 0.00807292 0.123611 0.0161458 0.0842593 0.392822
7 0.119792 0.037037 0.0552083 0.0740741 0.54541
9 0.566146 0.0458333 0.0114583 0.0564815 0.596191
9 0.585677 0.0444444 0.0109375 0.0518519 0.693848
2 0.289844 0.474537 0.107813 0.156481 0.781738
2 0.492188 0.551852 0.111458 0.166667 0.811035
2 0.578385 0.331944 0.145313 0.163889 0.811035
2 0.338542 0.389352 0.1 0.136111 0.844238
2 0.507552 0.458796 0.0953125 0.149074 0.85498
2 0.777604 0.214352 0.169792 0.119444 0.855957
2 0.0653646 0.880556 0.130729 0.231481 0.862793
2 0.963281 0.21713 0.0734375 0.119444 0.883789
2 0.453646 0.663889 0.159375 0.287037 0.898926
2 0.226042 0.554167 0.1625 0.243519 0.905762
2 0.407813 0.844444 0.203125 0.301852 0.916504
2 0.127083 0.746296 0.2 0.266667 0.927246
