7 0.525521 0.374074 0.103125 0.162963 0.357666
9 0.72474 0.0962963 0.00989583 0.0611111 0.361572
7 0.141667 0.0259259 0.0510417 0.0518519 0.438232
2 0.505469 0.4625 0.115104 0.219444 0.454834
2 0.141406 0.0259259 0.0505208 0.0518519 0.518555
7 0.505208 0.4625 0.114583 0.219444 0.536133
2 0.0203125 0.113426 0.040625 0.112037 0.707031
9 0.565625 0.0430556 0.0114583 0.0509259 0.709961
2 0.527344 0.365278 0.102604 0.143519 0.722168
9 0.585677 0.0439815 0.0109375 0.0509259 0.737793
2 0.0736979 0.025463 0.0515625 0.0509259 0.812012
2 0.388802 0.252778 0.0859375 0.12037 0.835449
2 0.327604 0.403241 0.113542 0.136111 0.932617
