9 0.725 0.0967593 0.0104167 0.0601852 0.269531
2 0.009375 0.114352 0.01875 0.123148 0.307617
7 0.0588542 0.0518519 0.108333 0.103704 0.410889
7 0.0361979 0.0837963 0.0713542 0.102778 0.473633
7 0.111458 0.037037 0.0708333 0.0740741 0.499023
9 0.565885 0.0430556 0.0109375 0.0509259 0.683594
7 0.526563 0.355556 0.1125 0.159259 0.712891
9 0.585677 0.0444444 0.0109375 0.0518519 0.71582
2 0.492188 0.556944 0.1125 0.176852 0.841797
2 0.510677 0.463889 0.0984375 0.15 0.853516
2 0.298958 0.463889 0.129167 0.153704 0.854004
2 0.807292 0.213889 0.1625 0.12037 0.865723
2 0.253385 0.543981 0.119271 0.176852 0.877441
2 0.964583 0.215741 0.0708333 0.12037 0.881348
2 0.396875 0.855556 0.196875 0.27963 0.899414
2 0.353125 0.356481 0.104167 0.124074 0.907227
2 0.45 0.6625 0.153125 0.280556 0.913086
2 0.0841146 0.864815 0.167187 0.266667 0.917969
2 0.17474 0.643519 0.188021 0.272222 0.924805
