7 0.00859375 0.126389 0.0161458 0.0824074 0.257568
2 0.00807292 0.125463 0.0161458 0.0824074 0.311768
7 0.110937 0.037037 0.0739583 0.0740741 0.476807
7 0.0661458 0.0527778 0.0927083 0.105556 0.502441
7 0.0359375 0.0902778 0.0708333 0.102778 0.5625
9 0.565885 0.0430556 0.0109375 0.0509259 0.652832
7 0.530729 0.357407 0.115625 0.17037 0.662598
9 0.585677 0.0444444 0.0109375 0.0518519 0.693848
2 0.492188 0.552315 0.111458 0.167593 0.833984
2 0.484115 0.131944 0.0536458 0.0675926 0.843262
2 0.792448 0.213889 0.169271 0.122222 0.849121
2 0.510677 0.463426 0.0984375 0.149074 0.86084
2 0.289062 0.476852 0.109375 0.159259 0.863281
2 0.33776 0.396759 0.104687 0.134259 0.881836
2 0.964583 0.216204 0.0708333 0.119444 0.883301
2 0.453906 0.663889 0.158854 0.287037 0.902344
2 0.407813 0.843518 0.204167 0.301852 0.912109
2 0.215104 0.572685 0.167708 0.247222 0.935059
2 0.0955729 0.825 0.191146 0.290741 0.936035
