9 0.725 0.0967593 0.0104167 0.0601852 0.289551
7 0.0294271 0.037963 0.0588542 0.0759259 0.298096
7 0.0617188 0.0680556 0.0755208 0.0972222 0.337158
7 0.563542 0.249537 0.08125 0.132407 0.471436
2 0.0609375 0.0712963 0.0739583 0.0962963 0.57373
7 0.111979 0.0388889 0.0604167 0.0759259 0.586426
2 0.563281 0.249537 0.0817708 0.132407 0.65918
2 0.0161458 0.119444 0.0322917 0.0981481 0.68457
2 0.468229 0.643981 0.128125 0.173148 0.700195
9 0.565885 0.0430556 0.0109375 0.0509259 0.740723
9 0.585677 0.0444444 0.0109375 0.0518519 0.751465
7 0.511979 0.385185 0.0989583 0.174074 0.75293
2 0.500781 0.558796 0.133854 0.178704 0.859375
2 0.298177 0.464352 0.126563 0.150926 0.86377
2 0.344531 0.376389 0.107813 0.128704 0.876953
2 0.435417 0.735185 0.160417 0.237037 0.886719
2 0.964583 0.216204 0.0708333 0.119444 0.888184
2 0.254167 0.543519 0.119792 0.177778 0.897949
2 0.818229 0.215278 0.165625 0.119444 0.900391
2 0.392969 0.894444 0.238021 0.2 0.908203
2 0.0841146 0.865278 0.168229 0.265741 0.912598
2 0.17474 0.644444 0.188021 0.274074 0.924805
