2 0.00963542 0.12037 0.0182292 0.116667 0.255127
9 0.725 0.0967593 0.0104167 0.0601852 0.255371
7 0.00911458 0.118981 0.0182292 0.119444 0.258545
7 0.0664062 0.0513889 0.0921875 0.102778 0.37793
7 0.113281 0.0375 0.0682292 0.075 0.444092
7 0.0361979 0.087963 0.0703125 0.0981481 0.553711
7 0.526563 0.353704 0.111458 0.157407 0.655273
9 0.565885 0.0430556 0.0109375 0.0509259 0.678223
9 0.585677 0.0439815 0.0109375 0.0509259 0.715332
2 0.297917 0.4625 0.125 0.149074 0.791504
2 0.348698 0.368519 0.105729 0.12963 0.82959
2 0.492188 0.558796 0.111458 0.180556 0.84668
2 0.510677 0.463426 0.0984375 0.149074 0.857422
2 0.254167 0.543519 0.119792 0.175926 0.872559
2 0.806771 0.213889 0.161458 0.12037 0.881836
2 0.964583 0.216204 0.0708333 0.119444 0.885254
2 0.449219 0.668519 0.151562 0.290741 0.895508
2 0.0841146 0.864815 0.167187 0.266667 0.914551
2 0.388021 0.871759 0.202083 0.247222 0.915039
2 0.17474 0.643981 0.188021 0.273148 0.92334
