9 0.725 0.0962963 0.0104167 0.0611111 0.289062
7 0.50599 0.459722 0.121354 0.219444 0.455566
2 0.507292 0.462963 0.11875 0.222222 0.555176
9 0.565885 0.0425926 0.0109375 0.05 0.736328
2 0.426302 0.204167 0.0765625 0.106481 0.749512
9 0.585677 0.0439815 0.0109375 0.0509259 0.753906
2 0.527604 0.362037 0.103125 0.137037 0.794434
2 0.0205729 0.112037 0.0411458 0.111111 0.794434
2 0.0411458 0.0435185 0.0552083 0.0685185 0.833984
2 0.113542 0.0444444 0.05625 0.0685185 0.848633
2 0.327604 0.402778 0.113542 0.135185 0.922363
