7 0.108594 0.0425926 0.0651042 0.0851852 0.3125
2 0.106771 0.0421296 0.06875 0.0842593 0.52002
2 0.0151042 0.106481 0.0302083 0.127778 0.599609
2 0.0481771 0.0814815 0.0755208 0.0981481 0.693359
2 0.467187 0.647685 0.128125 0.180556 0.71875
9 0.585677 0.0449074 0.0119792 0.0546296 0.748535
7 0.514844 0.375 0.101562 0.168519 0.750488
9 0.565625 0.0425926 0.0104167 0.05 0.772949
2 0.434896 0.736111 0.159375 0.235185 0.858398
2 0.298438 0.465278 0.126042 0.152778 0.866699
2 0.344792 0.375926 0.107292 0.127778 0.879883
2 0.572656 0.219907 0.0755208 0.126852 0.880859
2 0.964583 0.216204 0.0708333 0.119444 0.887207
2 0.501562 0.533333 0.116667 0.174074 0.889648
2 0.254167 0.543519 0.119792 0.175926 0.896973
2 0.817708 0.215741 0.164583 0.12037 0.899902
2 0.392708 0.894444 0.2375 0.2 0.90625
2 0.0841146 0.865741 0.168229 0.266667 0.913574
2 0.174479 0.644444 0.188542 0.274074 0.925293
