9 0.725 0.101852 0.009375 0.0518519 0.25415
2 0.0328125 0.103241 0.0541667 0.0935185 0.276367
7 0.0794271 0.0583333 0.0692708 0.0888889 0.332031
2 0.51276 0.453241 0.116146 0.221296 0.371582
2 0.16849 0.012037 0.0536458 0.0240741 0.391602
7 0.528125 0.350926 0.102083 0.133333 0.417969
7 0.514583 0.451389 0.115625 0.213889 0.471191
2 0.015625 0.121759 0.03125 0.126852 0.502441
2 0.528906 0.350926 0.100521 0.133333 0.544434
2 0.0799479 0.0578704 0.0671875 0.0898148 0.563965
2 0.495313 0.548611 0.125 0.163889 0.711914
2 0.0476562 0.0930556 0.0494792 0.0712963 0.714355
9 0.585417 0.0458333 0.0125 0.0564815 0.755371
9 0.565625 0.0430556 0.0114583 0.0509259 0.774414
2 0.863802 0.215741 0.170312 0.12037 0.784668
2 0.339323 0.386111 0.105729 0.133333 0.800293
2 0.299219 0.462963 0.124479 0.151852 0.853027
2 0.464323 0.664815 0.135937 0.212963 0.909668
2 0.246875 0.545833 0.13125 0.178704 0.912598
