2 0.0177083 0.118981 0.0354167 0.130556 0.366211
9 0.725 0.0967593 0.0104167 0.0601852 0.374023
7 0.0177083 0.118519 0.0354167 0.131481 0.391357
7 0.527865 0.369444 0.102604 0.159259 0.44165
7 0.507031 0.455556 0.117188 0.209259 0.506348
2 0.028125 0.0351852 0.0552083 0.0685185 0.513184
2 0.507031 0.45463 0.116146 0.205556 0.588867
2 0.115625 0.0388889 0.0625 0.0777778 0.697266
2 0.88099 0.215741 0.169271 0.12037 0.702637
2 0.528385 0.3625 0.102604 0.147222 0.728516
9 0.565885 0.0425926 0.0109375 0.05 0.739746
9 0.585677 0.0439815 0.0109375 0.0509259 0.753418
2 0.0518229 0.0898148 0.0505208 0.0759259 0.807129
2 0.33776 0.388426 0.103646 0.132407 0.879883
2 0.488021 0.567593 0.11875 0.187037 0.907227
2 0.294531 0.463889 0.131771 0.153704 0.919922
