7 0.0307292 0.0342593 0.0552083 0.0648148 0.272461
9 0.725 0.0962963 0.0104167 0.0611111 0.30957
7 0.0760417 0.0592593 0.06875 0.0981481 0.318604
2 0.0234375 0.106481 0.046875 0.111111 0.425537
7 0.116667 0.037037 0.0604167 0.0740741 0.453125
7 0.0229167 0.100463 0.0458333 0.126852 0.462158
2 0.515104 0.4375 0.0927083 0.117593 0.63623
2 0.075 0.0611111 0.0708333 0.0944444 0.665039
2 0.527344 0.385185 0.106771 0.133333 0.6875
9 0.565885 0.0430556 0.0109375 0.0509259 0.705078
9 0.585677 0.0444444 0.0109375 0.0518519 0.731445
2 0.338021 0.386111 0.096875 0.131481 0.847168
2 0.296094 0.462963 0.104687 0.155556 0.861328
2 0.0653646 0.881481 0.130729 0.22963 0.865234
2 0.949219 0.215278 0.101562 0.117593 0.867188
2 0.484635 0.534722 0.128646 0.243519 0.898438
2 0.817187 0.215741 0.165625 0.116667 0.90918
2 0.22526 0.55463 0.161979 0.242593 0.925293
2 0.126823 0.746296 0.200521 0.266667 0.92627
2 0.434375 0.739815 0.167708 0.312963 0.926758
