0 0.819531 0.1875 0.0171875 0.0324074 0.256348
7 0.0111979 0.113889 0.0223958 0.122222 0.347656
2 0.0111979 0.114815 0.0223958 0.122222 0.380615
9 0.725 0.0967593 0.0104167 0.0601852 0.387939
7 0.107552 0.0407407 0.0661458 0.0814815 0.525391
7 0.0648438 0.0601852 0.0828125 0.107407 0.62793
2 0.0419271 0.0967593 0.0505208 0.0731481 0.669434
2 0.46875 0.644444 0.127083 0.174074 0.67627
9 0.565885 0.0425926 0.0109375 0.05 0.730469
9 0.585677 0.0439815 0.0109375 0.0509259 0.746582
2 0.501562 0.556481 0.142708 0.172222 0.810547
2 0.835938 0.214815 0.165625 0.12037 0.815918
2 0.510417 0.428241 0.13125 0.184259 0.822754
2 0.531771 0.3375 0.0989583 0.128704 0.828613
2 0.298438 0.4625 0.126042 0.147222 0.858887
2 0.342708 0.378704 0.10625 0.131481 0.86084
2 0.964583 0.216204 0.0708333 0.119444 0.880371
2 0.365625 0.918981 0.220833 0.152778 0.887695
2 0.253646 0.543519 0.11875 0.175926 0.891602
2 0.428906 0.780556 0.183854 0.32963 0.907227
2 0.0841146 0.864815 0.167187 0.262963 0.921387
2 0.17474 0.644444 0.188021 0.274074 0.923828
