2 0.0174479 0.118056 0.0348958 0.130556 0.37915
7 0.0174479 0.118519 0.0348958 0.131481 0.391113
2 0.50599 0.453704 0.116146 0.2 0.48584
7 0.527083 0.368981 0.1 0.160185 0.496582
7 0.0820312 0.0583333 0.0651042 0.0907407 0.517578
7 0.50599 0.455093 0.117188 0.202778 0.624512
2 0.0518229 0.0916667 0.0494792 0.0740741 0.669922
2 0.882292 0.215741 0.16875 0.12037 0.720703
2 0.528125 0.366667 0.102083 0.155556 0.726562
9 0.585677 0.0449074 0.0119792 0.0546296 0.756348
9 0.565625 0.0425926 0.0104167 0.05 0.771484
2 0.338281 0.3875 0.104687 0.132407 0.890625
2 0.488021 0.568519 0.11875 0.187037 0.910156
2 0.294531 0.463889 0.132812 0.153704 0.919922
