7 0.0419271 0.0967593 0.0494792 0.0731481 0.338135
7 0.0114583 0.113426 0.0229167 0.134259 0.388428
2 0.0421875 0.0972222 0.0489583 0.0740741 0.43457
7 0.0242187 0.0384259 0.0484375 0.0638889 0.455322
7 0.0684896 0.0666667 0.0723958 0.0981481 0.488525
7 0.114583 0.0384259 0.0604167 0.0768519 0.520996
9 0.585677 0.0453704 0.0119792 0.0555556 0.749023
9 0.565625 0.0430556 0.0104167 0.0509259 0.768555
2 0.469531 0.644907 0.124479 0.171296 0.769043
2 0.532031 0.337963 0.0994792 0.12963 0.81543
2 0.501562 0.556944 0.14375 0.173148 0.816895
2 0.510417 0.428241 0.13125 0.184259 0.826172
2 0.823438 0.215278 0.16875 0.121296 0.833496
2 0.298438 0.462037 0.125 0.146296 0.856445
2 0.433333 0.718518 0.176042 0.216667 0.861816
2 0.34401 0.378241 0.108854 0.130556 0.878906
2 0.964583 0.216204 0.0708333 0.119444 0.883789
2 0.253385 0.543519 0.118229 0.175926 0.889648
2 0.389062 0.880556 0.230208 0.22963 0.893066
2 0.0841146 0.865278 0.168229 0.263889 0.916992
2 0.174479 0.643981 0.188542 0.273148 0.922852
