9 0.565625 0.0407407 0.0125 0.0555556 0.357422
9 0.585417 0.0435185 0.0104167 0.0518519 0.368164
2 0.00833333 0.123148 0.0166667 0.0833333 0.406982
7 0.116667 0.037037 0.0604167 0.0740741 0.462646
7 0.0619792 0.0523148 0.103125 0.10463 0.494141
7 0.0367187 0.0861111 0.0682292 0.0981481 0.501465
2 0.0356771 0.0893519 0.0703125 0.100926 0.54541
7 0.530469 0.35787 0.115104 0.169444 0.632812
2 0.285417 0.476852 0.117708 0.159259 0.791992
2 0.492188 0.552315 0.111458 0.167593 0.833496
2 0.335938 0.396759 0.101042 0.134259 0.84082
2 0.510677 0.463889 0.0984375 0.15 0.866211
2 0.790885 0.215278 0.168229 0.119444 0.869141
2 0.0622396 0.890278 0.124479 0.210185 0.880371
2 0.22526 0.553704 0.160938 0.244444 0.880859
2 0.964583 0.216204 0.0708333 0.119444 0.885254
2 0.453385 0.663889 0.158854 0.287037 0.893555
2 0.407813 0.844444 0.203125 0.303704 0.914551
2 0.12526 0.746296 0.201562 0.266667 0.925293
