2 0.0315104 0.104167 0.0526042 0.0972222 0.292725
9 0.725 0.100926 0.009375 0.0518519 0.298096
2 0.529688 0.350463 0.1 0.134259 0.356445
2 0.164062 0.0143519 0.0552083 0.0287037 0.363037
2 0.015625 0.122222 0.03125 0.127778 0.554688
7 0.514323 0.419444 0.123438 0.261111 0.570312
2 0.0796875 0.0574074 0.0677083 0.0888889 0.620117
9 0.585417 0.0462963 0.0125 0.0574074 0.749023
2 0.864062 0.215741 0.169792 0.12037 0.751953
2 0.0476562 0.0925926 0.0494792 0.0722222 0.759277
9 0.565625 0.0430556 0.0114583 0.0509259 0.768555
2 0.496615 0.558333 0.129688 0.17963 0.774414
2 0.339323 0.385648 0.105729 0.132407 0.831543
2 0.298438 0.462963 0.125 0.151852 0.86084
2 0.464063 0.665741 0.136458 0.214815 0.906738
2 0.246354 0.54537 0.130208 0.17963 0.913086
