7 0.0263021 0.0277778 0.0526042 0.0555556 0.251953
7 0.146875 0.0287037 0.0708333 0.0574074 0.25708
9 0.725 0.0967593 0.0104167 0.0601852 0.312012
2 0.0104167 0.111574 0.0208333 0.134259 0.513184
7 0.522396 0.363426 0.107292 0.165741 0.59375
7 0.100521 0.0462963 0.0614583 0.0925926 0.668945
2 0.0421875 0.0856481 0.0739583 0.0990741 0.70752
9 0.565885 0.0425926 0.0109375 0.05 0.714355
9 0.585677 0.0444444 0.0109375 0.0518519 0.721191
2 0.465625 0.646296 0.128125 0.177778 0.762695
2 0.298438 0.464815 0.125 0.151852 0.864258
2 0.584375 0.177778 0.0666667 0.112963 0.868164
2 0.435937 0.736111 0.1625 0.227778 0.874512
2 0.964583 0.216667 0.0708333 0.118519 0.888672
2 0.344531 0.375 0.107813 0.131481 0.89502
2 0.254167 0.543519 0.119792 0.175926 0.899902
2 0.507552 0.48287 0.0984375 0.150926 0.903809
2 0.817969 0.215278 0.166146 0.119444 0.905762
2 0.0841146 0.865741 0.168229 0.266667 0.908203
2 0.392188 0.893519 0.2375 0.201852 0.90918
2 0.17474 0.644444 0.188021 0.274074 0.92334
