2 0.119792 0.0375 0.0541667 0.075 0.312256
9 0.725 0.0967593 0.0104167 0.0601852 0.344971
7 0.119531 0.0375 0.0536458 0.075 0.356445
2 0.0127604 0.118519 0.0255208 0.122222 0.367188
7 0.0796875 0.0550926 0.0666667 0.0898148 0.424072
2 0.0794271 0.0560185 0.0671875 0.0898148 0.53125
2 0.0414063 0.0962963 0.0557292 0.0759259 0.556152
2 0.469271 0.650926 0.126042 0.183333 0.569824
9 0.565625 0.0430556 0.0104167 0.0509259 0.717285
9 0.585677 0.0439815 0.0109375 0.0509259 0.733887
2 0.492448 0.561574 0.156771 0.184259 0.753418
2 0.530469 0.32963 0.0994792 0.107407 0.818359
2 0.521615 0.454167 0.132812 0.210185 0.838379
2 0.298698 0.462963 0.122396 0.148148 0.856934
2 0.343229 0.380093 0.108333 0.132407 0.874023
2 0.964583 0.216204 0.0708333 0.119444 0.882812
2 0.253646 0.543056 0.11875 0.176852 0.893066
2 0.84375 0.214352 0.16875 0.119444 0.899902
2 0.426823 0.781944 0.181771 0.330556 0.901367
2 0.171354 0.277778 0.147917 0.107407 0.90625
2 0.17474 0.643519 0.189063 0.272222 0.922363
