7 0.0145833 0.125463 0.0291667 0.137963 0.368164
9 0.72474 0.0958333 0.00989583 0.062037 0.39917
7 0.0802083 0.0578704 0.0677083 0.0898148 0.403564
2 0.0799479 0.0587963 0.0682292 0.0898148 0.537598
2 0.50625 0.456944 0.116667 0.208333 0.666504
2 0.529427 0.360648 0.100521 0.152778 0.666504
9 0.565885 0.0425926 0.0109375 0.05 0.730469
2 0.0484375 0.0930556 0.05 0.0731481 0.731445
9 0.585677 0.0439815 0.0109375 0.0509259 0.746094
2 0.866667 0.216204 0.169792 0.121296 0.820801
2 0.338802 0.383796 0.105729 0.130556 0.896484
2 0.430208 0.811111 0.160417 0.25 0.902344
2 0.486458 0.566667 0.115625 0.188889 0.903809
2 0.294531 0.46713 0.132812 0.158333 0.926758
2 0.15625 0.708333 0.16875 0.22037 0.937012
