9 0.725 0.0962963 0.0104167 0.0611111 0.366699
2 0.0796875 0.0560185 0.0666667 0.0898148 0.445312
2 0.0132813 0.129167 0.0265625 0.136111 0.508789
7 0.113802 0.037963 0.0640625 0.0759259 0.52832
7 0.0802083 0.0550926 0.0666667 0.0898148 0.579102
2 0.985937 0.216204 0.028125 0.112037 0.696289
2 0.516927 0.458333 0.119271 0.224074 0.728027
9 0.565885 0.0425926 0.0109375 0.05 0.728516
9 0.585677 0.0439815 0.0109375 0.0509259 0.740723
2 0.0463542 0.0935185 0.053125 0.0703704 0.775391
2 0.530208 0.346296 0.1 0.133333 0.775391
2 0.49375 0.562963 0.133333 0.17963 0.789062
2 0.846615 0.215278 0.169271 0.121296 0.834473
2 0.341146 0.382407 0.109375 0.133333 0.836426
2 0.298958 0.462963 0.125 0.148148 0.84082
2 0.463542 0.660185 0.135417 0.205556 0.870605
2 0.247396 0.543981 0.129167 0.176852 0.898438
2 0.40599 0.840278 0.197396 0.310185 0.916504
2 0.132031 0.717593 0.209896 0.3 0.932129
