2 0.119531 0.037037 0.0536458 0.0740741 0.282227
7 0.0411458 0.0962963 0.0520833 0.0759259 0.282715
0 0.820312 0.188889 0.0177083 0.0314815 0.291992
9 0.725 0.0967593 0.0104167 0.0601852 0.353271
7 0.0125 0.113426 0.025 0.143519 0.413574
7 0.119271 0.037037 0.0541667 0.0740741 0.456787
2 0.0419271 0.0976852 0.0494792 0.075 0.504395
7 0.0776042 0.0564815 0.0677083 0.0962963 0.571289
9 0.566146 0.0453704 0.0114583 0.0555556 0.63623
2 0.46901 0.65 0.126563 0.185185 0.657227
9 0.585677 0.0444444 0.0109375 0.0518519 0.709961
2 0.498958 0.560185 0.147917 0.172222 0.796875
2 0.834896 0.214352 0.165625 0.121296 0.805664
2 0.530729 0.333333 0.1 0.114815 0.812012
2 0.298438 0.4625 0.125 0.149074 0.855957
2 0.521875 0.455093 0.136458 0.208333 0.855957
2 0.964583 0.216204 0.0708333 0.119444 0.871582
2 0.253385 0.543519 0.118229 0.175926 0.885742
2 0.334896 0.279167 0.144792 0.110185 0.897461
2 0.34349 0.37963 0.113021 0.135185 0.898438
2 0.427344 0.781482 0.181771 0.32963 0.90332
2 0.174479 0.643519 0.188542 0.272222 0.919922
