7 0.0153646 0.125 0.0307292 0.133333 0.298584
7 0.0476562 0.0925926 0.0526042 0.0722222 0.359863
9 0.725 0.0967593 0.0104167 0.0601852 0.388184
2 0.0153646 0.124074 0.0307292 0.12963 0.429199
7 0.528906 0.362963 0.0994792 0.159259 0.429688
2 0.529948 0.365741 0.101562 0.164815 0.487061
7 0.0802083 0.0564815 0.0677083 0.087037 0.536133
2 0.0479167 0.0925926 0.05 0.0722222 0.638184
9 0.565625 0.0430556 0.0114583 0.0509259 0.67334
9 0.585677 0.0439815 0.0109375 0.0509259 0.723145
2 0.508073 0.452778 0.111979 0.205556 0.72998
2 0.864062 0.215278 0.169792 0.121296 0.789062
2 0.489062 0.558333 0.121875 0.190741 0.85791
2 0.339063 0.384259 0.105208 0.12963 0.880371
2 0.295312 0.465741 0.13125 0.153704 0.92041
2 0.457812 0.685185 0.136458 0.218519 0.925781
2 0.207813 0.616667 0.147917 0.196296 0.936035
