9 0.72474 0.0962963 0.00989583 0.0611111 0.318848
7 0.525 0.37963 0.102083 0.174074 0.375244
2 0.503646 0.463426 0.115625 0.213889 0.422852
7 0.503646 0.462963 0.115625 0.211111 0.553223
9 0.566146 0.0453704 0.0114583 0.0555556 0.655273
2 0.0203125 0.112963 0.040625 0.112963 0.671875
2 0.527604 0.380093 0.103125 0.173148 0.698242
9 0.585156 0.0444444 0.0109375 0.0518519 0.729004
2 0.0864583 0.0185185 0.05 0.037037 0.766113
2 0.152865 0.0199074 0.0505208 0.0398148 0.799316
2 0.380469 0.263889 0.0859375 0.124074 0.86377
2 0.327865 0.403704 0.114063 0.137037 0.929199
