7 0.0304688 0.0337963 0.0588542 0.0675926 0.257324
7 0.0713542 0.0662037 0.0666667 0.0953704 0.352295
9 0.725 0.0967593 0.0104167 0.0601852 0.355469
7 0.0114583 0.110648 0.0229167 0.134259 0.379883
7 0.103125 0.0398148 0.075 0.0796296 0.53125
2 0.0416667 0.0962963 0.0510417 0.0722222 0.53125
2 0.46875 0.644444 0.127083 0.174074 0.708496
9 0.565625 0.0425926 0.0104167 0.05 0.728516
9 0.585677 0.0439815 0.0109375 0.0509259 0.744141
2 0.502344 0.556019 0.142188 0.171296 0.822266
2 0.532292 0.337963 0.1 0.12963 0.829102
2 0.510417 0.428241 0.13125 0.184259 0.836426
2 0.298698 0.462963 0.124479 0.148148 0.862305
2 0.832031 0.213889 0.167187 0.12037 0.868164
2 0.344792 0.378704 0.108333 0.131481 0.872559
2 0.964583 0.216204 0.0708333 0.119444 0.888184
2 0.253385 0.543056 0.118229 0.176852 0.892578
2 0.429688 0.781944 0.182292 0.330556 0.893555
2 0.370833 0.897222 0.222917 0.196296 0.912109
2 0.0838542 0.864815 0.167708 0.262963 0.914551
2 0.17474 0.644444 0.189063 0.274074 0.921875
