2 0.05 0.062963 0.084375 0.122222 0.310059
7 0.0497396 0.0648148 0.0838542 0.116667 0.368652
7 0.11224 0.0407407 0.0609375 0.0777778 0.498291
2 0.0153646 0.113426 0.0307292 0.117593 0.543945
7 0.515365 0.376389 0.102604 0.173148 0.644043
2 0.467708 0.646759 0.127083 0.178704 0.713379
9 0.585677 0.0453704 0.0119792 0.0555556 0.756348
9 0.565625 0.0430556 0.0104167 0.0509259 0.772461
2 0.567708 0.237037 0.0791667 0.12963 0.851074
2 0.298438 0.464352 0.126042 0.150926 0.853027
2 0.344792 0.376389 0.107292 0.128704 0.876465
2 0.434896 0.734259 0.159375 0.237037 0.882324
2 0.500521 0.552315 0.123958 0.178704 0.882324
2 0.964583 0.216204 0.0708333 0.119444 0.888184
2 0.254167 0.543056 0.119792 0.176852 0.891113
2 0.818229 0.215741 0.165625 0.12037 0.902344
2 0.392969 0.894444 0.238021 0.2 0.910645
2 0.0841146 0.865278 0.168229 0.265741 0.912598
2 0.17474 0.644444 0.189063 0.274074 0.924805
