7 0.528125 0.368981 0.102083 0.158333 0.321533
2 0.0174479 0.118056 0.0348958 0.121296 0.369385
7 0.0174479 0.11713 0.0348958 0.117593 0.432861
7 0.507552 0.456019 0.119271 0.213889 0.493652
2 0.507292 0.456019 0.11875 0.212037 0.523926
9 0.565625 0.0425926 0.0104167 0.0518519 0.682617
2 0.0513021 0.0902778 0.0494792 0.0731481 0.691895
9 0.585677 0.0444444 0.0109375 0.0518519 0.715332
2 0.528385 0.361111 0.102604 0.146296 0.722168
2 0.521615 0.0703704 0.0484375 0.0703704 0.75293
2 0.335417 0.389352 0.1125 0.134259 0.915527
2 0.470313 0.627315 0.126042 0.202778 0.924316
2 0.261198 0.52037 0.140104 0.164815 0.924805
