2 0.0174479 0.118056 0.0348958 0.130556 0.369385
2 0.505729 0.45 0.115625 0.192593 0.379395
7 0.0174479 0.118056 0.0348958 0.132407 0.385498
7 0.527604 0.368056 0.101042 0.156481 0.457764
7 0.0828125 0.0560185 0.0666667 0.0898148 0.538086
7 0.50599 0.453241 0.117188 0.200926 0.649414
2 0.528385 0.363426 0.102604 0.149074 0.688965
2 0.882292 0.215741 0.16875 0.12037 0.70752
2 0.0518229 0.0921296 0.0494792 0.0731481 0.72998
9 0.585677 0.0449074 0.0119792 0.0546296 0.755371
9 0.565625 0.0430556 0.0104167 0.0509259 0.768555
2 0.338281 0.3875 0.104687 0.132407 0.894043
2 0.488542 0.568056 0.11875 0.187963 0.907715
2 0.294792 0.464352 0.132292 0.152778 0.921875
