2 0.0104167 0.112037 0.0208333 0.112963 0.276611
7 0.0106771 0.112037 0.0213542 0.116667 0.3125
7 0.0789063 0.0546296 0.0682292 0.0981481 0.424561
7 0.114323 0.037037 0.0640625 0.0740741 0.44043
7 0.0367187 0.0893519 0.0703125 0.0972222 0.556641
9 0.585677 0.0449074 0.0119792 0.0546296 0.702148
7 0.523698 0.355556 0.107813 0.148148 0.713867
9 0.565625 0.0430556 0.0104167 0.0509259 0.746582
2 0.344792 0.375463 0.107292 0.130556 0.817871
2 0.298177 0.464815 0.125521 0.151852 0.827637
2 0.510677 0.464352 0.0984375 0.150926 0.862305
2 0.489062 0.561111 0.116667 0.185185 0.87207
2 0.253906 0.543056 0.119271 0.176852 0.881836
2 0.964583 0.216204 0.0708333 0.119444 0.883789
2 0.806771 0.213889 0.161458 0.12037 0.890625
2 0.441667 0.695833 0.147917 0.306481 0.912598
2 0.390625 0.893981 0.229167 0.202778 0.915039
2 0.0841146 0.865741 0.168229 0.264815 0.915527
2 0.174219 0.644444 0.188021 0.274074 0.92334
