2 0.107552 0.0421296 0.0640625 0.0824074 0.411377
2 0.0143229 0.10787 0.0286458 0.128704 0.499268
2 0.517187 0.377315 0.103125 0.176852 0.519043
7 0.107552 0.0425926 0.0640625 0.0833333 0.524414
7 0.516146 0.375926 0.103125 0.175926 0.692871
2 0.0463542 0.0814815 0.0729167 0.1 0.720703
2 0.575521 0.2125 0.0739583 0.125 0.721191
2 0.467187 0.65 0.128125 0.185185 0.742188
9 0.585677 0.0449074 0.0119792 0.0546296 0.750488
9 0.565625 0.0430556 0.0104167 0.0509259 0.769043
2 0.344792 0.376389 0.108333 0.128704 0.841797
2 0.434896 0.736111 0.159375 0.235185 0.848633
2 0.298438 0.465278 0.126042 0.152778 0.850098
2 0.964583 0.216204 0.0708333 0.119444 0.887207
2 0.254167 0.543056 0.119792 0.176852 0.891602
2 0.502344 0.526389 0.111979 0.173148 0.897461
2 0.818229 0.215278 0.165625 0.119444 0.902344
2 0.392448 0.894444 0.236979 0.2 0.903809
2 0.0838542 0.865741 0.167708 0.266667 0.911133
2 0.17474 0.643981 0.188021 0.273148 0.925293
