7 0.0820312 0.0217593 0.0588542 0.0435185 0.301758
9 0.725 0.0962963 0.0104167 0.0611111 0.32373
7 0.528125 0.368519 0.102083 0.157407 0.416748
2 0.0177083 0.119907 0.0354167 0.130556 0.467529
2 0.15651 0.0194444 0.0567708 0.0388889 0.486572
7 0.507552 0.453241 0.118229 0.206481 0.516113
9 0.565104 0.0439815 0.0114583 0.0546296 0.543457
9 0.585677 0.0430556 0.0109375 0.0527778 0.557129
2 0.507552 0.453704 0.118229 0.205556 0.579102
2 0.0822917 0.0212963 0.059375 0.0425926 0.660645
2 0.528385 0.362037 0.102604 0.146296 0.709961
2 0.0518229 0.0898148 0.0494792 0.0740741 0.810547
2 0.946875 0.216204 0.104167 0.117593 0.865723
2 0.336458 0.389815 0.10625 0.135185 0.898438
2 0.477344 0.610648 0.128646 0.199074 0.918457
2 0.2875 0.474537 0.129167 0.158333 0.922852
