2 0.00833333 0.123611 0.0166667 0.0842593 0.385254
7 0.11875 0.037037 0.0552083 0.0740741 0.446533
7 0.0617188 0.0518519 0.101562 0.103704 0.514648
2 0.0354167 0.0893519 0.0697917 0.100926 0.525391
7 0.0361979 0.0856481 0.0692708 0.0990741 0.532715
7 0.530729 0.356944 0.115625 0.169444 0.640137
9 0.585417 0.0444444 0.0125 0.0555556 0.724609
9 0.565625 0.0430556 0.0104167 0.0509259 0.736816
2 0.28776 0.476389 0.113021 0.158333 0.791016
2 0.335417 0.396759 0.1 0.134259 0.838379
2 0.491927 0.551852 0.111979 0.166667 0.838379
2 0.791146 0.215278 0.167708 0.119444 0.86084
2 0.510677 0.463889 0.0984375 0.15 0.867188
2 0.964583 0.216204 0.0708333 0.119444 0.884766
2 0.226042 0.553241 0.1625 0.243519 0.886719
2 0.0658854 0.883796 0.131771 0.226852 0.886719
2 0.453385 0.664352 0.158854 0.287963 0.895996
2 0.407813 0.843982 0.203125 0.302778 0.916504
2 0.126823 0.746296 0.200521 0.266667 0.921387
