9 0.565885 0.0430556 0.0109375 0.0527778 0.328613
2 0.00833333 0.123148 0.0166667 0.0851852 0.361328
7 0.115104 0.0384259 0.0635417 0.0768519 0.377686
9 0.585677 0.0444444 0.0109375 0.0518519 0.404785
7 0.0822917 0.0527778 0.0645833 0.101852 0.418213
2 0.530729 0.359722 0.11875 0.173148 0.477295
7 0.0356771 0.0888889 0.0692708 0.0981481 0.57373
7 0.530469 0.358333 0.115104 0.17037 0.625977
2 0.28776 0.476852 0.113021 0.157407 0.791504
2 0.0429688 0.922222 0.0859375 0.151852 0.804199
2 0.335417 0.396759 0.1 0.134259 0.839355
2 0.492188 0.551852 0.111458 0.166667 0.84082
2 0.531771 0.0666667 0.0489583 0.0611111 0.841797
2 0.510677 0.462963 0.0984375 0.15 0.866699
2 0.791146 0.215278 0.167708 0.119444 0.868652
2 0.226042 0.553241 0.1625 0.243519 0.877441
2 0.964583 0.216667 0.0708333 0.118519 0.88623
2 0.453906 0.662963 0.158854 0.285185 0.896973
2 0.407813 0.844444 0.203125 0.303704 0.915039
2 0.126042 0.747222 0.202083 0.268519 0.9375
