9 0.725 0.0972222 0.0104167 0.0611111 0.270508
7 0.0835937 0.0564815 0.0567708 0.0962963 0.374512
2 0.009375 0.117593 0.01875 0.114815 0.413574
2 0.0364583 0.0907407 0.06875 0.1 0.416016
7 0.113542 0.037037 0.0677083 0.0740741 0.4375
7 0.0356771 0.0884259 0.0703125 0.0972222 0.503906
9 0.565885 0.0430556 0.0109375 0.0509259 0.681641
7 0.527344 0.355556 0.114063 0.159259 0.686523
9 0.585677 0.0444444 0.0109375 0.0518519 0.720215
2 0.805208 0.214815 0.158333 0.12037 0.75293
2 0.491927 0.552315 0.111979 0.167593 0.812012
2 0.409375 0.262963 0.0833333 0.103704 0.84082
2 0.510677 0.463889 0.0984375 0.15 0.853027
2 0.964583 0.215741 0.0708333 0.12037 0.880859
2 0.255208 0.539815 0.11875 0.175926 0.895508
2 0.453906 0.663889 0.158854 0.287037 0.895996
2 0.333854 0.399074 0.108333 0.138889 0.901855
2 0.0841146 0.864815 0.168229 0.266667 0.915527
2 0.408333 0.844444 0.204167 0.301852 0.916016
2 0.173958 0.644444 0.1875 0.274074 0.924316
