9 0.725 0.0967593 0.0104167 0.0601852 0.302734
2 0.0421875 0.0981481 0.0489583 0.0759259 0.358887
7 0.0286458 0.0351852 0.0572917 0.0666667 0.375244
7 0.0424479 0.0986111 0.0484375 0.075 0.417969
7 0.0111979 0.114815 0.0223958 0.124074 0.449951
7 0.06875 0.0671296 0.0729167 0.0953704 0.467773
7 0.105208 0.0412037 0.0708333 0.0805556 0.468994
9 0.566146 0.0453704 0.0114583 0.0555556 0.601074
2 0.46875 0.639352 0.127083 0.162037 0.686523
9 0.585677 0.0444444 0.0109375 0.0518519 0.70459
2 0.501562 0.556944 0.14375 0.173148 0.80957
2 0.532031 0.3375 0.0994792 0.130556 0.820801
2 0.510417 0.428241 0.13125 0.184259 0.832031
2 0.823438 0.214815 0.16875 0.12037 0.833984
2 0.427344 0.7625 0.178646 0.291667 0.842773
2 0.298438 0.462963 0.125 0.148148 0.861328
2 0.344531 0.378704 0.107813 0.131481 0.874023
2 0.964063 0.216204 0.071875 0.119444 0.886719
2 0.253385 0.543056 0.118229 0.176852 0.888184
2 0.376042 0.898148 0.233333 0.196296 0.896973
2 0.0838542 0.865278 0.167708 0.263889 0.913574
2 0.17474 0.643981 0.189063 0.273148 0.921387
