9 0.725 0.0967593 0.0104167 0.0601852 0.270508
2 0.009375 0.114815 0.01875 0.122222 0.394043
7 0.0585938 0.0518519 0.108854 0.103704 0.404297
7 0.11224 0.037037 0.0713542 0.0740741 0.518555
7 0.0359375 0.0861111 0.0708333 0.1 0.526367
9 0.565885 0.0430556 0.0109375 0.0509259 0.67627
9 0.585677 0.0444444 0.0109375 0.0518519 0.709961
7 0.527344 0.356019 0.114063 0.160185 0.717285
2 0.805208 0.214815 0.158333 0.12037 0.762695
2 0.425781 0.233796 0.0755208 0.0972222 0.790039
2 0.491927 0.552315 0.111979 0.167593 0.81543
2 0.510677 0.463889 0.0984375 0.15 0.852539
2 0.964583 0.215741 0.0708333 0.12037 0.882812
2 0.260938 0.525 0.11875 0.17037 0.899414
2 0.453906 0.6625 0.158854 0.284259 0.902344
2 0.334635 0.397685 0.107813 0.136111 0.908203
2 0.0841146 0.864815 0.168229 0.266667 0.915039
2 0.407813 0.843982 0.203125 0.302778 0.916992
2 0.175521 0.64213 0.188542 0.271296 0.921387
