0 0.0046875 0.113426 0.009375 0.126852 0.309814
9 0.725 0.0967593 0.0104167 0.0601852 0.344727
7 0.0247396 0.0425926 0.0494792 0.0759259 0.449219
7 0.0736979 0.0648148 0.0609375 0.101852 0.457031
7 0.120573 0.0398148 0.0880208 0.0796296 0.48584
2 0.0356771 0.0990741 0.0619792 0.0740741 0.683594
9 0.565625 0.0425926 0.0104167 0.05 0.726562
2 0.467708 0.633333 0.127083 0.151852 0.730957
9 0.585677 0.0439815 0.0109375 0.0509259 0.746094
2 0.509896 0.427315 0.13125 0.182407 0.751465
2 0.502344 0.55463 0.141146 0.168519 0.834473
2 0.34375 0.376852 0.105208 0.131481 0.851074
2 0.298177 0.462037 0.125521 0.146296 0.85498
2 0.536458 0.326852 0.0979167 0.138889 0.86377
2 0.821875 0.215278 0.165625 0.121296 0.865723
2 0.436198 0.733333 0.157813 0.222222 0.875
2 0.964583 0.216667 0.0708333 0.118519 0.887695
2 0.253646 0.543056 0.11875 0.176852 0.891113
2 0.0841146 0.866667 0.168229 0.266667 0.906738
2 0.39349 0.89213 0.240104 0.202778 0.909668
2 0.174479 0.644444 0.188542 0.274074 0.92041
