9 0.725 0.0962963 0.0104167 0.0611111 0.262939
7 0.0111979 0.108796 0.0223958 0.126852 0.280762
2 0.0106771 0.1125 0.0213542 0.132407 0.351562
7 0.146615 0.0296296 0.0786458 0.0592593 0.513672
7 0.0390625 0.0837963 0.075 0.0972222 0.571289
7 0.522917 0.356019 0.109375 0.150926 0.681152
7 0.0919271 0.0490741 0.0619792 0.0981481 0.686523
9 0.585677 0.0444444 0.0109375 0.0518519 0.699707
9 0.565885 0.0425926 0.0109375 0.05 0.705566
2 0.591146 0.152778 0.0625 0.101852 0.773438
2 0.467448 0.636574 0.125521 0.191667 0.827637
2 0.43724 0.743981 0.164062 0.239815 0.859863
2 0.298698 0.465278 0.124479 0.152778 0.864746
2 0.346354 0.375 0.111458 0.131481 0.868164
2 0.814583 0.214815 0.16875 0.118519 0.879883
2 0.964583 0.216204 0.0708333 0.119444 0.887207
2 0.254167 0.543056 0.119792 0.176852 0.897461
2 0.391927 0.893056 0.235938 0.202778 0.901367
2 0.509635 0.462963 0.0963542 0.144444 0.90332
2 0.0841146 0.865741 0.168229 0.266667 0.905273
2 0.174479 0.644907 0.188542 0.275 0.922363
