2 0.00833333 0.124074 0.0166667 0.087037 0.287354
7 0.113542 0.037037 0.06875 0.0740741 0.411377
7 0.065625 0.0523148 0.09375 0.10463 0.434082
9 0.565104 0.0439815 0.0125 0.0509259 0.561035
7 0.0356771 0.0814815 0.0703125 0.114815 0.567383
9 0.585677 0.0444444 0.0109375 0.0518519 0.630371
7 0.530469 0.35787 0.115104 0.171296 0.661133
2 0.290365 0.477315 0.108854 0.158333 0.787598
2 0.492188 0.551852 0.111458 0.166667 0.811523
2 0.504687 0.106481 0.05 0.0648148 0.826172
2 0.510677 0.463889 0.0984375 0.15 0.854492
2 0.789583 0.215278 0.164583 0.121296 0.854492
2 0.338021 0.397222 0.105208 0.135185 0.880371
2 0.964583 0.216204 0.0708333 0.119444 0.881348
2 0.453906 0.663889 0.158854 0.287037 0.894043
2 0.407813 0.844444 0.203125 0.303704 0.908691
2 0.221875 0.561111 0.1625 0.246296 0.915039
2 0.117708 0.759722 0.203125 0.269444 0.94043
