2 0.0585938 0.0546296 0.109896 0.107407 0.294434
9 0.725 0.0962963 0.0104167 0.0611111 0.349121
0 0.375 0.394444 0.028125 0.114815 0.37915
7 0.114063 0.0375 0.0666667 0.0731481 0.380859
7 0.0596354 0.0564815 0.109896 0.105556 0.398926
7 0.0335938 0.0939815 0.0671875 0.0953704 0.419434
9 0.565625 0.0430556 0.0114583 0.0509259 0.652832
7 0.0427083 0.199074 0.0854167 0.125926 0.691895
9 0.585677 0.0449074 0.0109375 0.0509259 0.708008
2 0.531771 0.383796 0.0989583 0.132407 0.76123
2 0.948958 0.215741 0.102083 0.12037 0.780762
2 0.333854 0.386111 0.0885417 0.131481 0.815918
2 0.509115 0.452778 0.0953125 0.15 0.820312
2 0.292448 0.464352 0.101562 0.15463 0.857422
2 0.0651042 0.880556 0.130208 0.22963 0.863281
2 0.475781 0.583333 0.138021 0.257407 0.896973
2 0.81849 0.215278 0.166146 0.121296 0.912109
2 0.4125 0.829167 0.189583 0.330556 0.918457
2 0.225521 0.55463 0.1625 0.242593 0.925293
2 0.126823 0.746296 0.199479 0.266667 0.92627
