7 0.528125 0.37037 0.102083 0.162963 0.336182
2 0.0177083 0.118056 0.0354167 0.119444 0.376465
7 0.0177083 0.116667 0.0354167 0.114815 0.436768
7 0.507552 0.460648 0.119271 0.223148 0.481201
2 0.507031 0.461111 0.119271 0.222222 0.519043
9 0.565625 0.0425926 0.0104167 0.0518519 0.638184
9 0.585677 0.0439815 0.0109375 0.0509259 0.687012
2 0.0515625 0.0907407 0.05 0.0740741 0.692383
2 0.528385 0.3625 0.102604 0.149074 0.692383
2 0.51875 0.074537 0.0479167 0.0694444 0.723145
2 0.335417 0.390278 0.1125 0.136111 0.915527
2 0.469531 0.630556 0.126563 0.2 0.923828
2 0.258854 0.525926 0.140625 0.166667 0.927246
