9 0.571094 0.0430556 0.0244792 0.0509259 0.250488
9 0.725 0.0962963 0.0104167 0.0611111 0.304688
2 0.526042 0.383796 0.104167 0.180556 0.503418
7 0.52526 0.384259 0.103646 0.185185 0.533691
7 0.49375 0.50463 0.121875 0.231481 0.546875
2 0.49349 0.505556 0.121354 0.233333 0.54834
2 0.0203125 0.112963 0.040625 0.111111 0.592773
9 0.565625 0.0425926 0.0104167 0.05 0.741211
9 0.585677 0.0439815 0.0109375 0.0509259 0.760254
2 0.363542 0.287963 0.0885417 0.131481 0.833984
2 0.320833 0.416204 0.115625 0.143519 0.911133
