9 0.72474 0.0962963 0.00989583 0.0611111 0.304443
7 0.50599 0.459259 0.121354 0.218519 0.439941
2 0.507292 0.4625 0.11875 0.221296 0.598633
2 0.0203125 0.105556 0.040625 0.127778 0.632812
9 0.565885 0.0425926 0.0109375 0.05 0.741699
9 0.585677 0.0439815 0.0109375 0.0509259 0.756836
2 0.527344 0.362037 0.102604 0.137037 0.797852
2 0.37526 0.966667 0.191146 0.0611111 0.810059
2 0.458333 0.161111 0.0645833 0.0925926 0.850586
2 0.0817708 0.0675926 0.059375 0.0722222 0.854492
2 0.327344 0.402315 0.113021 0.134259 0.926758
2 0.0955729 0.860648 0.190104 0.260185 0.936523
