9 0.725 0.0972222 0.0104167 0.0611111 0.295654
7 0.0606771 0.0523148 0.105729 0.10463 0.338867
2 0.00807292 0.123611 0.0161458 0.0824074 0.349121
7 0.0361979 0.0703704 0.0713542 0.12963 0.445312
0 0.992969 0.1875 0.0140625 0.0398148 0.470215
7 0.116927 0.037037 0.0609375 0.0740741 0.48291
9 0.566146 0.0458333 0.0114583 0.0564815 0.588867
9 0.585677 0.0444444 0.0109375 0.0518519 0.689941
2 0.290104 0.474537 0.107292 0.156481 0.796875
2 0.592708 0.326389 0.152083 0.163889 0.807129
2 0.338542 0.388889 0.1 0.135185 0.816406
2 0.491927 0.551389 0.110937 0.163889 0.835938
2 0.508073 0.453704 0.0953125 0.148148 0.839355
2 0.0653646 0.880556 0.130729 0.231481 0.86084
2 0.767448 0.214815 0.168229 0.12037 0.881348
2 0.960938 0.21713 0.078125 0.117593 0.885254
2 0.453906 0.663889 0.158854 0.287037 0.900391
2 0.225781 0.554167 0.163021 0.243519 0.907227
2 0.407813 0.844444 0.203125 0.301852 0.916992
2 0.127083 0.746296 0.2 0.266667 0.927246
