9 0.725 0.0962963 0.0104167 0.0611111 0.250488
7 0.0114583 0.109259 0.0229167 0.125926 0.284424
2 0.0109375 0.113426 0.021875 0.130556 0.321533
7 0.134896 0.0305556 0.0989583 0.0611111 0.515137
7 0.0393229 0.0842593 0.0734375 0.0981481 0.596191
7 0.0885417 0.0518519 0.0625 0.0962963 0.621582
9 0.585677 0.0444444 0.0109375 0.0518519 0.679199
7 0.523698 0.355556 0.107813 0.151852 0.689941
9 0.565885 0.0425926 0.0109375 0.05 0.694824
2 0.592969 0.141204 0.0567708 0.0953704 0.761719
2 0.436979 0.734259 0.165625 0.224074 0.851562
2 0.298698 0.465741 0.124479 0.153704 0.859375
2 0.345833 0.375463 0.1125 0.130556 0.867676
2 0.470052 0.622685 0.124479 0.19537 0.882324
2 0.807031 0.213889 0.164062 0.12037 0.882812
2 0.964583 0.216204 0.0708333 0.119444 0.887207
2 0.254167 0.543056 0.119792 0.176852 0.894043
2 0.391667 0.891667 0.235417 0.205556 0.895996
2 0.509635 0.463889 0.0963542 0.146296 0.902832
2 0.0841146 0.865741 0.168229 0.266667 0.907715
2 0.17474 0.644444 0.188021 0.274074 0.921875
