7 0.0408854 0.0333333 0.0630208 0.0666667 0.299316
7 0.0411458 0.0967593 0.0520833 0.0731481 0.311279
9 0.725 0.0967593 0.0104167 0.0601852 0.366211
2 0.0419271 0.0981481 0.0494792 0.0740741 0.390625
7 0.0114583 0.113889 0.0229167 0.125926 0.394287
7 0.0611979 0.062963 0.0901042 0.103704 0.43042
7 0.110677 0.0407407 0.0598958 0.0814815 0.490723
2 0.46875 0.645833 0.126042 0.176852 0.70166
9 0.565885 0.0425926 0.0109375 0.05 0.720215
9 0.585677 0.0439815 0.0109375 0.0509259 0.739746
2 0.501823 0.556481 0.143229 0.172222 0.820801
2 0.532292 0.3375 0.1 0.130556 0.833984
2 0.510417 0.428241 0.13125 0.184259 0.839844
2 0.298958 0.4625 0.125 0.149074 0.865234
2 0.834896 0.214352 0.164583 0.121296 0.865723
2 0.34349 0.378704 0.106771 0.131481 0.867188
2 0.964583 0.215741 0.0708333 0.12037 0.88623
2 0.429948 0.781944 0.182812 0.330556 0.886719
2 0.253906 0.543519 0.118229 0.175926 0.89209
2 0.372656 0.896759 0.220313 0.197222 0.913086
2 0.0838542 0.864815 0.167708 0.262963 0.914062
2 0.17474 0.644444 0.189063 0.274074 0.924316
