2 0.0882813 0.0587963 0.0473958 0.0990741 0.279541
7 0.0351562 0.074537 0.0692708 0.134259 0.290283
9 0.72474 0.0962963 0.00989583 0.0611111 0.324463
2 0.0609375 0.0527778 0.104167 0.105556 0.326416
7 0.119271 0.037963 0.0572917 0.0740741 0.343506
2 0.00703125 0.123611 0.0140625 0.0768519 0.357422
2 0.0356771 0.0703704 0.0703125 0.133333 0.459229
2 0.373437 0.210648 0.169792 0.125 0.632324
9 0.565885 0.0430556 0.0109375 0.0509259 0.656738
9 0.585677 0.0439815 0.0109375 0.0509259 0.701172
2 0.289323 0.474537 0.108854 0.156481 0.786133
2 0.0653646 0.881481 0.130729 0.22963 0.86084
2 0.53125 0.386111 0.0989583 0.133333 0.868164
2 0.338281 0.3875 0.0984375 0.136111 0.888672
2 0.226042 0.553704 0.1625 0.242593 0.891602
2 0.828906 0.215741 0.164062 0.12037 0.913574
2 0.407292 0.844444 0.202083 0.303704 0.918457
2 0.504167 0.486574 0.104167 0.158333 0.919434
2 0.459635 0.638426 0.154687 0.275 0.921875
2 0.127083 0.746296 0.2 0.266667 0.924316
