7 0.0119792 0.112037 0.0239583 0.137037 0.30957
7 0.119531 0.0375 0.0536458 0.075 0.324951
9 0.725 0.0962963 0.0104167 0.0611111 0.373047
2 0.119792 0.0375 0.0541667 0.075 0.408203
2 0.0794271 0.0578704 0.0671875 0.0953704 0.438965
2 0.0408854 0.0981481 0.0526042 0.0759259 0.48877
2 0.523698 0.453704 0.131771 0.212963 0.642578
2 0.46901 0.649537 0.126563 0.182407 0.645996
9 0.565885 0.0430556 0.0109375 0.0509259 0.721191
9 0.585677 0.0444444 0.0109375 0.0518519 0.736328
2 0.498437 0.559259 0.146875 0.172222 0.776367
2 0.530729 0.331944 0.1 0.113889 0.808105
2 0.298698 0.463426 0.124479 0.149074 0.866699
2 0.836719 0.214815 0.168229 0.118519 0.868652
2 0.964583 0.216204 0.0708333 0.119444 0.884766
2 0.343229 0.379167 0.109375 0.134259 0.884766
2 0.253646 0.543056 0.11875 0.176852 0.896484
2 0.426823 0.781018 0.181771 0.330556 0.90332
2 0.252083 0.278241 0.145833 0.108333 0.905762
2 0.17474 0.643519 0.188021 0.272222 0.924316
