9 0.585417 0.0430556 0.0104167 0.0490741 0.303711
7 0.117188 0.0375 0.0614583 0.0731481 0.354736
7 0.0630208 0.0513889 0.096875 0.102778 0.380371
2 0.0106771 0.110185 0.0213542 0.116667 0.431152
7 0.0361979 0.087037 0.0713542 0.0962963 0.440918
2 0.0361979 0.0893519 0.0692708 0.0990741 0.479492
9 0.565885 0.0430556 0.0109375 0.0509259 0.515137
2 0.614062 0.0648148 0.0489583 0.0777778 0.708008
7 0.523698 0.355093 0.107813 0.149074 0.712402
2 0.345833 0.375463 0.108333 0.130556 0.818359
2 0.298698 0.463426 0.124479 0.150926 0.824219
2 0.510677 0.464815 0.0984375 0.15 0.855957
2 0.253646 0.543056 0.11875 0.176852 0.878906
2 0.488281 0.561111 0.114063 0.185185 0.886719
2 0.964583 0.216204 0.0708333 0.119444 0.887207
2 0.806771 0.213889 0.161458 0.12037 0.895996
2 0.391667 0.895833 0.235417 0.199074 0.910156
2 0.0841146 0.865278 0.168229 0.265741 0.916016
2 0.439063 0.70463 0.148958 0.305556 0.921875
2 0.174479 0.644444 0.188542 0.274074 0.923828
