0 0.819531 0.1875 0.0171875 0.0324074 0.250488
7 0.0502604 0.087963 0.0630208 0.0814815 0.283691
7 0.0111979 0.115278 0.0223958 0.125 0.394043
7 0.110677 0.0402778 0.0588542 0.0805556 0.474121
2 0.0416667 0.0962963 0.0510417 0.0703704 0.630859
7 0.0708333 0.0578704 0.0697917 0.115741 0.660156
2 0.469271 0.646296 0.126042 0.177778 0.688965
9 0.565625 0.0425926 0.0104167 0.05 0.712402
9 0.585156 0.0435185 0.0109375 0.0518519 0.716309
2 0.510417 0.428704 0.13125 0.183333 0.805176
2 0.501823 0.556019 0.143229 0.171296 0.816895
2 0.835677 0.214815 0.166146 0.12037 0.819336
2 0.531771 0.337037 0.0989583 0.127778 0.824707
2 0.363021 0.953241 0.225 0.0861111 0.860352
2 0.298958 0.463426 0.123958 0.149074 0.86377
2 0.34349 0.378704 0.105729 0.131481 0.87793
2 0.964583 0.216204 0.0708333 0.119444 0.879883
2 0.253646 0.543056 0.11875 0.176852 0.89209
2 0.0841146 0.865278 0.167187 0.263889 0.90625
2 0.427344 0.781944 0.182812 0.328704 0.912598
2 0.174479 0.644444 0.188542 0.274074 0.921875
