7 0.0864583 0.0583333 0.0510417 0.0981481 0.265625
2 0.00807292 0.123611 0.0161458 0.0824074 0.331055
7 0.0604167 0.0518519 0.105208 0.103704 0.376465
7 0.0367187 0.0717593 0.0713542 0.123148 0.4375
7 0.116667 0.037037 0.0604167 0.0722222 0.483398
7 0.767187 0.287037 0.182292 0.146296 0.511719
2 0.765104 0.287963 0.196875 0.146296 0.687012
9 0.565885 0.0430556 0.0109375 0.0509259 0.707031
9 0.585677 0.0439815 0.0109375 0.0509259 0.72998
2 0.290104 0.474537 0.107292 0.156481 0.808594
2 0.635156 0.212037 0.159896 0.118519 0.820801
2 0.494271 0.543519 0.111458 0.17037 0.849609
2 0.339063 0.388889 0.101042 0.135185 0.850586
2 0.065625 0.881481 0.13125 0.22963 0.863281
2 0.453385 0.663889 0.157813 0.287037 0.89209
2 0.913281 0.216204 0.170312 0.117593 0.898926
2 0.226042 0.554167 0.1625 0.243519 0.90625
2 0.520312 0.404167 0.0927083 0.136111 0.914062
2 0.407813 0.844444 0.203125 0.301852 0.919434
2 0.127083 0.746296 0.2 0.266667 0.925293
