9 0.725 0.0967593 0.0104167 0.0601852 0.298584
7 0.025 0.037037 0.05 0.0666667 0.410645
7 0.0421875 0.0986111 0.0489583 0.075 0.424805
7 0.0114583 0.116204 0.0229167 0.121296 0.450439
7 0.111979 0.0402778 0.059375 0.0805556 0.482178
7 0.0692708 0.0675926 0.071875 0.0944444 0.550293
9 0.565625 0.0430556 0.0114583 0.0509259 0.662598
2 0.46875 0.636111 0.127083 0.157407 0.688477
9 0.585156 0.0444444 0.0109375 0.0518519 0.706055
2 0.501823 0.555556 0.143229 0.17037 0.813477
2 0.532031 0.3375 0.0994792 0.128704 0.818359
2 0.822917 0.215741 0.16875 0.12037 0.824219
2 0.510417 0.428241 0.13125 0.184259 0.833008
2 0.299219 0.462963 0.124479 0.148148 0.862305
2 0.427083 0.745833 0.179167 0.25463 0.873047
2 0.344271 0.378704 0.108333 0.131481 0.879883
2 0.964583 0.215741 0.0708333 0.12037 0.883301
2 0.253385 0.543056 0.118229 0.176852 0.888184
2 0.378125 0.897222 0.234375 0.196296 0.902832
2 0.0838542 0.865278 0.167708 0.265741 0.914062
2 0.175 0.644444 0.188542 0.274074 0.921387
