7 0.0703125 0.0490741 0.119792 0.0944444 0.263672
2 0.00807292 0.123611 0.0161458 0.0805556 0.323242
0 0.973437 0.186111 0.021875 0.0314815 0.326172
7 0.0854167 0.0550926 0.053125 0.102778 0.351074
0 0.940625 0.187037 0.015625 0.0333333 0.375977
7 0.0367187 0.0694444 0.0713542 0.127778 0.466309
7 0.115625 0.0365741 0.0625 0.0731481 0.504395
9 0.565885 0.0425926 0.0109375 0.05 0.698242
9 0.585677 0.0439815 0.0109375 0.0509259 0.721191
2 0.290104 0.474537 0.107292 0.156481 0.79248
2 0.338802 0.389352 0.100521 0.134259 0.831055
2 0.704427 0.295833 0.176563 0.152778 0.833984
2 0.0653646 0.881019 0.130729 0.230556 0.85791
2 0.492448 0.55 0.114063 0.166667 0.858398
2 0.684896 0.205093 0.165625 0.106481 0.861328
2 0.933333 0.218056 0.133333 0.117593 0.891602
2 0.516927 0.417593 0.0942708 0.138889 0.898438
2 0.453906 0.663889 0.158854 0.287037 0.901367
2 0.226042 0.554167 0.163542 0.243519 0.90625
2 0.407813 0.843518 0.203125 0.301852 0.915527
2 0.127083 0.746296 0.2 0.266667 0.926758
