7 0.0796875 0.0578704 0.0697917 0.0898148 0.258545
7 0.0135417 0.127315 0.0270833 0.132407 0.321045
9 0.725 0.0967593 0.0104167 0.062037 0.373291
7 0.0466146 0.0935185 0.0546875 0.0722222 0.382324
2 0.08125 0.0569444 0.0677083 0.0916667 0.547363
2 0.517187 0.460648 0.122917 0.219444 0.61084
2 0.14375 0.0259259 0.0572917 0.0518519 0.651367
2 0.046875 0.0925926 0.0510417 0.0722222 0.651855
2 0.863281 0.215741 0.170312 0.12037 0.724609
9 0.565625 0.0425926 0.0104167 0.05 0.728027
2 0.529948 0.343519 0.100521 0.12963 0.731445
9 0.585677 0.0439815 0.0109375 0.0509259 0.746582
2 0.496094 0.558333 0.132812 0.174074 0.789062
2 0.298958 0.463426 0.125 0.149074 0.856934
2 0.339323 0.381944 0.105729 0.132407 0.86377
2 0.464063 0.666667 0.136458 0.216667 0.913574
2 0.246615 0.545833 0.130729 0.180556 0.917969
