9 0.72474 0.0958333 0.00989583 0.062037 0.338135
2 0.142969 0.025 0.0505208 0.05 0.472168
7 0.142708 0.025463 0.05 0.0509259 0.525879
2 0.505729 0.4625 0.115625 0.217593 0.5625
9 0.566146 0.0453704 0.0114583 0.0555556 0.654785
2 0.0203125 0.112963 0.040625 0.112963 0.686523
2 0.526823 0.365278 0.101562 0.143519 0.70459
2 0.3875 0.25463 0.0854167 0.12037 0.729492
9 0.585156 0.0444444 0.0109375 0.0518519 0.734375
2 0.0752604 0.025 0.0515625 0.05 0.740723
2 0.327344 0.402778 0.113021 0.135185 0.931641
