9 0.725 0.0967593 0.0104167 0.0601852 0.291504
7 0.0304688 0.0384259 0.0609375 0.0768519 0.375488
2 0.0611979 0.0703704 0.0755208 0.0962963 0.467529
2 0.510417 0.385648 0.0979167 0.175 0.484375
7 0.0611979 0.0699074 0.0755208 0.0953704 0.530273
7 0.510938 0.385648 0.0989583 0.175 0.557617
7 0.11224 0.0388889 0.0609375 0.0777778 0.592285
2 0.46875 0.637037 0.129167 0.157407 0.693359
2 0.0164062 0.121296 0.0328125 0.0907407 0.70459
2 0.561979 0.253704 0.08125 0.137037 0.712402
9 0.565885 0.0430556 0.0109375 0.0509259 0.739746
9 0.585677 0.0444444 0.0109375 0.0518519 0.754395
2 0.500781 0.55787 0.135937 0.176852 0.834473
2 0.344531 0.376389 0.107813 0.128704 0.86084
2 0.298177 0.464352 0.125521 0.150926 0.867188
2 0.435417 0.734722 0.160417 0.237963 0.888672
2 0.964583 0.216204 0.0708333 0.119444 0.88916
2 0.254167 0.543056 0.119792 0.176852 0.897949
2 0.818229 0.215741 0.165625 0.12037 0.90332
2 0.392969 0.89537 0.238021 0.2 0.90918
2 0.0841146 0.865278 0.167187 0.265741 0.917969
2 0.17474 0.644444 0.188021 0.274074 0.924316
