7 0.0877604 0.0564815 0.0484375 0.0981481 0.261475
2 0.0880208 0.0592593 0.0479167 0.0962963 0.288086
2 0.00755208 0.124074 0.0151042 0.0814815 0.298828
7 0.0351562 0.0726852 0.0692708 0.136111 0.373535
2 0.0356771 0.0694444 0.0703125 0.133333 0.396729
7 0.117708 0.0375 0.059375 0.0731481 0.433105
7 0.472656 0.206944 0.166146 0.126852 0.507812
2 0.473437 0.212037 0.167708 0.122222 0.600586
7 0.951563 0.268981 0.096875 0.139815 0.696289
9 0.585677 0.0458333 0.0119792 0.0546296 0.723145
9 0.565625 0.0430556 0.0104167 0.0509259 0.734375
2 0.289583 0.474074 0.108333 0.155556 0.788086
2 0.0653646 0.880556 0.130729 0.231481 0.861328
2 0.524219 0.391667 0.0973958 0.12963 0.883789
2 0.502083 0.498611 0.10625 0.167593 0.888672
2 0.339323 0.388889 0.102604 0.135185 0.89209
2 0.826563 0.216204 0.165625 0.115741 0.89502
2 0.226302 0.553704 0.163021 0.242593 0.900391
2 0.407813 0.843982 0.203125 0.302778 0.917969
2 0.455729 0.65787 0.161458 0.278704 0.921875
2 0.127083 0.745833 0.2 0.265741 0.925781
