9 0.725 0.0967593 0.0104167 0.0601852 0.345947
2 0.0796875 0.0564815 0.0666667 0.0888889 0.461182
2 0.0130208 0.127778 0.0260417 0.133333 0.513672
7 0.113281 0.037963 0.0651042 0.0759259 0.544434
7 0.0799479 0.0555556 0.0671875 0.0888889 0.602051
9 0.565885 0.0425926 0.0109375 0.05 0.719727
9 0.585677 0.0439815 0.0109375 0.0509259 0.73877
2 0.984375 0.219444 0.03125 0.116667 0.748535
2 0.516406 0.458333 0.120312 0.222222 0.757324
2 0.49349 0.563426 0.132812 0.178704 0.779297
2 0.0463542 0.0935185 0.053125 0.0722222 0.783691
2 0.529688 0.345833 0.0989583 0.132407 0.784668
2 0.847135 0.215278 0.170312 0.121296 0.833496
2 0.340885 0.382407 0.109896 0.133333 0.839844
2 0.298698 0.4625 0.124479 0.147222 0.84082
2 0.464063 0.658796 0.135417 0.202778 0.861328
2 0.247917 0.544444 0.128125 0.177778 0.895996
2 0.40651 0.838889 0.197396 0.316667 0.911621
2 0.135156 0.7125 0.206771 0.299074 0.930176
