7 0.0244792 0.0375 0.0489583 0.0638889 0.327881
9 0.725 0.0967593 0.0104167 0.0601852 0.327881
7 0.0114583 0.112963 0.0229167 0.133333 0.374268
2 0.0421875 0.0976852 0.0489583 0.0731481 0.434814
7 0.0671875 0.0666667 0.0770833 0.0981481 0.45459
7 0.111979 0.0388889 0.059375 0.0777778 0.504883
2 0.46875 0.636111 0.127083 0.155556 0.709473
9 0.565885 0.0430556 0.0109375 0.0509259 0.728027
9 0.585677 0.0439815 0.0109375 0.0509259 0.746094
2 0.824219 0.215741 0.166146 0.122222 0.816406
2 0.501823 0.556481 0.142188 0.17037 0.816895
2 0.532031 0.337963 0.0994792 0.12963 0.817871
2 0.510417 0.428241 0.13125 0.184259 0.829102
2 0.426823 0.747222 0.178646 0.253704 0.864258
2 0.298177 0.462963 0.125521 0.148148 0.867188
2 0.34401 0.378704 0.108854 0.131481 0.877441
2 0.964583 0.216204 0.0708333 0.119444 0.883301
2 0.253385 0.543519 0.118229 0.175926 0.891113
2 0.377865 0.897222 0.234896 0.198148 0.899902
2 0.0841146 0.864352 0.167187 0.263889 0.911133
2 0.17474 0.644444 0.189063 0.274074 0.921875
