0 0.96875 0.190278 0.01875 0.0305556 0.278564
9 0.725 0.0972222 0.0104167 0.0592593 0.3125
7 0.115365 0.0361111 0.0578125 0.0722222 0.490479
7 0.0588542 0.0537037 0.107292 0.103704 0.520996
7 0.0309896 0.0958333 0.0619792 0.0990741 0.544434
9 0.565104 0.0435185 0.0125 0.0518519 0.615234
9 0.585677 0.0444444 0.0119792 0.0518519 0.703125
2 0.528906 0.38287 0.104687 0.130556 0.763672
2 0.509375 0.456944 0.0958333 0.15463 0.808594
2 0.3375 0.386111 0.09375 0.131481 0.841797
2 0.29401 0.463426 0.103646 0.15463 0.851074
2 0.949219 0.215741 0.101562 0.12037 0.853516
2 0.0651042 0.882407 0.130208 0.227778 0.869141
2 0.81875 0.215741 0.166667 0.12037 0.90918
2 0.477604 0.572222 0.136458 0.259259 0.90918
2 0.225781 0.55463 0.163021 0.242593 0.924805
2 0.126823 0.746296 0.200521 0.266667 0.924805
2 0.417708 0.811574 0.183333 0.339815 0.924805
