0 0.820312 0.188426 0.0177083 0.0324074 0.275146
2 0.0763021 0.0643518 0.0671875 0.0990741 0.303711
7 0.0414063 0.0972222 0.0515625 0.0740741 0.306641
9 0.725 0.0967593 0.0104167 0.0601852 0.355469
7 0.11849 0.037037 0.0546875 0.0740741 0.396484
2 0.11901 0.0365741 0.0557292 0.0731481 0.403564
7 0.0125 0.113889 0.025 0.135185 0.439453
7 0.0776042 0.0601852 0.0677083 0.0925926 0.506836
2 0.0416667 0.0981481 0.05 0.0740741 0.552734
9 0.566146 0.0458333 0.0114583 0.0564815 0.592285
2 0.46901 0.648611 0.126563 0.184259 0.665527
9 0.585677 0.0444444 0.0109375 0.0518519 0.689453
2 0.500521 0.558333 0.142708 0.168519 0.804688
2 0.520573 0.454167 0.139062 0.208333 0.805664
2 0.529948 0.33287 0.100521 0.113889 0.807617
2 0.834115 0.215278 0.169271 0.117593 0.824707
2 0.298958 0.463426 0.123958 0.149074 0.848633
2 0.964583 0.216204 0.0708333 0.119444 0.876953
2 0.253646 0.543981 0.11875 0.176852 0.88623
2 0.372396 0.27963 0.145833 0.109259 0.889648
2 0.34349 0.37963 0.109896 0.133333 0.896484
2 0.427083 0.781482 0.182292 0.32963 0.904785
2 0.174479 0.643519 0.188542 0.272222 0.92041
