7 0.0830729 0.0574074 0.0578125 0.0962963 0.435059
7 0.113802 0.037037 0.0682292 0.0740741 0.458496
2 0.00911458 0.130556 0.0182292 0.101852 0.460693
7 0.0356771 0.0893519 0.0703125 0.0990741 0.567871
9 0.585677 0.0453704 0.0119792 0.0555556 0.712402
9 0.565625 0.0430556 0.0104167 0.0509259 0.725586
7 0.527344 0.356481 0.114063 0.161111 0.734375
2 0.805208 0.214815 0.158333 0.12037 0.791992
2 0.442969 0.203241 0.0713542 0.0916667 0.806152
2 0.492188 0.552315 0.111458 0.167593 0.827637
2 0.510417 0.464352 0.0979167 0.150926 0.852051
2 0.271615 0.500463 0.119271 0.169444 0.873047
2 0.964583 0.215741 0.0708333 0.12037 0.881836
2 0.453906 0.663889 0.158854 0.287037 0.90332
2 0.33724 0.396296 0.108854 0.135185 0.907227
2 0.407813 0.844444 0.203125 0.303704 0.916992
2 0.0841146 0.864815 0.168229 0.266667 0.91748
2 0.181771 0.631944 0.184375 0.271296 0.923828
