7 0.52526 0.371296 0.101562 0.155556 0.287354
9 0.72474 0.0962963 0.00989583 0.0611111 0.308838
7 0.50599 0.459259 0.121354 0.218519 0.474121
2 0.507292 0.462037 0.11875 0.22037 0.563477
2 0.444531 0.17963 0.0692708 0.0981481 0.709473
9 0.565885 0.0425926 0.0109375 0.05 0.746094
9 0.585677 0.0439815 0.0109375 0.0509259 0.759277
2 0.0203125 0.111574 0.040625 0.112037 0.77832
2 0.527604 0.362037 0.103125 0.137037 0.796387
2 0.0255208 0.0518519 0.0510417 0.0611111 0.821777
2 0.096875 0.0560185 0.0572917 0.0712963 0.837402
2 0.0713542 0.911111 0.142708 0.172222 0.876465
2 0.327604 0.402778 0.113542 0.135185 0.92627
