7 0.0411458 0.0958333 0.0552083 0.075 0.348145
9 0.725 0.0967593 0.0104167 0.0601852 0.357422
2 0.0416667 0.0981481 0.05 0.0759259 0.379395
7 0.0117188 0.115741 0.0234375 0.125926 0.397705
7 0.110156 0.0412037 0.0609375 0.0824074 0.496338
7 0.059375 0.0615741 0.0927083 0.106481 0.567383
2 0.46875 0.644907 0.126042 0.175 0.700684
9 0.565885 0.0425926 0.0109375 0.05 0.731934
9 0.585677 0.0439815 0.0109375 0.0509259 0.746094
2 0.501823 0.556019 0.143229 0.171296 0.814941
2 0.510417 0.428241 0.13125 0.184259 0.830566
2 0.532031 0.3375 0.0994792 0.130556 0.844727
2 0.835938 0.214815 0.167708 0.12037 0.859863
2 0.298438 0.4625 0.125 0.147222 0.86377
2 0.34375 0.378704 0.10625 0.131481 0.869629
2 0.964583 0.215741 0.0708333 0.12037 0.88623
2 0.253906 0.543519 0.118229 0.175926 0.893066
2 0.429167 0.781944 0.182292 0.330556 0.901367
2 0.373177 0.899537 0.217187 0.193519 0.907227
2 0.0838542 0.864815 0.167708 0.262963 0.915527
2 0.17474 0.643981 0.188021 0.273148 0.925293
