7 0.0440104 0.0944444 0.0578125 0.0740741 0.264893
7 0.119271 0.0375 0.0541667 0.075 0.319336
7 0.0130208 0.118519 0.0260417 0.122222 0.343018
9 0.725 0.0967593 0.0104167 0.0601852 0.358154
7 0.0799479 0.0550926 0.0661458 0.0898148 0.404785
2 0.46875 0.65 0.126042 0.183333 0.436279
2 0.0796875 0.0560185 0.0666667 0.0898148 0.452637
2 0.0445312 0.0962963 0.0526042 0.0759259 0.48877
9 0.565625 0.0430556 0.0104167 0.0509259 0.703613
2 0.4875 0.568981 0.157292 0.20463 0.718262
9 0.585677 0.0439815 0.0109375 0.0509259 0.725586
2 0.51901 0.45 0.129688 0.216667 0.75
2 0.530469 0.329167 0.0994792 0.108333 0.783203
2 0.297917 0.462963 0.122917 0.148148 0.853516
2 0.341927 0.380556 0.107813 0.133333 0.854004
2 0.845833 0.214815 0.167708 0.12037 0.873047
2 0.964583 0.216204 0.0708333 0.119444 0.887207
2 0.253385 0.543056 0.118229 0.176852 0.89209
2 0.426823 0.781944 0.181771 0.330556 0.89502
2 0.0927083 0.275463 0.147917 0.106481 0.902344
2 0.174479 0.643056 0.188542 0.271296 0.922852
