2 0.0419271 0.0986111 0.0494792 0.075 0.324463
9 0.725 0.0962963 0.0104167 0.0611111 0.338379
7 0.0419271 0.0986111 0.0494792 0.075 0.417725
7 0.025 0.0365741 0.05 0.0657407 0.428223
7 0.0114583 0.115741 0.0229167 0.122222 0.441162
7 0.0695312 0.0671296 0.0723958 0.0953704 0.523926
7 0.110937 0.0412037 0.0572917 0.0824074 0.53125
9 0.565625 0.0430556 0.0114583 0.0509259 0.677734
2 0.46875 0.636111 0.127083 0.157407 0.685547
9 0.585156 0.0439815 0.0109375 0.0509259 0.717285
2 0.825 0.215278 0.166667 0.121296 0.806641
2 0.501823 0.556019 0.142188 0.171296 0.8125
2 0.532031 0.3375 0.0994792 0.130556 0.813477
2 0.510417 0.428241 0.13125 0.184259 0.835449
2 0.298438 0.463426 0.125 0.149074 0.863281
2 0.427083 0.747222 0.179167 0.257407 0.879395
2 0.964063 0.215741 0.071875 0.12037 0.881836
2 0.344271 0.378704 0.108333 0.131481 0.881836
2 0.253385 0.543056 0.118229 0.176852 0.890625
2 0.377604 0.898148 0.234375 0.196296 0.900879
2 0.0838542 0.865278 0.167708 0.265741 0.912598
2 0.17474 0.644444 0.188021 0.274074 0.921387
