7 0.0177083 0.119907 0.0354167 0.126852 0.30957
9 0.725 0.0967593 0.0104167 0.0601852 0.340576
2 0.0507812 0.0606481 0.0598958 0.0824074 0.385254
7 0.527865 0.368519 0.102604 0.155556 0.405762
2 0.0177083 0.118981 0.0354167 0.130556 0.459961
7 0.507031 0.450926 0.118229 0.201852 0.467773
7 0.134115 0.0300926 0.0598958 0.0601852 0.581543
2 0.507552 0.45 0.117188 0.194444 0.602539
2 0.05 0.0310185 0.0635417 0.062037 0.631836
9 0.565625 0.0430556 0.0114583 0.0509259 0.696777
9 0.585677 0.0439815 0.0109375 0.0509259 0.726562
2 0.0515625 0.0902778 0.0520833 0.0768519 0.741211
2 0.528385 0.361574 0.102604 0.14537 0.748047
2 0.892969 0.216204 0.170312 0.119444 0.80957
2 0.3375 0.388889 0.104167 0.133333 0.891113
2 0.4875 0.569444 0.120833 0.187037 0.903809
2 0.294531 0.464352 0.129688 0.152778 0.916016
