0 0.800521 0.187037 0.021875 0.0314815 0.30127
9 0.725 0.0967593 0.0104167 0.0583333 0.389893
7 0.510417 0.428704 0.13125 0.185185 0.458984
7 0.0255208 0.0407407 0.0510417 0.0796296 0.465088
7 0.114844 0.0393519 0.0671875 0.0787037 0.490234
7 0.0674479 0.0657407 0.0765625 0.0962963 0.549316
7 0.539583 0.322685 0.0979167 0.149074 0.605957
2 0.510156 0.430093 0.129688 0.187963 0.631836
9 0.566146 0.0458333 0.0135417 0.0583333 0.678223
2 0.540625 0.323148 0.096875 0.15 0.69873
2 0.467969 0.638889 0.127604 0.166667 0.706543
9 0.585156 0.0444444 0.0119792 0.0518519 0.730469
2 0.0328125 0.100926 0.0645833 0.0777778 0.736328
2 0.502604 0.556481 0.140625 0.168519 0.836426
2 0.296875 0.463426 0.128125 0.149074 0.854004
2 0.344531 0.376852 0.106771 0.12963 0.862793
2 0.435937 0.736574 0.159375 0.232407 0.867188
2 0.81875 0.214815 0.170833 0.12037 0.871582
2 0.253646 0.542593 0.11875 0.175926 0.874023
2 0.964063 0.216667 0.071875 0.118519 0.876953
2 0.0841146 0.865741 0.168229 0.264815 0.907227
2 0.39375 0.893519 0.239583 0.2 0.910645
2 0.17474 0.643981 0.189063 0.275 0.920898
