9 0.725 0.0967593 0.0104167 0.0601852 0.318604
7 0.0427083 0.0986111 0.0479167 0.0731481 0.343262
2 0.0427083 0.0976852 0.0479167 0.0731481 0.354492
7 0.0117188 0.1125 0.0234375 0.134259 0.371582
7 0.0252604 0.0347222 0.0505208 0.062037 0.435059
7 0.111719 0.0388889 0.0578125 0.0777778 0.541504
7 0.0684896 0.0675926 0.0734375 0.0962963 0.566406
2 0.46875 0.637963 0.126042 0.161111 0.708984
9 0.565885 0.0425926 0.0109375 0.05 0.728516
9 0.585677 0.0439815 0.0109375 0.0509259 0.74707
2 0.501562 0.555556 0.142708 0.17037 0.81543
2 0.822917 0.215278 0.16875 0.121296 0.822266
2 0.532031 0.3375 0.0994792 0.128704 0.822754
2 0.510417 0.428241 0.13125 0.184259 0.836426
2 0.427083 0.745833 0.179167 0.252778 0.862793
2 0.298958 0.4625 0.123958 0.149074 0.864746
2 0.344271 0.378704 0.108333 0.131481 0.879883
2 0.964583 0.215741 0.0708333 0.12037 0.883789
2 0.253646 0.543056 0.11875 0.176852 0.892578
2 0.378385 0.897222 0.234896 0.198148 0.901855
2 0.0841146 0.864352 0.167187 0.263889 0.913574
2 0.17474 0.643981 0.188021 0.273148 0.924805
