2 0.0864583 0.0597222 0.05 0.0953704 0.309326
2 0.00807292 0.124537 0.0161458 0.0768519 0.365479
7 0.0861979 0.0574074 0.0505208 0.0981481 0.398682
2 0.0354167 0.0717593 0.0697917 0.137963 0.407471
7 0.115625 0.037037 0.0625 0.0740741 0.456055
7 0.0354167 0.0712963 0.0697917 0.137037 0.464355
7 0.529948 0.35787 0.113021 0.171296 0.710449
9 0.585677 0.0453704 0.0119792 0.0555556 0.727539
9 0.565625 0.0430556 0.0114583 0.0509259 0.743164
2 0.28776 0.476389 0.113021 0.158333 0.797363
2 0.491927 0.552315 0.111979 0.167593 0.830566
2 0.335938 0.395833 0.1 0.134259 0.838867
2 0.791146 0.214815 0.167708 0.118519 0.865234
2 0.510677 0.463889 0.0994792 0.15 0.866699
2 0.0666667 0.881481 0.133333 0.22963 0.870117
2 0.964583 0.216204 0.0708333 0.119444 0.884766
2 0.225521 0.553241 0.1625 0.243519 0.896484
2 0.453385 0.663889 0.158854 0.287037 0.896484
2 0.407813 0.843982 0.203125 0.302778 0.919922
2 0.127083 0.746296 0.2 0.266667 0.92627
