9 0.725 0.0967593 0.0104167 0.0601852 0.350342
0 0.820312 0.188426 0.0177083 0.0324074 0.371826
7 0.11875 0.0365741 0.0541667 0.0731481 0.375977
7 0.0119792 0.111111 0.0239583 0.133333 0.403809
2 0.11901 0.037037 0.0546875 0.0722222 0.437744
7 0.0770833 0.0597222 0.06875 0.0953704 0.450684
2 0.0770833 0.0606481 0.06875 0.0935185 0.494385
9 0.566146 0.0458333 0.0114583 0.0564815 0.57959
2 0.0416667 0.0986111 0.05 0.0731481 0.672852
2 0.46901 0.65 0.126563 0.185185 0.677734
9 0.585677 0.0444444 0.0109375 0.0518519 0.695801
2 0.49974 0.559259 0.146354 0.17037 0.803711
2 0.530208 0.331481 0.1 0.112963 0.809082
2 0.834115 0.215741 0.169271 0.116667 0.821289
2 0.520312 0.452778 0.139583 0.209259 0.830566
2 0.298438 0.4625 0.125 0.149074 0.854004
2 0.964583 0.216204 0.0708333 0.119444 0.875
2 0.253646 0.543981 0.11875 0.176852 0.888184
2 0.427083 0.781482 0.18125 0.32963 0.902344
2 0.343229 0.37963 0.110417 0.131481 0.903809
2 0.174479 0.643519 0.189583 0.272222 0.921387
2 0.386198 0.27963 0.145313 0.109259 0.925781
