9 0.725 0.0967593 0.0104167 0.062037 0.277832
2 0.009375 0.116204 0.01875 0.117593 0.351562
7 0.114063 0.037037 0.0666667 0.0740741 0.44458
7 0.0835937 0.0574074 0.0567708 0.0962963 0.444824
7 0.0356771 0.0888889 0.0692708 0.0962963 0.524902
9 0.565625 0.0430556 0.0125 0.0509259 0.633301
7 0.527344 0.355556 0.114063 0.159259 0.686523
9 0.585677 0.0444444 0.0109375 0.0518519 0.69043
2 0.805208 0.214352 0.158333 0.119444 0.800293
2 0.491927 0.552315 0.111979 0.167593 0.810059
2 0.510677 0.463889 0.0984375 0.15 0.855469
2 0.381771 0.309259 0.09375 0.114815 0.861816
2 0.964583 0.215741 0.0708333 0.12037 0.882324
2 0.253906 0.544444 0.119271 0.175926 0.89209
2 0.453646 0.663889 0.159375 0.287037 0.894043
2 0.321875 0.428704 0.115625 0.144444 0.907227
2 0.0841146 0.864815 0.167187 0.266667 0.914551
2 0.407813 0.844444 0.203125 0.303704 0.915527
2 0.174479 0.643981 0.188542 0.273148 0.920898
