2 0.0177083 0.11713 0.0354167 0.125 0.337158
9 0.72474 0.0967593 0.00989583 0.0601852 0.391602
7 0.0257812 0.0402778 0.0515625 0.0694444 0.394287
7 0.0177083 0.115741 0.0354167 0.122222 0.415527
7 0.527865 0.368056 0.102604 0.156481 0.417969
2 0.0257812 0.0398148 0.0515625 0.0685185 0.4646
7 0.507552 0.457407 0.117188 0.212963 0.507812
2 0.507292 0.456019 0.116667 0.210185 0.59375
2 0.88125 0.215741 0.16875 0.12037 0.699707
9 0.565885 0.0425926 0.0109375 0.05 0.741699
2 0.528385 0.361111 0.102604 0.144444 0.749512
9 0.585677 0.0439815 0.0109375 0.0509259 0.753906
2 0.111719 0.0402778 0.0640625 0.0805556 0.773438
2 0.0518229 0.0907407 0.0494792 0.0759259 0.796387
2 0.3375 0.388426 0.104167 0.132407 0.877441
2 0.488021 0.568056 0.11875 0.187963 0.908203
2 0.294792 0.463889 0.132292 0.153704 0.917969
