7 0.0304688 0.0393519 0.0609375 0.0787037 0.304199
7 0.0575521 0.0708333 0.0723958 0.0972222 0.309814
7 0.115625 0.0402778 0.065625 0.0787037 0.533691
2 0.0151042 0.1125 0.0302083 0.121296 0.567871
2 0.0578125 0.0740741 0.0708333 0.0962963 0.590332
2 0.467708 0.646296 0.127083 0.177778 0.688477
7 0.515625 0.378241 0.102083 0.173148 0.741699
9 0.585677 0.0453704 0.0119792 0.0555556 0.755371
9 0.565625 0.0430556 0.0104167 0.0509259 0.775879
2 0.298177 0.464352 0.125521 0.150926 0.856934
2 0.567187 0.239352 0.0802083 0.130556 0.85791
2 0.500521 0.552315 0.125 0.178704 0.881348
2 0.344792 0.376852 0.107292 0.12963 0.881348
2 0.434896 0.733333 0.159375 0.237037 0.882812
2 0.964583 0.216204 0.0708333 0.119444 0.885742
2 0.254167 0.543056 0.119792 0.176852 0.888184
2 0.817708 0.215741 0.164583 0.12037 0.902344
2 0.392969 0.894444 0.238021 0.2 0.910156
2 0.0838542 0.866667 0.167708 0.266667 0.911621
2 0.17474 0.644444 0.188021 0.274074 0.926758
