2 0.107813 0.0407407 0.0635417 0.0814815 0.431885
7 0.108594 0.0412037 0.0640625 0.0805556 0.470459
2 0.0151042 0.106944 0.0302083 0.126852 0.60791
2 0.467187 0.655093 0.128125 0.19537 0.745605
9 0.585677 0.0449074 0.0119792 0.0546296 0.753418
2 0.0476562 0.0814815 0.0744792 0.0981481 0.765625
9 0.565625 0.0430556 0.0104167 0.0509259 0.776855
7 0.516146 0.374074 0.103125 0.168519 0.791992
2 0.435417 0.736574 0.160417 0.236111 0.845215
2 0.573438 0.216204 0.075 0.126852 0.851074
2 0.298438 0.465278 0.125 0.152778 0.855957
2 0.344531 0.375926 0.107813 0.127778 0.861328
2 0.964583 0.216204 0.0708333 0.119444 0.887695
2 0.254167 0.543056 0.119792 0.176852 0.893555
2 0.502083 0.52963 0.114583 0.175926 0.895996
2 0.818229 0.215278 0.165625 0.119444 0.904297
2 0.392448 0.894444 0.236979 0.2 0.905273
2 0.0841146 0.865741 0.168229 0.264815 0.914062
2 0.17474 0.643981 0.188021 0.273148 0.92627
