2 0.0104167 0.111111 0.0208333 0.122222 0.338379
9 0.585677 0.0435185 0.0109375 0.05 0.444824
7 0.059375 0.0523148 0.107292 0.10463 0.4646
7 0.0369792 0.0888889 0.0708333 0.0981481 0.579102
7 0.115365 0.0365741 0.0744792 0.0731481 0.589844
9 0.565885 0.0425926 0.0109375 0.05 0.625977
7 0.523698 0.355093 0.107813 0.149074 0.726562
2 0.602344 0.10463 0.0505208 0.0814815 0.762695
2 0.298177 0.464352 0.124479 0.150926 0.853027
2 0.345313 0.375463 0.109375 0.130556 0.85791
2 0.510156 0.466204 0.0994792 0.152778 0.867676
2 0.964583 0.216204 0.0708333 0.119444 0.88623
2 0.253906 0.543519 0.119271 0.175926 0.893066
2 0.80625 0.213889 0.160417 0.12037 0.894043
2 0.0838542 0.865741 0.167708 0.264815 0.911133
2 0.48125 0.569444 0.117708 0.183333 0.912109
2 0.391667 0.895833 0.235417 0.199074 0.912109
2 0.435937 0.755093 0.15625 0.317593 0.916992
2 0.17474 0.644444 0.188021 0.274074 0.925293
