9 0.725 0.0972222 0.0104167 0.0611111 0.305664
7 0.0848958 0.0546296 0.0541667 0.103704 0.318359
2 0.0078125 0.122685 0.015625 0.0824074 0.354248
7 0.0364583 0.0694444 0.071875 0.131481 0.462646
7 0.119531 0.037037 0.0557292 0.0740741 0.571289
9 0.565885 0.0430556 0.0109375 0.0509259 0.682129
9 0.585677 0.0444444 0.0109375 0.0518519 0.716309
2 0.783854 0.214352 0.166667 0.119444 0.75293
2 0.290104 0.474537 0.107292 0.156481 0.790039
2 0.492188 0.551389 0.111458 0.167593 0.806152
2 0.5625 0.340741 0.139583 0.168519 0.814941
2 0.338802 0.389352 0.100521 0.136111 0.846191
2 0.507812 0.462037 0.0958333 0.148148 0.858398
2 0.065625 0.881481 0.13125 0.22963 0.862793
2 0.964063 0.215278 0.071875 0.119444 0.879883
2 0.453385 0.663889 0.158854 0.287037 0.89209
2 0.225781 0.554167 0.163021 0.243519 0.908203
2 0.407813 0.844444 0.203125 0.301852 0.915527
2 0.127083 0.746296 0.2 0.266667 0.925781
