9 0.725 0.0972222 0.0104167 0.0611111 0.25708
2 0.009375 0.119444 0.01875 0.112963 0.379639
7 0.0598958 0.0518519 0.107292 0.103704 0.396729
7 0.113281 0.037037 0.0682292 0.0740741 0.435059
7 0.0361979 0.0861111 0.0713542 0.1 0.49707
9 0.565885 0.0430556 0.0109375 0.0509259 0.677246
7 0.527344 0.355556 0.114063 0.159259 0.695312
9 0.585677 0.0444444 0.0109375 0.0518519 0.714844
2 0.805469 0.214815 0.157813 0.12037 0.754883
2 0.491667 0.551852 0.1125 0.166667 0.808594
2 0.510677 0.463889 0.0984375 0.15 0.850586
2 0.413021 0.255556 0.0822917 0.103704 0.854004
2 0.964583 0.215741 0.0708333 0.12037 0.879395
2 0.453646 0.663426 0.159375 0.286111 0.896973
2 0.25651 0.5375 0.118229 0.178704 0.903809
2 0.334635 0.398148 0.107813 0.138889 0.909668
2 0.407813 0.843982 0.203125 0.302778 0.916016
2 0.0841146 0.864815 0.168229 0.266667 0.916504
2 0.174479 0.644444 0.1875 0.274074 0.925293
