0 0.96875 0.190278 0.0208333 0.0305556 0.270996
7 0.0208333 0.201389 0.0416667 0.121296 0.27832
9 0.725 0.0972222 0.0104167 0.0592593 0.306885
7 0.0604167 0.0550926 0.105208 0.100926 0.434082
7 0.0322917 0.0962963 0.0645833 0.0925926 0.437744
7 0.115625 0.0365741 0.0604167 0.0731481 0.440186
0 0.376563 0.393981 0.0260417 0.115741 0.442383
9 0.565104 0.0435185 0.0125 0.0518519 0.61377
9 0.585677 0.0449074 0.0109375 0.0509259 0.705078
2 0.53125 0.383333 0.0989583 0.131481 0.763184
2 0.949219 0.215741 0.101562 0.12037 0.813477
2 0.509635 0.45463 0.0953125 0.153704 0.829102
2 0.333594 0.385648 0.0859375 0.130556 0.830566
2 0.291927 0.463889 0.101562 0.153704 0.838867
2 0.0653646 0.882407 0.130729 0.227778 0.871582
2 0.476302 0.581944 0.136979 0.267593 0.897461
2 0.817187 0.216204 0.165625 0.117593 0.909668
2 0.225781 0.555093 0.163021 0.241667 0.924316
2 0.126563 0.746759 0.2 0.265741 0.925781
2 0.414844 0.822222 0.185937 0.338889 0.933105
