7 0.528125 0.365741 0.1 0.157407 0.371582
7 0.0502604 0.0907407 0.0473958 0.0722222 0.439209
7 0.0161458 0.124074 0.0322917 0.133333 0.45166
7 0.0692708 0.0712963 0.0864583 0.105556 0.57666
7 0.50625 0.458333 0.116667 0.209259 0.668945
9 0.585156 0.0439815 0.0109375 0.0509259 0.722168
9 0.565625 0.0430556 0.0104167 0.0509259 0.724121
2 0.882292 0.215278 0.16875 0.119444 0.725098
2 0.528906 0.356481 0.102604 0.142593 0.762695
2 0.338542 0.386574 0.104167 0.130556 0.888672
2 0.488021 0.568056 0.117708 0.186111 0.908203
2 0.294531 0.463889 0.132812 0.153704 0.921387
