9 0.72474 0.0958333 0.00989583 0.062037 0.281494
7 0.0177083 0.11713 0.0354167 0.115741 0.510742
2 0.0520833 0.0907407 0.0489583 0.0722222 0.654297
9 0.565885 0.0425926 0.0109375 0.05 0.731445
9 0.585677 0.0439815 0.0109375 0.0509259 0.744141
2 0.528385 0.362037 0.102604 0.146296 0.761719
2 0.507292 0.45463 0.11875 0.207407 0.801758
2 0.502604 0.103241 0.0510417 0.0694444 0.810059
2 0.334375 0.389815 0.110417 0.137037 0.91748
2 0.458854 0.683796 0.1375 0.217593 0.92627
2 0.242969 0.555093 0.148438 0.176852 0.929688
