0 0.903125 0.1875 0.0166667 0.0305556 0.298584
7 0.0854167 0.0555556 0.053125 0.101852 0.341553
2 0.0078125 0.123148 0.015625 0.0833333 0.345215
7 0.0361979 0.0708333 0.0713542 0.126852 0.428711
7 0.116667 0.0365741 0.0604167 0.0731481 0.49292
7 0.761458 0.287037 0.180208 0.148148 0.567383
9 0.565885 0.0425926 0.0109375 0.05 0.69873
2 0.758333 0.288426 0.19375 0.149074 0.723633
9 0.585677 0.0439815 0.0109375 0.0509259 0.724609
2 0.640885 0.210648 0.159896 0.115741 0.792969
2 0.290104 0.474537 0.107292 0.156481 0.818848
2 0.0653646 0.880556 0.130729 0.231481 0.856445
2 0.49401 0.546296 0.109896 0.174074 0.864746
2 0.339063 0.389352 0.101042 0.136111 0.866211
2 0.453906 0.663889 0.158854 0.287037 0.900391
2 0.226042 0.553704 0.1625 0.242593 0.906738
2 0.916406 0.216667 0.167187 0.116667 0.910645
2 0.520312 0.405556 0.0927083 0.137037 0.916016
2 0.407813 0.844444 0.203125 0.301852 0.919434
2 0.127083 0.746296 0.2 0.266667 0.92627
