9 0.725 0.0967593 0.0104167 0.0601852 0.297852
7 0.0421875 0.0986111 0.0489583 0.075 0.420654
7 0.025 0.0365741 0.05 0.0657407 0.44043
7 0.0114583 0.115741 0.0229167 0.124074 0.452393
7 0.110677 0.0407407 0.0578125 0.0814815 0.524414
7 0.0700521 0.0675926 0.0703125 0.0944444 0.53125
9 0.565625 0.0430556 0.0114583 0.0509259 0.660156
2 0.46875 0.636111 0.127083 0.157407 0.691406
9 0.585156 0.0444444 0.0109375 0.0518519 0.70459
2 0.824219 0.215741 0.166146 0.122222 0.800293
2 0.502344 0.556481 0.142188 0.172222 0.809082
2 0.532031 0.3375 0.0994792 0.128704 0.820801
2 0.510417 0.428241 0.13125 0.184259 0.831055
2 0.427083 0.751389 0.179167 0.265741 0.858398
2 0.298438 0.462963 0.125 0.148148 0.86377
2 0.34401 0.378704 0.108854 0.131481 0.878418
2 0.964583 0.215741 0.0708333 0.12037 0.881836
2 0.253385 0.543056 0.118229 0.176852 0.889648
2 0.378125 0.898148 0.234375 0.196296 0.897461
2 0.0838542 0.865278 0.167708 0.265741 0.914062
2 0.17474 0.644444 0.189063 0.274074 0.920898
