7 0.0585938 0.0537037 0.115104 0.107407 0.250244
7 0.0424479 0.0319444 0.0838542 0.0638889 0.254395
9 0.725 0.0972222 0.0104167 0.0611111 0.267822
7 0.0838542 0.0564815 0.05625 0.0981481 0.387207
2 0.009375 0.118519 0.01875 0.114815 0.418701
7 0.1125 0.037037 0.0708333 0.0740741 0.503418
7 0.0356771 0.0861111 0.0703125 0.1 0.529297
9 0.565885 0.0430556 0.0109375 0.0509259 0.682129
9 0.585677 0.0444444 0.0109375 0.0518519 0.716309
7 0.527344 0.356019 0.114063 0.160185 0.728027
2 0.805208 0.214815 0.158333 0.12037 0.762207
2 0.491927 0.552315 0.111979 0.167593 0.816895
2 0.424219 0.235648 0.0765625 0.0990741 0.821777
2 0.510677 0.463889 0.0984375 0.15 0.854004
2 0.964583 0.216204 0.0708333 0.119444 0.884277
2 0.260156 0.527315 0.118229 0.173148 0.893066
2 0.453646 0.663426 0.159375 0.286111 0.902344
2 0.334635 0.398148 0.107813 0.137037 0.909668
2 0.0841146 0.864815 0.167187 0.266667 0.915039
2 0.407813 0.843982 0.203125 0.302778 0.916504
2 0.175521 0.643056 0.188542 0.271296 0.92334
