9 0.725 0.0967593 0.0104167 0.0601852 0.310059
7 0.0117188 0.110648 0.0234375 0.141667 0.342529
2 0.0421875 0.0976852 0.0489583 0.0731481 0.428955
7 0.025 0.0356481 0.05 0.0638889 0.44873
7 0.111458 0.0393519 0.0583333 0.0787037 0.526367
7 0.0692708 0.0675926 0.071875 0.0962963 0.557617
9 0.565625 0.0430556 0.0114583 0.0509259 0.661621
2 0.46875 0.638889 0.126042 0.162963 0.697266
9 0.585677 0.0444444 0.0109375 0.0518519 0.702637
2 0.501823 0.556481 0.143229 0.172222 0.813965
2 0.822917 0.215278 0.16875 0.121296 0.819336
2 0.532031 0.3375 0.0994792 0.128704 0.831055
2 0.510417 0.428241 0.13125 0.184259 0.838867
2 0.298958 0.462963 0.123958 0.148148 0.862305
2 0.427344 0.746296 0.179688 0.255556 0.862793
2 0.344271 0.378704 0.108333 0.131481 0.875977
2 0.964583 0.215741 0.0708333 0.12037 0.883301
2 0.253385 0.543056 0.118229 0.176852 0.887695
2 0.378385 0.898148 0.234896 0.196296 0.90332
2 0.0838542 0.865278 0.167708 0.265741 0.911133
2 0.17474 0.644444 0.189063 0.274074 0.922363
