9 0.725 0.0962963 0.0104167 0.0611111 0.386963
7 0.0804688 0.0546296 0.0682292 0.0944444 0.456055
2 0.0132813 0.128241 0.0265625 0.136111 0.487549
7 0.135937 0.0287037 0.0583333 0.0555556 0.510254
2 0.0802083 0.0564815 0.06875 0.0944444 0.562012
2 0.516146 0.459259 0.119792 0.218519 0.670898
9 0.565885 0.0425926 0.0109375 0.05 0.726562
2 0.863281 0.215741 0.171354 0.118519 0.727051
9 0.585677 0.0439815 0.0109375 0.0509259 0.739746
2 0.529948 0.346759 0.101562 0.134259 0.78418
2 0.495313 0.559722 0.132292 0.175 0.79541
2 0.0460938 0.0930556 0.0526042 0.0712963 0.804199
2 0.339583 0.381944 0.10625 0.132407 0.850586
2 0.298698 0.4625 0.124479 0.149074 0.86084
2 0.464063 0.66713 0.136458 0.217593 0.915527
2 0.246615 0.546759 0.130729 0.180556 0.918945
