7 0.0140625 0.123611 0.0270833 0.14537 0.309082
2 0.0138021 0.124074 0.0276042 0.146296 0.362061
2 0.119531 0.0375 0.0526042 0.075 0.363525
7 0.119531 0.0375 0.0536458 0.075 0.378906
7 0.0835937 0.0550926 0.0598958 0.0898148 0.408936
7 0.528646 0.343981 0.103125 0.130556 0.419678
2 0.46849 0.650463 0.126563 0.182407 0.456543
2 0.0833333 0.0560185 0.059375 0.0898148 0.555664
2 0.0294271 0.0486111 0.0557292 0.0583333 0.584473
2 0.529688 0.341204 0.101042 0.126852 0.623535
9 0.565625 0.0425926 0.0104167 0.05 0.694824
2 0.484375 0.570833 0.152083 0.193519 0.697754
2 0.0463542 0.0930556 0.0520833 0.0731481 0.69873
9 0.585156 0.0439815 0.0109375 0.0509259 0.708008
2 0.514323 0.459259 0.124479 0.22037 0.734375
2 0.846875 0.214815 0.170833 0.12037 0.848633
2 0.298438 0.4625 0.125 0.147222 0.854492
2 0.253646 0.543056 0.11875 0.175 0.859863
2 0.341927 0.381019 0.110937 0.132407 0.87207
2 0.964844 0.216204 0.0703125 0.117593 0.878906
2 0.427865 0.781944 0.182812 0.330556 0.906738
2 0.176302 0.643056 0.192188 0.271296 0.925293
