9 0.725 0.0967593 0.0104167 0.0601852 0.258789
2 0.009375 0.119907 0.01875 0.108333 0.41748
7 0.0356771 0.0893519 0.0703125 0.0990741 0.449707
7 0.114323 0.037037 0.0651042 0.0740741 0.457275
7 0.0822917 0.0564815 0.0604167 0.0962963 0.469971
9 0.565885 0.0430556 0.0109375 0.0509259 0.669434
7 0.527344 0.355556 0.114063 0.159259 0.697266
9 0.585677 0.0444444 0.0109375 0.0518519 0.709961
2 0.805208 0.214815 0.158333 0.12037 0.733398
2 0.491927 0.552315 0.111979 0.167593 0.811035
2 0.510677 0.463889 0.0984375 0.15 0.852539
2 0.405729 0.268056 0.084375 0.108333 0.858887
2 0.964583 0.215741 0.0708333 0.12037 0.877441
2 0.254167 0.541667 0.11875 0.175926 0.897949
2 0.453906 0.663889 0.158854 0.287037 0.899902
2 0.333854 0.400926 0.109375 0.138889 0.907227
2 0.0841146 0.864815 0.168229 0.266667 0.915039
2 0.407813 0.843982 0.203125 0.302778 0.916992
2 0.174479 0.643981 0.1875 0.273148 0.92334
