0 0.371615 0.400463 0.0348958 0.125 0.344971
9 0.565625 0.0412037 0.0125 0.0546296 0.400146
2 0.00833333 0.123148 0.0166667 0.0851852 0.422852
7 0.116927 0.037037 0.0588542 0.0740741 0.477051
7 0.0372396 0.0851852 0.0703125 0.0981481 0.482178
7 0.0611979 0.0523148 0.104687 0.10463 0.582031
2 0.0356771 0.0898148 0.0703125 0.1 0.609375
7 0.530729 0.356944 0.115625 0.169444 0.61377
2 0.286719 0.476389 0.115104 0.158333 0.805664
2 0.334375 0.396759 0.0979167 0.134259 0.82373
2 0.492188 0.551852 0.111458 0.166667 0.838379
2 0.790885 0.215278 0.168229 0.119444 0.862793
2 0.510677 0.463426 0.0984375 0.149074 0.869141
2 0.0648438 0.886111 0.129688 0.22037 0.879883
2 0.964583 0.216204 0.0708333 0.119444 0.886719
2 0.225521 0.553704 0.160417 0.244444 0.890625
2 0.453385 0.663889 0.158854 0.287037 0.894043
2 0.407813 0.844444 0.203125 0.301852 0.916016
2 0.12526 0.746296 0.203646 0.266667 0.916016
