7 0.0153646 0.126389 0.0307292 0.137963 0.315918
7 0.0473958 0.0921296 0.053125 0.0712963 0.333252
2 0.529167 0.368519 0.0979167 0.166667 0.415771
2 0.0799479 0.0578704 0.0682292 0.087963 0.41626
9 0.725 0.0967593 0.0104167 0.0601852 0.418213
2 0.0153646 0.125 0.0307292 0.133333 0.437012
7 0.0802083 0.0569444 0.0677083 0.0861111 0.473633
7 0.530208 0.368519 0.1 0.166667 0.483643
2 0.0479167 0.0930556 0.05 0.0712963 0.677734
2 0.507292 0.456019 0.108333 0.213889 0.720703
2 0.864062 0.215741 0.169792 0.12037 0.737793
9 0.565625 0.0425926 0.0104167 0.05 0.739258
9 0.585677 0.0439815 0.0109375 0.0509259 0.754395
2 0.488281 0.557407 0.120312 0.190741 0.817383
2 0.339063 0.383796 0.105208 0.128704 0.881836
2 0.459896 0.676852 0.134375 0.214815 0.914551
2 0.295312 0.466204 0.13125 0.15463 0.92041
2 0.210417 0.611574 0.145833 0.197222 0.936035
