7 0.0882813 0.0592593 0.0463542 0.0962963 0.258301
9 0.72474 0.0967593 0.00989583 0.0601852 0.326172
7 0.118229 0.037963 0.059375 0.0740741 0.372803
7 0.0351562 0.0726852 0.0703125 0.137963 0.384521
2 0.0885417 0.0606481 0.0458333 0.0953704 0.441895
2 0.0354167 0.0708333 0.0708333 0.137963 0.483643
9 0.565885 0.0430556 0.0109375 0.0509259 0.681641
2 0.985156 0.22037 0.0296875 0.114815 0.705078
9 0.585677 0.0444444 0.0109375 0.0518519 0.708496
2 0.293229 0.470833 0.109375 0.156481 0.80957
2 0.280729 0.207407 0.167708 0.12037 0.810059
2 0.0653646 0.881481 0.130729 0.22963 0.861816
2 0.53125 0.384259 0.0989583 0.133333 0.871582
2 0.338802 0.387037 0.0994792 0.135185 0.887695
2 0.504167 0.481944 0.1 0.158333 0.898926
2 0.825521 0.215741 0.165625 0.116667 0.903809
2 0.407031 0.844444 0.201562 0.303704 0.910645
2 0.466927 0.621759 0.148438 0.282407 0.92041
2 0.225781 0.554167 0.161979 0.241667 0.920898
2 0.126823 0.746296 0.199479 0.266667 0.923828
