9 0.725 0.0958333 0.0104167 0.062037 0.258545
2 0.0078125 0.123611 0.015625 0.0824074 0.329346
7 0.0856771 0.0550926 0.0526042 0.102778 0.355713
7 0.790365 0.283796 0.184896 0.147222 0.476318
7 0.117969 0.037037 0.0588542 0.0740741 0.518066
7 0.0354167 0.0699074 0.0697917 0.134259 0.533203
2 0.791927 0.283796 0.194271 0.14537 0.632324
9 0.565885 0.0430556 0.0109375 0.0509259 0.70166
9 0.585677 0.0439815 0.0109375 0.0509259 0.726074
2 0.290365 0.474537 0.107813 0.156481 0.79248
2 0.621875 0.212963 0.163542 0.122222 0.793457
2 0.339063 0.389352 0.101042 0.136111 0.859863
2 0.065625 0.881481 0.13125 0.22963 0.869629
2 0.9 0.216667 0.165625 0.118519 0.870117
2 0.494531 0.543056 0.110937 0.176852 0.873535
2 0.226042 0.553704 0.1625 0.242593 0.895996
2 0.520833 0.398148 0.090625 0.131481 0.898438
2 0.453385 0.663889 0.158854 0.287037 0.902344
2 0.407813 0.844444 0.203125 0.301852 0.91748
2 0.127344 0.746296 0.199479 0.266667 0.927246
