2 0.0177083 0.113426 0.0354167 0.163889 0.259277
9 0.72474 0.0958333 0.00989583 0.062037 0.419678
7 0.527344 0.371296 0.100521 0.164815 0.430664
2 0.09375 0.0490741 0.0666667 0.0907407 0.44458
7 0.0177083 0.104167 0.0354167 0.165741 0.489014
2 0.505208 0.454167 0.114583 0.199074 0.516113
7 0.505208 0.455556 0.114583 0.203704 0.524902
7 0.0934896 0.049537 0.0671875 0.0916667 0.539551
2 0.528125 0.369907 0.102083 0.162037 0.664551
2 0.882292 0.215278 0.16875 0.119444 0.690918
9 0.565885 0.0425926 0.0109375 0.05 0.744629
9 0.585677 0.0439815 0.0109375 0.0509259 0.755859
2 0.0513021 0.0916667 0.0494792 0.0740741 0.780273
2 0.3375 0.387963 0.104167 0.131481 0.88916
2 0.488542 0.56713 0.11875 0.186111 0.910645
2 0.294792 0.463889 0.132292 0.153704 0.919922
