7 0.11276 0.0375 0.0703125 0.075 0.408691
7 0.0645833 0.0523148 0.096875 0.10463 0.411621
7 0.0354167 0.0828704 0.0697917 0.113889 0.559082
9 0.565104 0.0439815 0.0125 0.0509259 0.5625
9 0.585677 0.0444444 0.0109375 0.0518519 0.629883
7 0.530729 0.35787 0.115625 0.169444 0.643555
2 0.290104 0.477315 0.108333 0.158333 0.800781
2 0.501562 0.110185 0.0510417 0.062963 0.816406
2 0.492188 0.552315 0.111458 0.167593 0.827637
2 0.789583 0.215278 0.164583 0.121296 0.845215
2 0.510677 0.462963 0.0984375 0.15 0.859863
2 0.33724 0.396759 0.104687 0.134259 0.874023
2 0.964583 0.216667 0.0708333 0.118519 0.880859
2 0.453906 0.663426 0.158854 0.286111 0.895996
2 0.407813 0.844444 0.203125 0.303704 0.912598
2 0.221875 0.561111 0.1625 0.246296 0.914062
2 0.116667 0.762037 0.203125 0.268519 0.935059
