2 0.0625 0.0518519 0.102083 0.103704 0.258301
2 0.0867188 0.0578704 0.0505208 0.100926 0.32959
7 0.0861979 0.0564815 0.0505208 0.101852 0.347412
7 0.0351562 0.0726852 0.0692708 0.137963 0.375488
2 0.00755208 0.124537 0.0151042 0.0787037 0.383789
2 0.0354167 0.0703704 0.0697917 0.135185 0.425537
7 0.116927 0.037037 0.0609375 0.0740741 0.435303
7 0.53125 0.35787 0.114583 0.171296 0.651855
9 0.565885 0.0425926 0.0109375 0.05 0.682617
9 0.585156 0.0439815 0.0109375 0.0509259 0.683105
0 0.370052 0.399074 0.0296875 0.12037 0.712402
2 0.329948 0.391667 0.0859375 0.12963 0.790527
2 0.286719 0.476389 0.114063 0.158333 0.804199
2 0.0653646 0.881481 0.130729 0.22963 0.836914
2 0.491927 0.551852 0.111979 0.166667 0.837891
2 0.791146 0.215278 0.167708 0.119444 0.870605
2 0.510677 0.463889 0.0994792 0.15 0.870605
2 0.964583 0.216204 0.0708333 0.119444 0.885254
2 0.225781 0.553241 0.161979 0.243519 0.895996
2 0.453385 0.664815 0.158854 0.288889 0.900879
2 0.407813 0.843518 0.203125 0.301852 0.91748
2 0.127083 0.746296 0.2 0.266667 0.928223
