7 0.0302083 0.0875 0.05625 0.0935185 0.27124
9 0.725 0.0972222 0.0104167 0.0592593 0.371338
7 0.0242187 0.0388889 0.0484375 0.0666667 0.457031
7 0.0700521 0.0615741 0.0692708 0.106481 0.461426
7 0.11224 0.0393519 0.0588542 0.0787037 0.470459
2 0.467969 0.64537 0.127604 0.175926 0.730469
9 0.565625 0.0430556 0.0104167 0.0509259 0.734863
2 0.0372396 0.0986111 0.0588542 0.075 0.739746
9 0.585677 0.0444444 0.0109375 0.0518519 0.753418
2 0.824219 0.215741 0.167187 0.124074 0.819824
2 0.510417 0.429167 0.13125 0.186111 0.824707
2 0.502344 0.55463 0.141146 0.168519 0.835449
2 0.534375 0.329167 0.0979167 0.130556 0.854004
2 0.4375 0.736574 0.158333 0.230556 0.854492
2 0.298177 0.461574 0.125521 0.14537 0.862793
2 0.344271 0.376389 0.10625 0.130556 0.864258
2 0.964063 0.216204 0.071875 0.117593 0.873047
2 0.253385 0.543056 0.118229 0.176852 0.898438
2 0.0838542 0.865278 0.167708 0.263889 0.90918
2 0.395833 0.891667 0.240625 0.203704 0.90918
2 0.174479 0.644444 0.188542 0.274074 0.920898
