7 0.525781 0.371759 0.100521 0.173148 0.263184
9 0.725 0.0958333 0.0104167 0.062037 0.429688
7 0.0815104 0.0592593 0.0651042 0.0888889 0.522949
2 0.50599 0.454167 0.117188 0.20463 0.550293
7 0.50599 0.455556 0.117188 0.207407 0.5625
2 0.0151042 0.126852 0.0302083 0.137037 0.591797
2 0.529427 0.362037 0.101562 0.153704 0.594238
2 0.882292 0.215278 0.16875 0.119444 0.717773
9 0.565885 0.0425926 0.0109375 0.05 0.734863
9 0.585677 0.0439815 0.0109375 0.0509259 0.749512
2 0.0502604 0.0912037 0.0515625 0.0731481 0.774414
2 0.0497396 0.9375 0.0994792 0.117593 0.847168
2 0.338802 0.383796 0.105729 0.130556 0.871582
2 0.388542 0.927778 0.186458 0.137037 0.890137
2 0.486979 0.56713 0.117708 0.186111 0.899902
2 0.294531 0.464352 0.132812 0.152778 0.923828
