2 0.00833333 0.124074 0.0166667 0.0833333 0.308838
7 0.111719 0.037037 0.0723958 0.0740741 0.45874
7 0.0669271 0.0523148 0.0911458 0.10463 0.476807
7 0.0361979 0.0884259 0.0692708 0.100926 0.534668
9 0.565625 0.0453704 0.0114583 0.0537037 0.568848
7 0.530729 0.357407 0.115625 0.17037 0.644043
9 0.585677 0.0444444 0.0109375 0.0518519 0.665527
2 0.489062 0.124537 0.053125 0.0657407 0.801758
2 0.492188 0.552315 0.111458 0.167593 0.830078
2 0.289062 0.477315 0.108333 0.158333 0.835449
2 0.510677 0.462963 0.0984375 0.15 0.861328
2 0.791146 0.215278 0.167708 0.119444 0.861328
2 0.33724 0.396759 0.103646 0.134259 0.864746
2 0.964583 0.215741 0.0708333 0.12037 0.881836
2 0.453906 0.663889 0.158854 0.287037 0.900391
2 0.407813 0.843518 0.203125 0.301852 0.916504
2 0.101302 0.799074 0.202604 0.283333 0.929199
2 0.217187 0.564815 0.165625 0.240741 0.934082
