2 0.992969 0.225463 0.0140625 0.0787037 0.322266
9 0.725 0.0967593 0.0104167 0.0601852 0.389404
7 0.0799479 0.0555556 0.0671875 0.0888889 0.483887
2 0.0132813 0.128704 0.0265625 0.135185 0.494629
7 0.115104 0.037037 0.0614583 0.0740741 0.522461
2 0.0794271 0.0564815 0.0671875 0.0888889 0.531738
2 0.516406 0.457407 0.119271 0.224074 0.694824
9 0.565885 0.0425926 0.0109375 0.05 0.719238
9 0.585677 0.0439815 0.0109375 0.0509259 0.73877
2 0.529948 0.346296 0.0994792 0.133333 0.764648
2 0.0460938 0.0935185 0.0526042 0.0722222 0.779785
2 0.49375 0.561574 0.133333 0.176852 0.781738
2 0.340885 0.382407 0.109896 0.133333 0.824707
2 0.847656 0.215278 0.169271 0.121296 0.833984
2 0.298958 0.4625 0.125 0.147222 0.841797
2 0.463802 0.665741 0.135937 0.216667 0.883301
2 0.400521 0.848611 0.202083 0.291667 0.899902
2 0.246354 0.544444 0.130208 0.177778 0.909668
2 0.122917 0.73287 0.213542 0.308333 0.932129
