9 0.725 0.0958333 0.0104167 0.062037 0.303955
2 0.167969 0.00972222 0.0421875 0.0194444 0.350342
2 0.105729 0.00787037 0.0447917 0.0157407 0.391357
7 0.525 0.381019 0.104167 0.178704 0.479492
7 0.496354 0.4875 0.11875 0.225 0.52832
2 0.496354 0.488426 0.11875 0.226852 0.54248
2 0.526302 0.383333 0.104687 0.177778 0.57959
2 0.0205729 0.112963 0.0411458 0.111111 0.632812
9 0.565885 0.0425926 0.0109375 0.05 0.73877
9 0.585677 0.0439815 0.0109375 0.0509259 0.752441
2 0.368229 0.281481 0.0885417 0.12963 0.786621
2 0.322656 0.410648 0.115104 0.139815 0.90625
