9 0.72474 0.0958333 0.00989583 0.062037 0.358643
7 0.527865 0.368056 0.102604 0.156481 0.403564
2 0.144531 0.025463 0.0588542 0.0509259 0.480957
2 0.0174479 0.121296 0.0348958 0.127778 0.509766
7 0.144531 0.025463 0.0588542 0.0509259 0.526855
7 0.507031 0.451852 0.118229 0.201852 0.55957
2 0.507552 0.451852 0.118229 0.2 0.61084
9 0.566146 0.0449074 0.0114583 0.0546296 0.624512
2 0.0666667 0.0291667 0.0625 0.0583333 0.67627
9 0.585156 0.0444444 0.0109375 0.0518519 0.707031
2 0.528385 0.362037 0.102604 0.146296 0.760742
2 0.0515625 0.0902778 0.0489583 0.075 0.835449
2 0.3375 0.388889 0.104167 0.133333 0.875
2 0.922656 0.216667 0.154687 0.118519 0.88623
2 0.29375 0.463889 0.129167 0.155556 0.908203
2 0.482292 0.590741 0.122917 0.194444 0.927246
