9 0.72474 0.0962963 0.00989583 0.0611111 0.30127
2 0.101823 0.0101852 0.0453125 0.0203704 0.368896
2 0.167708 0.0111111 0.046875 0.0222222 0.478271
2 0.497656 0.484722 0.118229 0.226852 0.48877
7 0.525781 0.381481 0.102604 0.177778 0.506836
7 0.498437 0.485648 0.117708 0.228704 0.53418
2 0.0203125 0.113426 0.040625 0.110185 0.603027
2 0.526302 0.383796 0.104687 0.178704 0.615723
9 0.566146 0.0453704 0.0114583 0.0555556 0.645508
2 0.370573 0.278241 0.0869792 0.128704 0.666504
9 0.585156 0.0444444 0.0109375 0.0518519 0.728027
2 0.323698 0.407407 0.115104 0.138889 0.898926
