7 0.00859375 0.125926 0.0161458 0.0851852 0.259277
2 0.00833333 0.124537 0.0166667 0.0842593 0.293701
7 0.11276 0.0375 0.0703125 0.075 0.47876
7 0.0677083 0.0527778 0.0895833 0.105556 0.486816
9 0.566146 0.0453704 0.0114583 0.0555556 0.575195
7 0.0356771 0.0902778 0.0703125 0.10463 0.614746
7 0.530469 0.357407 0.115104 0.17037 0.648926
9 0.585677 0.0444444 0.0109375 0.0518519 0.670898
2 0.4875 0.126852 0.053125 0.0685185 0.824707
2 0.492188 0.552315 0.111458 0.167593 0.831543
2 0.289323 0.476852 0.107813 0.157407 0.851074
2 0.790365 0.215278 0.166146 0.121296 0.859863
2 0.510677 0.462963 0.0984375 0.15 0.861328
2 0.33724 0.396759 0.104687 0.134259 0.878418
2 0.964583 0.216204 0.0708333 0.119444 0.882324
2 0.453906 0.663426 0.158854 0.286111 0.902344
2 0.407813 0.843518 0.204167 0.301852 0.912598
2 0.0994792 0.808333 0.198958 0.285185 0.92334
2 0.216667 0.565278 0.166667 0.241667 0.932129
