7 0.0283854 0.0833333 0.0546875 0.0981481 0.275391
9 0.72474 0.0967593 0.00989583 0.0601852 0.304688
7 0.113281 0.0393519 0.0807292 0.0787037 0.415771
7 0.0244792 0.0416667 0.0489583 0.0722222 0.434326
7 0.535937 0.330556 0.096875 0.140741 0.456055
7 0.0723958 0.0652778 0.0625 0.100926 0.464355
2 0.468229 0.639352 0.128125 0.163889 0.725098
9 0.565625 0.0425926 0.0104167 0.05 0.73291
2 0.0356771 0.0981481 0.0619792 0.0740741 0.741211
9 0.585677 0.0439815 0.0109375 0.0509259 0.74707
2 0.509896 0.426852 0.13125 0.183333 0.766113
2 0.536198 0.328704 0.0984375 0.137037 0.830566
2 0.502865 0.555093 0.141146 0.169444 0.842773
2 0.298177 0.462037 0.125521 0.146296 0.857422
2 0.34349 0.377315 0.106771 0.130556 0.85791
2 0.821615 0.215278 0.166146 0.121296 0.861328
2 0.43724 0.735185 0.158854 0.227778 0.864258
2 0.964583 0.216667 0.0708333 0.118519 0.884766
2 0.253646 0.543056 0.11875 0.176852 0.887207
2 0.0841146 0.865278 0.168229 0.263889 0.90625
2 0.39375 0.892593 0.240625 0.203704 0.915527
2 0.17474 0.644444 0.188021 0.274074 0.920898
