9 0.725 0.0962963 0.0104167 0.0611111 0.272461
2 0.009375 0.115741 0.01875 0.118519 0.373291
7 0.0817708 0.0569444 0.0604167 0.0972222 0.415527
7 0.1125 0.037037 0.0697917 0.0740741 0.527832
7 0.0356771 0.0875 0.0703125 0.0990741 0.550293
9 0.566146 0.0453704 0.0114583 0.0555556 0.597168
7 0.527344 0.355556 0.113021 0.159259 0.677246
9 0.585677 0.0444444 0.0109375 0.0518519 0.681641
2 0.804427 0.215278 0.157813 0.119444 0.725098
2 0.492188 0.551852 0.111458 0.166667 0.813477
2 0.510677 0.463889 0.0984375 0.15 0.856445
2 0.373177 0.322685 0.0963542 0.117593 0.857422
2 0.964583 0.216204 0.0708333 0.119444 0.882324
2 0.253906 0.544444 0.120312 0.175926 0.888672
2 0.453385 0.663426 0.158854 0.286111 0.896484
2 0.316667 0.4375 0.122917 0.147222 0.902832
2 0.40625 0.844907 0.198958 0.302778 0.915527
2 0.0841146 0.864815 0.167187 0.266667 0.920898
2 0.174479 0.643981 0.188542 0.273148 0.921387
