9 0.725 0.0972222 0.0104167 0.0611111 0.297363
7 0.0851562 0.0541667 0.0536458 0.102778 0.310547
2 0.00807292 0.124074 0.0161458 0.0814815 0.34375
7 0.0364583 0.0689815 0.071875 0.132407 0.476318
7 0.567969 0.337963 0.148438 0.168519 0.494873
7 0.119271 0.037037 0.0552083 0.0740741 0.593262
9 0.566146 0.0453704 0.0114583 0.0555556 0.625488
2 0.56875 0.337037 0.141667 0.168519 0.686523
9 0.585677 0.0444444 0.0109375 0.0518519 0.696777
2 0.289844 0.474537 0.107813 0.156481 0.788574
2 0.491927 0.550926 0.110937 0.161111 0.811523
2 0.783073 0.214815 0.169271 0.118519 0.813477
2 0.338802 0.389352 0.100521 0.136111 0.848633
2 0.507031 0.458796 0.0953125 0.14537 0.854492
2 0.0653646 0.881481 0.130729 0.22963 0.866211
2 0.964063 0.215741 0.071875 0.12037 0.870117
2 0.453385 0.664352 0.158854 0.287963 0.895996
2 0.225781 0.554167 0.163021 0.243519 0.904785
2 0.407813 0.844444 0.203125 0.301852 0.916016
2 0.127083 0.746296 0.2 0.266667 0.92627
