7 0.0601562 0.0523148 0.105729 0.10463 0.294922
7 0.0867188 0.0560185 0.0515625 0.0953704 0.297607
2 0.00729167 0.124537 0.0145833 0.075 0.298096
7 0.117708 0.037963 0.059375 0.0740741 0.436523
7 0.0356771 0.0740741 0.0703125 0.12037 0.452881
9 0.585156 0.0439815 0.0109375 0.0509259 0.620605
9 0.565885 0.0430556 0.0109375 0.0509259 0.633301
7 0.95625 0.268981 0.0875 0.141667 0.735352
2 0.289583 0.474074 0.108333 0.155556 0.786621
2 0.465104 0.205556 0.164583 0.12963 0.81543
2 0.0653646 0.880556 0.130729 0.231481 0.85498
2 0.525781 0.389815 0.0994792 0.125926 0.887207
2 0.339583 0.388889 0.102083 0.135185 0.89209
2 0.226302 0.553704 0.163021 0.242593 0.896484
2 0.502083 0.498148 0.10625 0.168519 0.896973
2 0.828906 0.216204 0.167187 0.119444 0.900391
2 0.407813 0.843056 0.203125 0.302778 0.918945
2 0.455729 0.656482 0.161458 0.281481 0.919922
2 0.127344 0.746296 0.199479 0.266667 0.924805
