0 0.819531 0.1875 0.0171875 0.0324074 0.268311
7 0.0455729 0.0898148 0.0557292 0.0777778 0.268311
7 0.0119792 0.1125 0.0239583 0.137963 0.305908
7 0.110677 0.0412037 0.0588542 0.0824074 0.471924
7 0.0739583 0.0601852 0.0635417 0.112963 0.511719
2 0.0419271 0.0967593 0.0505208 0.0712963 0.621094
2 0.46875 0.643981 0.127083 0.175 0.674805
9 0.585677 0.0453704 0.0119792 0.0555556 0.752441
9 0.565625 0.0430556 0.0104167 0.0509259 0.771484
2 0.510417 0.428704 0.13125 0.183333 0.808594
2 0.501823 0.556481 0.143229 0.172222 0.810059
2 0.835938 0.214815 0.165625 0.12037 0.819824
2 0.53125 0.340741 0.0989583 0.12963 0.837891
2 0.298698 0.4625 0.124479 0.149074 0.864746
2 0.964583 0.216204 0.0708333 0.119444 0.875488
2 0.253646 0.543056 0.11875 0.176852 0.893066
2 0.342187 0.37963 0.107292 0.131481 0.894531
2 0.0835937 0.865741 0.166146 0.261111 0.899414
2 0.426823 0.781482 0.181771 0.32963 0.916016
2 0.17474 0.644907 0.189063 0.275 0.922852
