9 0.725 0.0958333 0.0104167 0.062037 0.296631
2 0.357292 0.297222 0.0875 0.135185 0.483887
2 0.488021 0.528704 0.128125 0.242593 0.520508
7 0.526302 0.384722 0.104687 0.184259 0.550293
2 0.52526 0.38287 0.103646 0.180556 0.550293
2 0.0203125 0.113426 0.040625 0.110185 0.612305
7 0.357031 0.298611 0.0880208 0.136111 0.614258
7 0.48724 0.531018 0.127604 0.243519 0.629883
9 0.565885 0.0425926 0.0109375 0.05 0.725098
9 0.585677 0.0439815 0.0109375 0.0509259 0.746582
2 0.31901 0.418519 0.117188 0.144444 0.908203
