2 0.165365 0.0143519 0.0536458 0.0287037 0.29126
9 0.725 0.100926 0.009375 0.0518519 0.319824
7 0.527865 0.352315 0.102604 0.134259 0.335693
7 0.0799479 0.0574074 0.0671875 0.0888889 0.407959
2 0.529427 0.351389 0.0994792 0.134259 0.460449
2 0.015625 0.121759 0.03125 0.126852 0.522949
7 0.514844 0.440741 0.117188 0.211111 0.544922
2 0.0796875 0.0578704 0.0677083 0.0898148 0.546387
2 0.0476562 0.0925926 0.0494792 0.0722222 0.731934
9 0.585417 0.0462963 0.0125 0.0574074 0.749512
2 0.864062 0.215741 0.169792 0.12037 0.771484
9 0.565625 0.0430556 0.0114583 0.0509259 0.771973
2 0.496875 0.558333 0.129167 0.17963 0.776367
2 0.339323 0.385648 0.105729 0.132407 0.792969
2 0.298438 0.463426 0.125 0.150926 0.859375
2 0.464063 0.665278 0.136458 0.213889 0.903809
2 0.246354 0.54537 0.130208 0.17963 0.914062
