9 0.725 0.0967593 0.0104167 0.062037 0.257324
2 0.009375 0.116204 0.01875 0.115741 0.370605
7 0.0830729 0.0574074 0.0578125 0.0962963 0.390137
7 0.1125 0.0375 0.0697917 0.075 0.434814
7 0.0361979 0.0898148 0.0692708 0.0981481 0.527344
7 0.527344 0.355556 0.114063 0.159259 0.674805
9 0.565625 0.0430556 0.0104167 0.0509259 0.6875
9 0.585677 0.0444444 0.0109375 0.0518519 0.718262
2 0.805469 0.215278 0.157813 0.119444 0.79834
2 0.492188 0.552315 0.111458 0.167593 0.81543
2 0.510417 0.462963 0.0979167 0.148148 0.855469
2 0.390625 0.296759 0.0895833 0.113889 0.876465
2 0.964583 0.215741 0.0708333 0.12037 0.882812
2 0.253385 0.543519 0.119271 0.175926 0.894531
2 0.453906 0.663889 0.158854 0.287037 0.897461
2 0.0841146 0.865741 0.167187 0.266667 0.912598
2 0.327604 0.416204 0.114583 0.143519 0.915039
2 0.407813 0.844444 0.203125 0.303704 0.916016
2 0.174479 0.643981 0.188542 0.273148 0.921875
