0 0.865625 0.190278 0.0166667 0.0324074 0.260742
9 0.72474 0.0967593 0.00989583 0.0601852 0.387207
7 0.527865 0.368056 0.102604 0.156481 0.412354
2 0.0177083 0.12037 0.0354167 0.125926 0.514648
7 0.507031 0.456944 0.117188 0.212037 0.525391
2 0.0276042 0.0384259 0.0552083 0.0731481 0.545898
2 0.507292 0.455093 0.116667 0.206481 0.569336
2 0.882292 0.215741 0.16875 0.12037 0.719238
9 0.565885 0.0425926 0.0109375 0.05 0.739746
2 0.528385 0.360648 0.102604 0.143519 0.739746
9 0.585677 0.0439815 0.0109375 0.0509259 0.753418
2 0.114844 0.0393519 0.0630208 0.0787037 0.769043
2 0.0518229 0.0902778 0.0505208 0.0768519 0.811035
2 0.338021 0.388426 0.104167 0.132407 0.887695
2 0.488021 0.568056 0.11875 0.187963 0.908203
2 0.294531 0.463889 0.132812 0.153704 0.920898
