2 0.304948 0.436574 0.147396 0.193519 0.291016
2 0.009375 0.127778 0.01875 0.0907407 0.466064
7 0.0833333 0.0569444 0.0572917 0.0972222 0.472412
7 0.114063 0.0375 0.0666667 0.075 0.484619
7 0.0354167 0.0893519 0.0697917 0.0990741 0.570801
9 0.565625 0.0430556 0.0104167 0.0509259 0.682617
9 0.585156 0.0439815 0.0109375 0.0509259 0.688477
7 0.528125 0.357407 0.116667 0.162963 0.730469
2 0.805469 0.214815 0.157813 0.12037 0.753906
2 0.45 0.191204 0.0666667 0.087963 0.825195
2 0.492188 0.552315 0.111458 0.167593 0.834473
2 0.510677 0.464352 0.0984375 0.150926 0.854492
2 0.964583 0.216204 0.0708333 0.119444 0.882324
2 0.453906 0.663426 0.158854 0.286111 0.902344
2 0.33776 0.396296 0.106771 0.135185 0.904297
2 0.278125 0.490278 0.115625 0.165741 0.914551
2 0.084375 0.866667 0.16875 0.266667 0.916016
2 0.407813 0.844444 0.203125 0.303704 0.916992
2 0.186719 0.62037 0.179688 0.266667 0.9375
