9 0.72474 0.0962963 0.00989583 0.0611111 0.292725
2 0.0455729 0.958333 0.0911458 0.0796296 0.398682
7 0.50599 0.459722 0.121354 0.219444 0.450928
2 0.507292 0.4625 0.11875 0.221296 0.578613
2 0.434115 0.193056 0.0713542 0.102778 0.609863
9 0.565885 0.0425926 0.0109375 0.05 0.73877
9 0.585677 0.0439815 0.0109375 0.0509259 0.754395
2 0.0203125 0.112963 0.040625 0.109259 0.762207
2 0.527344 0.362037 0.102604 0.137037 0.792969
2 0.0322917 0.049537 0.0583333 0.0657407 0.804199
2 0.10625 0.050463 0.0552083 0.0675926 0.856445
2 0.327604 0.403704 0.113542 0.135185 0.926758
