2 0.0104167 0.108796 0.0208333 0.123148 0.325928
9 0.565625 0.0430556 0.0104167 0.0509259 0.348877
7 0.0820312 0.0564815 0.0598958 0.0962963 0.406738
7 0.115104 0.0361111 0.065625 0.0722222 0.461182
7 0.0361979 0.0888889 0.0703125 0.0981481 0.534668
7 0.523438 0.355093 0.107292 0.149074 0.722168
2 0.616927 0.0560185 0.0494792 0.0787037 0.729492
2 0.345833 0.375463 0.108333 0.130556 0.783691
2 0.298177 0.464815 0.125521 0.151852 0.813965
2 0.510677 0.464352 0.0984375 0.150926 0.861328
2 0.253906 0.543519 0.119271 0.175926 0.872559
2 0.488281 0.561111 0.115104 0.183333 0.882324
2 0.964583 0.216204 0.0708333 0.119444 0.885254
2 0.806771 0.213889 0.161458 0.12037 0.895996
2 0.0841146 0.864815 0.168229 0.266667 0.915039
2 0.391667 0.895833 0.235417 0.199074 0.915527
2 0.440625 0.697222 0.148958 0.301852 0.916992
2 0.174479 0.643981 0.188542 0.273148 0.924316
