2 0.00833333 0.124537 0.0166667 0.0842593 0.283203
7 0.0638021 0.0523148 0.0984375 0.10463 0.411621
7 0.111979 0.0375 0.071875 0.075 0.430664
7 0.0356771 0.0865741 0.0692708 0.108333 0.531738
9 0.565104 0.0439815 0.0125 0.0509259 0.544922
9 0.585677 0.0439815 0.0109375 0.0509259 0.61377
7 0.530729 0.357407 0.115625 0.17037 0.666992
2 0.290104 0.477315 0.108333 0.158333 0.796875
2 0.492188 0.551852 0.111458 0.166667 0.825195
2 0.501042 0.110648 0.0520833 0.0657407 0.833496
2 0.789583 0.215278 0.164583 0.121296 0.858398
2 0.510677 0.463426 0.0984375 0.150926 0.861328
2 0.33724 0.397222 0.103646 0.135185 0.86377
2 0.964583 0.216204 0.0708333 0.119444 0.881836
2 0.453385 0.663426 0.158854 0.286111 0.895996
2 0.221875 0.562037 0.1625 0.246296 0.910156
2 0.407813 0.844444 0.203125 0.301852 0.914062
2 0.115625 0.763426 0.204167 0.267593 0.934082
