7 0.0471354 0.0847222 0.0536458 0.0768519 0.276123
2 0.119792 0.037037 0.053125 0.0740741 0.277344
5 0.0130208 0.113426 0.0260417 0.160185 0.282227
7 0.0130208 0.11713 0.0260417 0.163889 0.299316
7 0.119792 0.037037 0.053125 0.0740741 0.408936
2 0.0471354 0.0930556 0.0505208 0.0712963 0.665039
7 0.0671875 0.0509259 0.090625 0.1 0.685547
9 0.585677 0.0453704 0.0119792 0.0555556 0.739258
2 0.529948 0.34537 0.100521 0.131481 0.751953
9 0.565625 0.0430556 0.0104167 0.0509259 0.754395
2 0.483854 0.579167 0.153125 0.212037 0.760254
2 0.517187 0.458796 0.11875 0.221296 0.765625
2 0.846875 0.215278 0.16875 0.121296 0.835449
2 0.298698 0.462963 0.124479 0.148148 0.855957
2 0.341146 0.381944 0.109375 0.132407 0.867676
2 0.964844 0.216667 0.0703125 0.118519 0.876953
2 0.253646 0.542593 0.11875 0.175926 0.881836
2 0.426302 0.781018 0.180729 0.330556 0.913574
2 0.175781 0.643056 0.191146 0.271296 0.924805
