9 0.725 0.0967593 0.0104167 0.0601852 0.373779
7 0.025 0.0430556 0.05 0.0842593 0.463379
7 0.538542 0.322685 0.0958333 0.147222 0.476074
7 0.113802 0.0393519 0.0661458 0.0787037 0.48877
7 0.0661458 0.0657407 0.0791667 0.0981481 0.567871
2 0.468229 0.648611 0.128125 0.186111 0.70752
2 0.0330729 0.100926 0.0640625 0.0777778 0.713867
9 0.565625 0.0430556 0.0104167 0.0509259 0.727539
2 0.509896 0.428704 0.130208 0.183333 0.72998
9 0.585677 0.0449074 0.0109375 0.0509259 0.749512
2 0.539323 0.322685 0.0953125 0.147222 0.81543
2 0.502604 0.555556 0.140625 0.168519 0.840332
2 0.344271 0.377315 0.107292 0.130556 0.852539
2 0.436458 0.7375 0.160417 0.234259 0.858398
2 0.297396 0.462963 0.128125 0.148148 0.863281
2 0.964063 0.216667 0.071875 0.118519 0.876953
2 0.253906 0.543056 0.119271 0.175 0.882812
2 0.818229 0.214352 0.165625 0.121296 0.894043
2 0.0841146 0.865741 0.168229 0.264815 0.904297
2 0.39375 0.893519 0.239583 0.2 0.907227
2 0.17474 0.644444 0.189063 0.275926 0.92041
