2 0.119792 0.0375 0.0541667 0.075 0.314941
9 0.725 0.0967593 0.0104167 0.0601852 0.356201
7 0.525781 0.459259 0.135937 0.214815 0.356445
7 0.0434896 0.0990741 0.0484375 0.0759259 0.362061
2 0.0434896 0.0986111 0.0484375 0.0768519 0.395264
7 0.0125 0.117593 0.025 0.12037 0.403564
7 0.0794271 0.0555556 0.0671875 0.0907407 0.425781
7 0.119531 0.0375 0.0536458 0.075 0.439697
2 0.0789063 0.0564815 0.0671875 0.0907407 0.50293
2 0.469792 0.650463 0.125 0.182407 0.570312
2 0.522656 0.456019 0.132812 0.206481 0.647949
9 0.565625 0.0430556 0.0104167 0.0509259 0.725098
9 0.585677 0.0439815 0.0109375 0.0509259 0.741211
2 0.493229 0.559259 0.159375 0.177778 0.765625
2 0.530469 0.328704 0.0994792 0.105556 0.806152
2 0.298698 0.462963 0.124479 0.148148 0.867676
2 0.964583 0.216204 0.0708333 0.119444 0.876953
2 0.343229 0.378704 0.109375 0.131481 0.880371
2 0.840625 0.214815 0.166667 0.118519 0.893066
2 0.253646 0.543056 0.11875 0.176852 0.89502
2 0.426823 0.781944 0.181771 0.330556 0.904297
2 0.20625 0.277315 0.147917 0.108333 0.922852
2 0.17474 0.643056 0.188021 0.271296 0.924316
