9 0.725 0.0967593 0.0104167 0.062037 0.321777
2 0.0125 0.116667 0.025 0.124074 0.361816
7 0.0721354 0.0634259 0.0682292 0.0972222 0.371826
2 0.071875 0.0643518 0.0677083 0.0972222 0.583008
2 0.11875 0.0375 0.0541667 0.075 0.626465
2 0.0414063 0.0976852 0.0515625 0.0712963 0.684082
2 0.46875 0.649074 0.127083 0.183333 0.699219
9 0.565885 0.0425926 0.0109375 0.05 0.72168
9 0.585677 0.0444444 0.0109375 0.0518519 0.740234
2 0.513281 0.433333 0.135937 0.188889 0.801758
2 0.502344 0.557407 0.144271 0.17037 0.822266
2 0.529167 0.335648 0.0979167 0.123148 0.859863
2 0.297917 0.4625 0.126042 0.149074 0.866211
2 0.835938 0.214815 0.167708 0.12037 0.868652
2 0.964063 0.215741 0.071875 0.118519 0.877441
2 0.34349 0.380093 0.108854 0.132407 0.890137
2 0.253385 0.543056 0.118229 0.176852 0.89209
2 0.427083 0.781482 0.182292 0.32963 0.90918
2 0.570312 0.28287 0.146875 0.110185 0.916992
2 0.17474 0.643519 0.189063 0.272222 0.920898
