7 0.0541667 0.0837963 0.0697917 0.0861111 0.27832
7 0.0119792 0.111111 0.0239583 0.137037 0.295898
2 0.0692708 0.0643518 0.06875 0.110185 0.310059
2 0.0122396 0.114815 0.0244792 0.137037 0.313721
7 0.0708333 0.0615741 0.06875 0.108333 0.462891
7 0.11224 0.0412037 0.0557292 0.0824074 0.484375
2 0.0419271 0.0972222 0.0505208 0.0722222 0.625
2 0.46875 0.645833 0.127083 0.176852 0.678711
9 0.585677 0.0453704 0.0119792 0.0555556 0.75
9 0.565625 0.0430556 0.0104167 0.0509259 0.769531
2 0.509896 0.427778 0.132292 0.181481 0.800293
2 0.835938 0.214815 0.165625 0.12037 0.817871
2 0.502344 0.556481 0.142188 0.172222 0.817871
2 0.53125 0.340278 0.0989583 0.128704 0.825195
2 0.298438 0.462037 0.126042 0.148148 0.861816
2 0.964583 0.216204 0.0708333 0.119444 0.875977
2 0.342187 0.380093 0.108333 0.132407 0.890625
2 0.253906 0.543519 0.118229 0.175926 0.891602
2 0.0817708 0.869907 0.163542 0.25463 0.901855
2 0.427344 0.781482 0.181771 0.32963 0.915527
2 0.175 0.643981 0.188542 0.273148 0.917969
