9 0.725 0.0962963 0.0104167 0.0611111 0.273193
7 0.0111979 0.108333 0.0223958 0.127778 0.289307
2 0.0106771 0.1125 0.0213542 0.130556 0.348633
7 0.129167 0.0296296 0.0989583 0.0592593 0.473145
9 0.565625 0.0453704 0.0114583 0.0537037 0.529297
7 0.0390625 0.0833333 0.0739583 0.0981481 0.561523
7 0.0882813 0.0509259 0.0619792 0.0981481 0.620605
9 0.585677 0.0444444 0.0109375 0.0518519 0.621094
7 0.523698 0.355556 0.107813 0.151852 0.69043
2 0.59375 0.138889 0.0541667 0.0944444 0.775391
2 0.298438 0.465741 0.125 0.153704 0.855469
2 0.346094 0.375463 0.110937 0.130556 0.860352
2 0.470833 0.618056 0.122917 0.199074 0.878418
2 0.80651 0.214352 0.164062 0.121296 0.880859
2 0.964583 0.216204 0.0708333 0.119444 0.884277
2 0.436458 0.766204 0.166667 0.293519 0.891113
2 0.254167 0.543056 0.119792 0.176852 0.893066
2 0.391146 0.893056 0.234375 0.202778 0.893555
2 0.509896 0.463889 0.096875 0.146296 0.896484
2 0.0841146 0.865741 0.168229 0.266667 0.904297
2 0.17474 0.644444 0.189063 0.274074 0.922363
