9 0.725 0.0962963 0.0104167 0.0611111 0.254639
2 0.00807292 0.124537 0.0161458 0.0842593 0.327881
2 0.530729 0.359722 0.119792 0.173148 0.499023
7 0.111198 0.0375 0.0734375 0.075 0.509277
7 0.0356771 0.0907407 0.0703125 0.103704 0.537109
7 0.0679687 0.0523148 0.0890625 0.10463 0.596191
7 0.530729 0.358333 0.115625 0.172222 0.610352
9 0.565885 0.0430556 0.0109375 0.0509259 0.663086
9 0.585677 0.0444444 0.0109375 0.0518519 0.702637
2 0.804688 0.214815 0.157292 0.12037 0.80957
2 0.475 0.146296 0.0583333 0.0740741 0.817383
2 0.492188 0.552315 0.111458 0.167593 0.824219
2 0.510677 0.462963 0.0984375 0.15 0.857422
2 0.288281 0.477315 0.109896 0.160185 0.880859
2 0.964583 0.216204 0.0708333 0.119444 0.882324
2 0.33776 0.396759 0.105729 0.134259 0.893555
2 0.453906 0.663889 0.158854 0.287037 0.901855
2 0.407813 0.844444 0.203125 0.301852 0.912598
2 0.0872396 0.852778 0.174479 0.283333 0.922363
2 0.213281 0.575926 0.169271 0.244444 0.936035
