9 0.725 0.0962963 0.0104167 0.0611111 0.290283
0 0.95625 0.188889 0.01875 0.0296296 0.316895
7 0.528125 0.368981 0.102083 0.158333 0.420166
2 0.0177083 0.118519 0.0354167 0.127778 0.503906
9 0.566146 0.0430556 0.0114583 0.0564815 0.522461
2 0.507031 0.452778 0.118229 0.203704 0.565918
7 0.507292 0.452778 0.11875 0.205556 0.567383
9 0.585156 0.0425926 0.0109375 0.0537037 0.571289
2 0.153646 0.0208333 0.05625 0.0416667 0.59082
2 0.0783854 0.0236111 0.0609375 0.0472222 0.683594
2 0.528385 0.362963 0.102604 0.148148 0.733398
2 0.0518229 0.0898148 0.0494792 0.0740741 0.831055
2 0.942187 0.215278 0.115625 0.117593 0.878906
2 0.336458 0.389815 0.10625 0.135185 0.888672
2 0.288542 0.472685 0.128125 0.158333 0.91748
2 0.478125 0.606944 0.128125 0.199074 0.92334
