7 0.0825521 0.0564815 0.0588542 0.0981481 0.429199
2 0.00911458 0.125926 0.0182292 0.0888889 0.431885
7 0.113802 0.037037 0.0671875 0.0740741 0.506348
7 0.0356771 0.0907407 0.0703125 0.101852 0.61377
9 0.565625 0.0430556 0.0104167 0.0509259 0.682129
9 0.585156 0.0439815 0.0109375 0.0509259 0.687988
7 0.528906 0.356944 0.117188 0.163889 0.722656
2 0.805208 0.214815 0.158333 0.12037 0.762207
2 0.450521 0.188889 0.065625 0.087037 0.791504
2 0.492188 0.552315 0.111458 0.167593 0.828125
2 0.510677 0.463889 0.0984375 0.15 0.851562
2 0.964583 0.215741 0.0708333 0.12037 0.881836
2 0.453906 0.6625 0.158854 0.286111 0.901855
2 0.3375 0.396759 0.108333 0.134259 0.90332
2 0.084375 0.865741 0.167708 0.266667 0.914551
2 0.407813 0.844444 0.203125 0.303704 0.916992
2 0.278906 0.488889 0.116146 0.164815 0.918457
2 0.1875 0.619444 0.179167 0.264815 0.939453
