2 0.0174479 0.119907 0.0348958 0.123148 0.357422
7 0.525521 0.371296 0.0989583 0.168519 0.394043
7 0.0174479 0.118981 0.0348958 0.117593 0.418945
7 0.0513021 0.0912037 0.0484375 0.0731481 0.436279
2 0.50599 0.454167 0.116146 0.200926 0.515625
2 0.0513021 0.0907407 0.0484375 0.0740741 0.522949
7 0.50599 0.455556 0.117188 0.203704 0.558105
7 0.0809896 0.0587963 0.0661458 0.0935185 0.612305
2 0.528125 0.367593 0.102083 0.157407 0.674316
2 0.882292 0.215741 0.16875 0.12037 0.70752
9 0.585677 0.0449074 0.0119792 0.0546296 0.756836
9 0.565625 0.0425926 0.0104167 0.05 0.77002
2 0.338281 0.386574 0.104687 0.130556 0.892578
2 0.488542 0.568056 0.11875 0.186111 0.900391
2 0.294531 0.463889 0.132812 0.153704 0.920898
