2 0.00833333 0.123611 0.0166667 0.0842593 0.391357
7 0.0651042 0.0513889 0.0958333 0.102778 0.458252
2 0.0356771 0.0898148 0.0703125 0.101852 0.460449
7 0.111979 0.037037 0.071875 0.0740741 0.466797
7 0.0359375 0.0875 0.0697917 0.102778 0.500977
9 0.565885 0.0430556 0.0109375 0.0509259 0.652832
7 0.529948 0.358333 0.114063 0.172222 0.666504
9 0.585677 0.0444444 0.0109375 0.0518519 0.693359
2 0.805469 0.214815 0.157813 0.12037 0.750488
2 0.492188 0.552315 0.111458 0.167593 0.830566
2 0.463802 0.166667 0.0630208 0.0814815 0.850098
2 0.510677 0.463889 0.0984375 0.15 0.860352
2 0.964583 0.216204 0.0708333 0.119444 0.880859
2 0.33776 0.396296 0.105729 0.133333 0.893066
2 0.0833333 0.861574 0.165625 0.269444 0.893066
2 0.453906 0.6625 0.158854 0.286111 0.897949
2 0.285417 0.479167 0.1125 0.160185 0.900391
2 0.407813 0.844444 0.203125 0.303704 0.915527
2 0.201562 0.593982 0.173958 0.252778 0.92627
