7 0.0419271 0.0972222 0.0494792 0.0740741 0.339355
9 0.72474 0.0962963 0.00989583 0.0611111 0.355469
7 0.0114583 0.115278 0.0229167 0.125 0.415039
2 0.0419271 0.0981481 0.0494792 0.0740741 0.443115
7 0.0242187 0.0375 0.0484375 0.0638889 0.486572
7 0.0747396 0.0675926 0.0609375 0.0962963 0.487305
7 0.11276 0.0398148 0.0567708 0.0796296 0.513184
2 0.472396 0.641204 0.11875 0.160185 0.65332
9 0.565885 0.0425926 0.0109375 0.05 0.730469
9 0.585677 0.0439815 0.0109375 0.0509259 0.744141
2 0.532031 0.3375 0.0994792 0.130556 0.824707
2 0.822917 0.215278 0.16875 0.121296 0.82666
2 0.497135 0.557407 0.152604 0.174074 0.827148
2 0.510417 0.428704 0.13125 0.185185 0.833008
2 0.298177 0.462037 0.125521 0.146296 0.865723
2 0.429427 0.7125 0.173438 0.232407 0.873047
2 0.964583 0.215741 0.0708333 0.12037 0.884277
2 0.344271 0.378704 0.109375 0.131481 0.885254
2 0.253385 0.543519 0.118229 0.175926 0.895508
2 0.383854 0.878704 0.232292 0.233333 0.905762
2 0.0841146 0.864352 0.168229 0.263889 0.912109
2 0.174479 0.643981 0.188542 0.273148 0.92334
