2 0.145052 0.0259259 0.0578125 0.0518519 0.290771
7 0.0132813 0.125926 0.0265625 0.137037 0.317383
7 0.046875 0.0935185 0.0541667 0.0722222 0.371338
9 0.725 0.0967593 0.0104167 0.0601852 0.373535
7 0.0804688 0.0560185 0.0682292 0.0916667 0.468994
2 0.0802083 0.0569444 0.0677083 0.0916667 0.473145
7 0.144792 0.025463 0.0572917 0.0509259 0.530762
2 0.517708 0.459259 0.122917 0.218519 0.654297
2 0.0471354 0.0925926 0.0505208 0.0685185 0.66748
2 0.863281 0.216204 0.170312 0.121296 0.70166
9 0.565625 0.0425926 0.0104167 0.05 0.727051
9 0.585677 0.0439815 0.0109375 0.0509259 0.743652
2 0.529688 0.344444 0.101042 0.12963 0.749023
2 0.496354 0.559722 0.134375 0.175 0.78418
2 0.298958 0.463426 0.125 0.149074 0.860352
2 0.339063 0.381944 0.105208 0.132407 0.860352
2 0.464323 0.666667 0.135937 0.216667 0.915527
2 0.246615 0.546759 0.130729 0.180556 0.918945
