9 0.725 0.0967593 0.0104167 0.0601852 0.255127
2 0.009375 0.116667 0.01875 0.116667 0.335693
7 0.0364583 0.0912037 0.06875 0.0990741 0.509766
7 0.0580729 0.0518519 0.110937 0.103704 0.512695
7 0.109896 0.037037 0.0739583 0.0740741 0.555664
9 0.565885 0.0430556 0.0109375 0.0509259 0.682617
7 0.526563 0.355556 0.1125 0.157407 0.710449
9 0.585677 0.0439815 0.0109375 0.0509259 0.716309
2 0.492188 0.557407 0.111458 0.177778 0.838379
2 0.297917 0.464352 0.127083 0.152778 0.840332
2 0.510677 0.464352 0.0984375 0.150926 0.855469
2 0.253906 0.543056 0.119271 0.176852 0.875977
2 0.807292 0.213889 0.1625 0.12037 0.880371
2 0.964583 0.215741 0.0708333 0.12037 0.882812
2 0.44974 0.663889 0.152604 0.281481 0.898926
2 0.352083 0.361111 0.105208 0.125926 0.899902
2 0.394531 0.858333 0.198437 0.275926 0.910645
2 0.0841146 0.864815 0.167187 0.266667 0.916016
2 0.17474 0.643981 0.188021 0.273148 0.922852
