9 0.725 0.0967593 0.0104167 0.0601852 0.325439
7 0.0177083 0.11713 0.0354167 0.121296 0.374756
7 0.527865 0.368056 0.101562 0.156481 0.394775
2 0.0177083 0.11713 0.0354167 0.119444 0.40918
7 0.507031 0.451389 0.118229 0.202778 0.474121
2 0.053125 0.0305556 0.0635417 0.0611111 0.520996
7 0.053125 0.0305556 0.0635417 0.0611111 0.559082
2 0.507552 0.451389 0.117188 0.199074 0.624023
2 0.898438 0.216667 0.171875 0.122222 0.674316
2 0.0505208 0.0893519 0.0541667 0.0768519 0.68457
7 0.136198 0.0287037 0.0609375 0.0574074 0.695312
9 0.565625 0.0430556 0.0114583 0.0509259 0.696289
9 0.585677 0.0439815 0.0109375 0.0509259 0.723633
2 0.528385 0.362037 0.102604 0.146296 0.754395
2 0.3375 0.388889 0.104167 0.133333 0.894043
2 0.486719 0.574074 0.120312 0.188889 0.905273
2 0.29375 0.464352 0.129167 0.152778 0.919434
