7 0.03125 0.0800926 0.0583333 0.0972222 0.250244
9 0.725 0.0967593 0.0104167 0.0601852 0.323486
7 0.0239583 0.0407407 0.0479167 0.0703704 0.376221
2 0.00963542 0.114815 0.0192708 0.127778 0.378174
7 0.0598958 0.062963 0.090625 0.105556 0.515625
7 0.116406 0.0393519 0.0890625 0.0787037 0.530273
2 0.0395833 0.0981481 0.0541667 0.0740741 0.692871
9 0.565625 0.0430556 0.0104167 0.0509259 0.725098
2 0.468229 0.643519 0.126042 0.17037 0.735352
9 0.585677 0.0439815 0.0109375 0.0509259 0.740234
2 0.510417 0.427315 0.13125 0.186111 0.817871
2 0.823698 0.215278 0.168229 0.121296 0.823242
2 0.502344 0.555556 0.141146 0.17037 0.834961
2 0.34349 0.377315 0.104687 0.130556 0.836426
2 0.532812 0.333333 0.096875 0.12963 0.851074
2 0.298698 0.4625 0.124479 0.147222 0.864258
2 0.435156 0.727778 0.163021 0.224074 0.883789
2 0.964583 0.216204 0.0708333 0.119444 0.884277
2 0.253385 0.543519 0.118229 0.175926 0.89502
2 0.395573 0.888889 0.238021 0.211111 0.903809
2 0.0841146 0.864352 0.168229 0.263889 0.913086
2 0.17474 0.644444 0.188021 0.274074 0.921387
