9 0.725 0.0962963 0.0104167 0.0611111 0.308594
2 0.25651 0.500926 0.153646 0.22037 0.374756
7 0.0697917 0.0657407 0.0739583 0.0962963 0.467285
2 0.0703125 0.0657407 0.0739583 0.0962963 0.482178
7 0.116406 0.0375 0.0609375 0.0731481 0.552734
2 0.0197917 0.113426 0.0385417 0.117593 0.556152
2 0.516146 0.4375 0.09375 0.115741 0.580566
2 0.526563 0.387963 0.108333 0.138889 0.657715
9 0.565625 0.0430556 0.0104167 0.0509259 0.682129
9 0.585677 0.0444444 0.0109375 0.0518519 0.718262
2 0.335677 0.385648 0.0911458 0.130556 0.831055
2 0.296094 0.4625 0.103646 0.15463 0.833496
2 0.949219 0.215741 0.101562 0.118519 0.856934
2 0.0653646 0.881481 0.130729 0.22963 0.869141
2 0.484635 0.532407 0.128646 0.238889 0.898926
2 0.817969 0.215741 0.166146 0.116667 0.909668
2 0.436979 0.731481 0.167708 0.311111 0.918945
2 0.225781 0.553704 0.160938 0.242593 0.920898
2 0.126823 0.746296 0.200521 0.266667 0.928223
