9 0.725 0.0967593 0.0104167 0.0601852 0.348389
2 0.119531 0.037963 0.0526042 0.0759259 0.419189
7 0.0796875 0.0546296 0.0666667 0.0925926 0.475586
7 0.119531 0.0375 0.0536458 0.075 0.483887
2 0.0130208 0.126852 0.0260417 0.131481 0.540527
2 0.0794271 0.0555556 0.0671875 0.0925926 0.600586
9 0.565625 0.0430556 0.0114583 0.0509259 0.65918
9 0.585677 0.0439815 0.0109375 0.0509259 0.70166
2 0.530208 0.34537 0.1 0.131481 0.798828
2 0.494271 0.560185 0.13125 0.172222 0.799805
2 0.0460938 0.0939815 0.0526042 0.0712963 0.800781
2 0.516406 0.458333 0.120312 0.22037 0.801758
2 0.847396 0.215741 0.170833 0.122222 0.834961
2 0.341146 0.38287 0.109375 0.134259 0.834961
2 0.298698 0.463426 0.124479 0.149074 0.855469
2 0.463802 0.663889 0.134896 0.212963 0.898438
2 0.390365 0.872685 0.221354 0.247222 0.916016
2 0.246875 0.547222 0.13125 0.181481 0.919922
2 0.103906 0.7875 0.207813 0.332407 0.937988
