7 0.0119792 0.112037 0.0239583 0.133333 0.262695
2 0.0710938 0.0662037 0.0671875 0.0953704 0.331543
2 0.108854 0.0384259 0.0729167 0.0768519 0.342041
2 0.0125 0.114815 0.025 0.133333 0.360107
9 0.725 0.0967593 0.0104167 0.0601852 0.366943
2 0.996094 0.286111 0.0078125 0.0907407 0.393311
7 0.109115 0.0388889 0.0713542 0.0777778 0.510254
7 0.0703125 0.0666667 0.0697917 0.0962963 0.522949
2 0.0419271 0.0972222 0.0505208 0.0722222 0.650391
2 0.46875 0.65 0.127083 0.185185 0.696777
9 0.565625 0.0425926 0.0104167 0.05 0.732422
9 0.585677 0.0439815 0.0109375 0.0509259 0.746582
2 0.501823 0.555556 0.143229 0.17037 0.816895
2 0.510417 0.428704 0.13125 0.183333 0.818848
2 0.835938 0.214815 0.165625 0.12037 0.822266
2 0.53125 0.340278 0.0989583 0.128704 0.842285
2 0.298698 0.4625 0.124479 0.149074 0.856934
2 0.964063 0.215278 0.071875 0.117593 0.862793
2 0.0627604 0.90787 0.125521 0.178704 0.882324
2 0.343229 0.37963 0.108333 0.131481 0.884766
2 0.253385 0.543519 0.118229 0.175926 0.890625
2 0.427344 0.781482 0.182812 0.32963 0.91748
2 0.175 0.643519 0.188542 0.272222 0.918945
