9 0.725 0.0967593 0.0104167 0.0601852 0.275391
0 0.969792 0.191204 0.01875 0.0305556 0.277344
2 0.0614583 0.0541667 0.103125 0.100926 0.297363
7 0.0348958 0.0773148 0.06875 0.117593 0.321289
2 0.0341146 0.0893519 0.0682292 0.0990741 0.337646
7 0.116667 0.037963 0.0604167 0.0740741 0.367676
2 0.0684896 0.204167 0.136979 0.115741 0.55957
9 0.566146 0.0453704 0.0114583 0.0555556 0.638672
7 0.0684896 0.203241 0.135937 0.117593 0.693359
9 0.585677 0.0444444 0.0109375 0.0518519 0.697266
2 0.532031 0.383333 0.0984375 0.133333 0.748535
2 0.336979 0.386574 0.0947917 0.132407 0.807129
2 0.509115 0.450463 0.0963542 0.143519 0.81543
2 0.948958 0.215278 0.102083 0.119444 0.830078
2 0.291927 0.463889 0.100521 0.153704 0.841797
2 0.0653646 0.880556 0.130729 0.231481 0.860352
2 0.475 0.583333 0.140625 0.25 0.908203
2 0.817187 0.216204 0.165625 0.117593 0.911621
2 0.411979 0.835185 0.196875 0.324074 0.915527
2 0.226042 0.555093 0.1625 0.241667 0.924805
2 0.127083 0.746296 0.198958 0.266667 0.925293
