9 0.725 0.0967593 0.0104167 0.0601852 0.276367
2 0.009375 0.114815 0.01875 0.116667 0.341553
7 0.0817708 0.0569444 0.0604167 0.0972222 0.416504
7 0.111979 0.037037 0.06875 0.0740741 0.53125
7 0.0356771 0.0875 0.0703125 0.0990741 0.562012
9 0.566146 0.0453704 0.0114583 0.0555556 0.607422
9 0.585677 0.0444444 0.0109375 0.0518519 0.685059
7 0.527344 0.355556 0.114063 0.159259 0.693359
2 0.804427 0.214815 0.157813 0.12037 0.803711
2 0.491927 0.552315 0.111979 0.167593 0.817871
2 0.510677 0.463889 0.0984375 0.15 0.854492
2 0.253906 0.544444 0.120312 0.175926 0.876953
2 0.308073 0.447685 0.135937 0.150926 0.879395
2 0.964583 0.215741 0.0708333 0.12037 0.883301
2 0.403125 0.845833 0.192708 0.302778 0.905273
2 0.365625 0.337037 0.1 0.12037 0.910156
2 0.453646 0.662037 0.159375 0.283333 0.916504
2 0.0841146 0.864815 0.167187 0.266667 0.92041
2 0.174479 0.643981 0.188542 0.273148 0.921875
