2 0.0609375 0.0523148 0.104167 0.10463 0.263916
0 0.846354 0.185185 0.015625 0.0296296 0.269531
2 0.00494792 0.12963 0.00989583 0.0796296 0.282959
7 0.0354167 0.0736111 0.0697917 0.136111 0.326416
2 0.0882813 0.0601852 0.0473958 0.0962963 0.343018
9 0.725 0.0967593 0.0104167 0.0601852 0.36084
7 0.117969 0.037963 0.0588542 0.0740741 0.397461
2 0.0354167 0.0717593 0.0708333 0.136111 0.435059
2 0.989844 0.215741 0.0203125 0.124074 0.666016
9 0.565885 0.0430556 0.0109375 0.0509259 0.681641
9 0.585677 0.0439815 0.0109375 0.0509259 0.710938
2 0.296875 0.209722 0.16875 0.123148 0.730957
2 0.292448 0.472222 0.110937 0.157407 0.799805
2 0.0653646 0.881481 0.130729 0.22963 0.864258
2 0.53125 0.384722 0.0989583 0.134259 0.871094
2 0.338281 0.3875 0.0984375 0.134259 0.88623
2 0.828125 0.215278 0.1625 0.121296 0.900391
2 0.504687 0.48287 0.101042 0.158333 0.901855
2 0.225521 0.554167 0.1625 0.241667 0.915527
2 0.407292 0.84537 0.202083 0.301852 0.917969
2 0.127083 0.746296 0.2 0.266667 0.925293
2 0.464844 0.625 0.149479 0.27963 0.931152
