7 0.0117188 0.109722 0.0234375 0.14537 0.375488
7 0.0427083 0.0981481 0.0479167 0.0740741 0.400391
2 0.0424479 0.0976852 0.0484375 0.0731481 0.40332
7 0.0242187 0.0384259 0.0484375 0.0675926 0.405518
7 0.0700521 0.0666667 0.0692708 0.0962963 0.508789
7 0.115625 0.0384259 0.0645833 0.0768519 0.513184
9 0.585677 0.0453704 0.0119792 0.0555556 0.748047
2 0.469271 0.645833 0.123958 0.175 0.766602
9 0.565625 0.0430556 0.0104167 0.0509259 0.769531
2 0.510417 0.428241 0.13125 0.184259 0.804199
2 0.53125 0.337037 0.0979167 0.127778 0.814941
2 0.501823 0.556481 0.143229 0.172222 0.822754
2 0.823438 0.215278 0.16875 0.121296 0.837891
2 0.298698 0.4625 0.125521 0.147222 0.858887
2 0.253385 0.543519 0.118229 0.175926 0.875488
2 0.34401 0.378241 0.107813 0.130556 0.87793
2 0.964583 0.216204 0.0708333 0.119444 0.885254
2 0.434635 0.715741 0.170312 0.212963 0.885742
2 0.392448 0.881944 0.231771 0.225 0.897949
2 0.0841146 0.864352 0.168229 0.263889 0.915527
2 0.17474 0.643981 0.189063 0.273148 0.921387
