9 0.725 0.0962963 0.0104167 0.0611111 0.385742
7 0.0804688 0.0583333 0.0671875 0.0888889 0.442139
2 0.0802083 0.0583333 0.0677083 0.0888889 0.495117
2 0.0153646 0.123148 0.0307292 0.12963 0.509277
9 0.566146 0.0453704 0.0114583 0.0555556 0.625488
2 0.529427 0.359722 0.100521 0.150926 0.640625
2 0.863281 0.215278 0.170312 0.119444 0.686523
9 0.585156 0.0444444 0.0109375 0.0518519 0.721191
2 0.50651 0.455556 0.116146 0.205556 0.734375
2 0.0481771 0.0939815 0.0494792 0.0731481 0.743652
2 0.339063 0.383333 0.105208 0.12963 0.895508
2 0.486458 0.5625 0.116667 0.182407 0.907715
2 0.441406 0.761111 0.152604 0.237037 0.929199
2 0.295052 0.465278 0.132812 0.15463 0.930176
2 0.184896 0.656482 0.155208 0.205556 0.933105
