7 0.0854167 0.0546296 0.0541667 0.103704 0.277344
2 0.0596354 0.0523148 0.104687 0.102778 0.295654
2 0.0351562 0.087037 0.0703125 0.103704 0.333984
7 0.0372396 0.0708333 0.0734375 0.123148 0.355713
2 0.0078125 0.123611 0.015625 0.0842593 0.361328
7 0.116406 0.0365741 0.0598958 0.0731481 0.462402
9 0.585677 0.0458333 0.0119792 0.0546296 0.724609
9 0.565625 0.0430556 0.0104167 0.0509259 0.745605
2 0.289844 0.474537 0.107813 0.156481 0.769043
2 0.878646 0.276389 0.196875 0.137963 0.775879
2 0.854688 0.210185 0.167708 0.109259 0.845215
2 0.339063 0.388889 0.101042 0.135185 0.848145
2 0.065625 0.881481 0.13125 0.22963 0.859375
2 0.496875 0.524074 0.110417 0.174074 0.875977
2 0.559375 0.210185 0.164583 0.122222 0.875977
2 0.521094 0.396296 0.0921875 0.131481 0.887207
2 0.226302 0.553704 0.163021 0.242593 0.895508
2 0.453906 0.663889 0.158854 0.287037 0.90332
2 0.407813 0.844444 0.203125 0.301852 0.915527
2 0.127083 0.746296 0.2 0.266667 0.925293
