9 0.725 0.101389 0.0104167 0.0509259 0.250977
7 0.0132813 0.130093 0.0265625 0.139815 0.297852
2 0.0132813 0.128241 0.0265625 0.137963 0.404297
7 0.119531 0.0375 0.0536458 0.075 0.445557
7 0.0736979 0.0513889 0.0786458 0.102778 0.666016
9 0.585677 0.0449074 0.0119792 0.0546296 0.743164
2 0.517187 0.456944 0.119792 0.223148 0.750488
9 0.565625 0.0430556 0.0104167 0.0509259 0.754395
2 0.0460938 0.0925926 0.0536458 0.0722222 0.758789
2 0.529948 0.345833 0.0994792 0.132407 0.761719
2 0.482812 0.584722 0.155208 0.221296 0.79834
2 0.847135 0.214815 0.170312 0.122222 0.84668
2 0.298698 0.461574 0.124479 0.147222 0.858887
2 0.341146 0.382407 0.109375 0.133333 0.873535
2 0.964844 0.216667 0.0703125 0.118519 0.879883
2 0.253646 0.543056 0.11875 0.176852 0.89502
2 0.425781 0.781944 0.178646 0.328704 0.913086
2 0.174219 0.643519 0.189063 0.272222 0.921875
