2 0.467187 0.641204 0.125 0.162037 0.272461
9 0.72474 0.0962963 0.00989583 0.0611111 0.365234
7 0.11849 0.0375 0.0557292 0.075 0.371826
2 0.08125 0.0527778 0.0635417 0.0962963 0.510254
2 0.0132813 0.127778 0.0265625 0.138889 0.523926
7 0.0815104 0.0513889 0.0640625 0.0972222 0.624512
9 0.565885 0.0425926 0.0109375 0.05 0.719727
2 0.516927 0.456019 0.119271 0.225 0.729492
9 0.585677 0.0439815 0.0109375 0.0509259 0.730469
2 0.483333 0.575463 0.152083 0.206481 0.746094
2 0.530208 0.346296 0.1 0.133333 0.787109
2 0.0458333 0.0921296 0.053125 0.0731481 0.802246
2 0.299219 0.462037 0.123438 0.148148 0.856934
2 0.341146 0.382407 0.109375 0.133333 0.862305
2 0.846875 0.215278 0.170833 0.121296 0.867676
2 0.964844 0.215278 0.0703125 0.121296 0.873047
2 0.253125 0.543981 0.119792 0.176852 0.882324
2 0.425 0.7875 0.180208 0.328704 0.915527
2 0.170833 0.649074 0.189583 0.272222 0.937012
