9 0.566406 0.037963 0.0140625 0.0574074 0.276367
2 0.552865 0.0282407 0.0453125 0.0564815 0.343018
0 0.371615 0.400926 0.0348958 0.124074 0.405762
2 0.00833333 0.123148 0.0166667 0.0833333 0.428223
7 0.0632813 0.0518519 0.0994792 0.103704 0.435303
9 0.585677 0.0435185 0.0109375 0.0518519 0.463867
7 0.117188 0.0375 0.0604167 0.075 0.493164
2 0.0356771 0.0898148 0.0703125 0.101852 0.528809
7 0.0364583 0.0875 0.0677083 0.0990741 0.535156
7 0.530469 0.356944 0.115104 0.169444 0.62207
2 0.286979 0.476389 0.114583 0.158333 0.796387
2 0.333854 0.396759 0.096875 0.134259 0.816895
2 0.492188 0.552315 0.111458 0.167593 0.838379
2 0.510677 0.463889 0.0984375 0.15 0.867188
2 0.790885 0.215278 0.168229 0.119444 0.867676
2 0.0596354 0.893056 0.119271 0.20463 0.87207
2 0.964583 0.216204 0.0708333 0.119444 0.883301
2 0.225521 0.553704 0.161458 0.244444 0.887207
2 0.453385 0.664815 0.158854 0.288889 0.892578
2 0.407813 0.844444 0.203125 0.303704 0.914551
2 0.126042 0.74537 0.2 0.264815 0.929199
