9 0.72474 0.0958333 0.00989583 0.062037 0.28833
7 0.053125 0.0907407 0.046875 0.0722222 0.430176
7 0.0182292 0.115741 0.0364583 0.116667 0.618164
2 0.053125 0.0907407 0.0479167 0.0722222 0.641602
9 0.565885 0.0425926 0.0109375 0.05 0.742188
9 0.585677 0.0439815 0.0109375 0.0509259 0.754883
2 0.528385 0.361111 0.102604 0.144444 0.793945
2 0.498437 0.109722 0.0510417 0.0731481 0.814453
2 0.507292 0.461111 0.11875 0.218519 0.830566
2 0.332552 0.391204 0.110937 0.132407 0.914062
2 0.452604 0.711574 0.142708 0.223148 0.924316
2 0.235417 0.566667 0.152083 0.175926 0.936035
