0 0.820312 0.1875 0.0177083 0.0324074 0.258789
9 0.725 0.0967593 0.0104167 0.0601852 0.351807
7 0.11901 0.0375 0.0546875 0.0731481 0.418945
2 0.119271 0.037037 0.0541667 0.0740741 0.496582
2 0.0125 0.112963 0.025 0.140741 0.505859
9 0.565625 0.0430556 0.0114583 0.0509259 0.622559
9 0.585156 0.0439815 0.0109375 0.0509259 0.67041
2 0.46901 0.65 0.126563 0.185185 0.69043
2 0.0757812 0.062037 0.0682292 0.0907407 0.692871
2 0.0411458 0.0976852 0.0520833 0.0712963 0.790527
2 0.501042 0.557407 0.14375 0.17037 0.802734
2 0.51875 0.449074 0.139583 0.205556 0.806641
2 0.530208 0.331944 0.1 0.112037 0.821777
2 0.298958 0.4625 0.125 0.149074 0.852539
2 0.834115 0.215278 0.169271 0.117593 0.853027
2 0.964063 0.215741 0.071875 0.118519 0.87793
2 0.343229 0.37963 0.109375 0.133333 0.890625
2 0.253646 0.543519 0.11875 0.175926 0.892578
2 0.426823 0.781482 0.181771 0.32963 0.904785
2 0.436719 0.280556 0.140104 0.109259 0.919434
2 0.174479 0.643056 0.189583 0.273148 0.919434
