7 0.525781 0.370833 0.102604 0.15463 0.349365
2 0.0203125 0.1125 0.040625 0.110185 0.40918
7 0.0203125 0.111574 0.040625 0.112037 0.498291
7 0.507552 0.460648 0.119271 0.223148 0.536133
2 0.507292 0.4625 0.11875 0.221296 0.561523
9 0.585677 0.0449074 0.0119792 0.0546296 0.754883
2 0.0578125 0.087037 0.0489583 0.0703704 0.762207
9 0.565625 0.0425926 0.0104167 0.05 0.767578
2 0.527083 0.362037 0.102083 0.137037 0.776367
2 0.483594 0.129167 0.0546875 0.0787037 0.854004
2 0.422396 0.848148 0.167708 0.266667 0.901367
2 0.327604 0.402778 0.113542 0.135185 0.930664
2 0.182812 0.663426 0.175 0.202778 0.939453
