7 0.0411458 0.0962963 0.0520833 0.0759259 0.346436
2 0.0421875 0.0981481 0.0489583 0.0759259 0.363525
9 0.725 0.0967593 0.0104167 0.0601852 0.370361
7 0.0114583 0.112963 0.0229167 0.12963 0.386719
7 0.110417 0.0407407 0.0604167 0.0814815 0.506348
7 0.0604167 0.062037 0.090625 0.107407 0.539551
9 0.565885 0.0425926 0.0109375 0.05 0.72168
2 0.46901 0.646759 0.126563 0.176852 0.724609
9 0.585677 0.0439815 0.0109375 0.0509259 0.739746
2 0.501823 0.556481 0.143229 0.172222 0.817871
2 0.510417 0.428241 0.13125 0.184259 0.835938
2 0.835677 0.214352 0.166146 0.121296 0.845703
2 0.531771 0.338426 0.0989583 0.130556 0.856445
2 0.343229 0.378704 0.105208 0.131481 0.862793
2 0.298438 0.462963 0.125 0.148148 0.864258
2 0.964583 0.215741 0.0708333 0.12037 0.887207
2 0.253646 0.543519 0.11875 0.175926 0.892578
2 0.372396 0.902315 0.216667 0.186111 0.905762
2 0.429167 0.780556 0.183333 0.32963 0.907715
2 0.0838542 0.864815 0.167708 0.262963 0.913086
2 0.17474 0.643981 0.189063 0.273148 0.923828
