9 0.725 0.0962963 0.0104167 0.0611111 0.268555
7 0.135156 0.0287037 0.102604 0.0574074 0.422363
2 0.0106771 0.114815 0.0213542 0.135185 0.422363
7 0.0403646 0.087037 0.0765625 0.0944444 0.428711
2 0.040625 0.087037 0.075 0.0962963 0.436523
7 0.0942708 0.0509259 0.0604167 0.0962963 0.574219
9 0.585677 0.0444444 0.0109375 0.0518519 0.705078
7 0.523177 0.355556 0.106771 0.15 0.706055
9 0.565885 0.0425926 0.0109375 0.05 0.70752
2 0.590104 0.158333 0.0635417 0.105556 0.811035
2 0.466667 0.641204 0.125 0.191667 0.812988
2 0.436719 0.737037 0.163021 0.22963 0.859375
2 0.298698 0.464815 0.124479 0.153704 0.873535
2 0.346615 0.375463 0.110937 0.130556 0.874023
2 0.964583 0.216204 0.0708333 0.119444 0.883789
2 0.816146 0.214815 0.164583 0.12037 0.886719
2 0.254167 0.543519 0.119792 0.175926 0.899902
2 0.392188 0.89213 0.236458 0.202778 0.901367
2 0.509635 0.463889 0.0963542 0.144444 0.902832
2 0.0838542 0.866667 0.167708 0.266667 0.906738
2 0.17474 0.644907 0.188021 0.275 0.924316
