9 0.72474 0.0962963 0.00989583 0.0611111 0.298096
7 0.50599 0.459722 0.121354 0.219444 0.451172
2 0.507292 0.462963 0.11875 0.222222 0.560547
9 0.565885 0.0425926 0.0109375 0.05 0.733398
9 0.585677 0.0439815 0.0109375 0.0509259 0.750488
2 0.0203125 0.1125 0.040625 0.113889 0.757324
2 0.527604 0.362037 0.103125 0.137037 0.790039
2 0.42474 0.206481 0.0755208 0.109259 0.816406
2 0.0424479 0.0425926 0.0546875 0.0685185 0.842773
2 0.114323 0.0435185 0.0546875 0.0685185 0.879395
2 0.327604 0.403241 0.113542 0.134259 0.924316
