7 0.0286458 0.0842593 0.0552083 0.0962963 0.284912
9 0.725 0.0962963 0.0104167 0.0611111 0.323975
7 0.0721354 0.0643518 0.0630208 0.100926 0.460205
7 0.117448 0.0393519 0.0661458 0.0787037 0.470947
7 0.0244792 0.0416667 0.0489583 0.0740741 0.481689
9 0.565885 0.0430556 0.0109375 0.0509259 0.728516
2 0.467708 0.634722 0.127083 0.15463 0.730469
9 0.585677 0.0444444 0.0109375 0.0518519 0.744141
2 0.509896 0.427778 0.13125 0.183333 0.759277
2 0.0364583 0.0981481 0.0614583 0.0740741 0.793457
2 0.502604 0.555093 0.140625 0.169444 0.833008
2 0.822917 0.214815 0.166667 0.122222 0.833496
2 0.34401 0.376852 0.105729 0.131481 0.836426
2 0.535417 0.328241 0.0979167 0.136111 0.850098
2 0.298177 0.462037 0.125521 0.146296 0.85498
2 0.4375 0.734259 0.159375 0.227778 0.874023
2 0.964583 0.216204 0.0708333 0.119444 0.883301
2 0.253646 0.543056 0.11875 0.176852 0.891602
2 0.39375 0.89213 0.239583 0.202778 0.904297
2 0.0841146 0.865278 0.168229 0.263889 0.905273
2 0.174479 0.644444 0.188542 0.274074 0.919922
