2 0.116927 0.037037 0.0619792 0.0740741 0.251709
0 0.376302 0.392593 0.0244792 0.112963 0.274902
9 0.725 0.0967593 0.0104167 0.0601852 0.325684
7 0.117969 0.037037 0.0567708 0.0722222 0.408691
2 0.0289063 0.1 0.0578125 0.0981481 0.510742
2 0.059375 0.0541667 0.107292 0.100926 0.5625
2 0.529167 0.383333 0.104167 0.133333 0.669434
9 0.565625 0.0430556 0.0104167 0.0509259 0.721191
2 0.510938 0.455093 0.0958333 0.14537 0.724121
9 0.585677 0.0444444 0.0109375 0.0518519 0.742676
2 0.335156 0.385648 0.0890625 0.130556 0.796875
2 0.296354 0.463426 0.105208 0.15463 0.839844
2 0.949219 0.215278 0.101562 0.119444 0.859863
2 0.0653646 0.881944 0.130729 0.228704 0.871582
2 0.479167 0.563426 0.133333 0.256481 0.908691
2 0.81875 0.215278 0.166667 0.119444 0.910645
2 0.422917 0.787037 0.178125 0.331481 0.918945
2 0.127083 0.746759 0.201042 0.265741 0.919922
2 0.225 0.555093 0.1625 0.243519 0.924805
