9 0.72474 0.0958333 0.00989583 0.062037 0.296631
2 0.0177083 0.118056 0.0354167 0.119444 0.381348
7 0.0179687 0.11713 0.0359375 0.115741 0.430664
2 0.0520833 0.0912037 0.05 0.0731481 0.622559
9 0.565885 0.0425926 0.0109375 0.05 0.728027
9 0.585677 0.0439815 0.0109375 0.0509259 0.743164
2 0.528385 0.360648 0.102604 0.143519 0.77002
2 0.507812 0.45463 0.119792 0.209259 0.77832
2 0.504687 0.100926 0.05 0.0703704 0.802246
2 0.334375 0.389352 0.110417 0.136111 0.916504
2 0.461458 0.673611 0.1375 0.210185 0.925781
2 0.24375 0.552315 0.146875 0.176852 0.929688
