7 0.0101562 0.110185 0.0203125 0.125926 0.331543
7 0.0640625 0.0518519 0.096875 0.103704 0.37793
2 0.522656 0.356944 0.109896 0.152778 0.42749
7 0.114583 0.037037 0.0625 0.0740741 0.452148
7 0.0367187 0.0875 0.0703125 0.0972222 0.554688
7 0.524479 0.355556 0.109375 0.15 0.646484
9 0.585677 0.0449074 0.0119792 0.0546296 0.649902
9 0.565625 0.0430556 0.0104167 0.0509259 0.742188
2 0.298177 0.463889 0.125521 0.15 0.81543
2 0.344271 0.375463 0.105208 0.130556 0.819336
2 0.510677 0.463426 0.0984375 0.149074 0.864258
2 0.253646 0.543056 0.11875 0.176852 0.869141
2 0.489583 0.560648 0.116667 0.182407 0.874023
2 0.964583 0.216204 0.0708333 0.119444 0.884277
2 0.806771 0.213889 0.161458 0.12037 0.890625
2 0.445052 0.684722 0.153646 0.287963 0.908203
2 0.389323 0.890741 0.223438 0.207407 0.911133
2 0.0841146 0.865278 0.168229 0.265741 0.914551
2 0.174479 0.643981 0.188542 0.273148 0.919922
