2 0.0078125 0.123148 0.015625 0.0833333 0.331787
7 0.904167 0.272222 0.1875 0.140741 0.360596
2 0.0354167 0.0907407 0.0697917 0.0981481 0.367432
7 0.0385417 0.0759259 0.075 0.111111 0.387695
7 0.0601562 0.0523148 0.105729 0.10463 0.467773
7 0.11849 0.037037 0.0578125 0.0740741 0.510742
9 0.585677 0.0458333 0.0119792 0.0546296 0.724121
2 0.903906 0.272222 0.192188 0.138889 0.727539
9 0.565625 0.0430556 0.0104167 0.0509259 0.741211
2 0.540104 0.209722 0.165625 0.121296 0.787598
2 0.290104 0.474537 0.107292 0.156481 0.788574
2 0.0653646 0.880556 0.130729 0.231481 0.854492
2 0.339063 0.389352 0.101042 0.136111 0.859375
2 0.521094 0.400463 0.0921875 0.139815 0.863281
2 0.497396 0.518981 0.109375 0.171296 0.880859
2 0.844792 0.213426 0.166667 0.115741 0.884766
2 0.226042 0.553704 0.163542 0.242593 0.900391
2 0.454167 0.6625 0.159375 0.284259 0.911621
2 0.407813 0.843982 0.203125 0.302778 0.91748
2 0.127083 0.746296 0.2 0.266667 0.92627
