2 0.00807292 0.123611 0.0161458 0.0842593 0.289307
7 0.869531 0.275926 0.198437 0.138889 0.349854
7 0.0354167 0.0875 0.0697917 0.100926 0.425781
7 0.116927 0.0365741 0.0598958 0.0731481 0.519531
7 0.0598958 0.0523148 0.107292 0.10463 0.531738
2 0.86901 0.278241 0.190104 0.137963 0.566406
9 0.585677 0.0453704 0.0119792 0.0537037 0.718262
2 0.857813 0.20787 0.16875 0.106481 0.728027
9 0.565625 0.0430556 0.0104167 0.0509259 0.743652
2 0.290104 0.474537 0.107292 0.156481 0.766113
2 0.339063 0.389352 0.101042 0.134259 0.842773
2 0.0653646 0.881481 0.130729 0.22963 0.859863
2 0.497396 0.525926 0.111458 0.17037 0.872559
2 0.565625 0.210185 0.166667 0.122222 0.882324
2 0.521094 0.396296 0.0921875 0.131481 0.884277
2 0.226042 0.554167 0.1625 0.243519 0.899414
2 0.453646 0.663889 0.159375 0.287037 0.903809
2 0.407813 0.844444 0.203125 0.301852 0.914551
2 0.127083 0.746296 0.2 0.266667 0.924805
