7 0.0132813 0.0671296 0.0265625 0.117593 0.298584
9 0.725 0.0962963 0.0104167 0.0611111 0.352051
7 0.0419271 0.0972222 0.0494792 0.0740741 0.433594
7 0.0114583 0.116204 0.0229167 0.126852 0.448975
7 0.116927 0.0393519 0.0807292 0.0787037 0.460693
7 0.0736979 0.0675926 0.0640625 0.0962963 0.501465
7 0.0239583 0.0375 0.0479167 0.0638889 0.508789
9 0.565885 0.0425926 0.0109375 0.05 0.726074
9 0.585677 0.0439815 0.0109375 0.0509259 0.739746
2 0.470313 0.643981 0.122917 0.167593 0.741211
2 0.5 0.55787 0.147917 0.175 0.811523
2 0.532031 0.337037 0.0994792 0.12963 0.812012
2 0.822917 0.215278 0.16875 0.121296 0.824219
2 0.510417 0.428241 0.13125 0.184259 0.825684
2 0.297917 0.4625 0.126042 0.147222 0.862305
2 0.429427 0.718982 0.175521 0.221296 0.866699
2 0.344271 0.378704 0.108333 0.131481 0.883789
2 0.964583 0.216204 0.0708333 0.119444 0.884766
2 0.253385 0.543519 0.118229 0.175926 0.890625
2 0.384375 0.880556 0.236458 0.227778 0.897949
2 0.0841146 0.864352 0.168229 0.263889 0.913574
2 0.174479 0.643981 0.188542 0.273148 0.923828
