2 0.0109375 0.108333 0.021875 0.12963 0.412598
9 0.585677 0.0435185 0.0109375 0.05 0.442383
7 0.0601562 0.0518519 0.113021 0.103704 0.500977
7 0.0377604 0.0842593 0.0744792 0.101852 0.514648
7 0.116406 0.0347222 0.0786458 0.0694444 0.562012
9 0.565885 0.0425926 0.0109375 0.05 0.620117
7 0.523698 0.35463 0.106771 0.15 0.719727
2 0.598437 0.113426 0.0489583 0.0842593 0.838867
2 0.297917 0.463889 0.125 0.15 0.844727
2 0.345573 0.375463 0.108854 0.130556 0.871094
2 0.510156 0.465741 0.0994792 0.151852 0.875977
2 0.435156 0.7625 0.158854 0.313889 0.886719
2 0.964583 0.216667 0.0708333 0.118519 0.888672
2 0.80651 0.213889 0.161979 0.12037 0.888672
2 0.254167 0.543981 0.11875 0.176852 0.892578
2 0.391667 0.89537 0.235417 0.2 0.903809
2 0.48125 0.571296 0.117708 0.187037 0.912598
2 0.0841146 0.865278 0.168229 0.265741 0.915039
2 0.17474 0.644907 0.188021 0.275 0.927246
