7 0.00859375 0.125926 0.0161458 0.0833333 0.25293
2 0.00807292 0.125 0.0161458 0.0814815 0.303467
7 0.0791667 0.0587963 0.0666667 0.0990741 0.376465
7 0.113802 0.037037 0.0682292 0.0740741 0.456543
7 0.0354167 0.0939815 0.0697917 0.0972222 0.529297
9 0.565885 0.0430556 0.0109375 0.0509259 0.645508
7 0.530469 0.357407 0.115104 0.17037 0.648438
9 0.585677 0.0444444 0.0109375 0.0518519 0.688477
2 0.484635 0.130556 0.0536458 0.0685185 0.830078
2 0.492188 0.552315 0.111458 0.167593 0.830078
2 0.289323 0.477315 0.108854 0.160185 0.853027
2 0.510677 0.463426 0.0984375 0.149074 0.856934
2 0.791146 0.214815 0.169792 0.122222 0.857422
2 0.964583 0.215741 0.0708333 0.12037 0.881836
2 0.33776 0.396759 0.104687 0.134259 0.881836
2 0.453906 0.663889 0.158854 0.287037 0.90332
2 0.407813 0.843518 0.204167 0.301852 0.911133
2 0.0960938 0.82037 0.192188 0.287037 0.930176
2 0.215625 0.57037 0.166667 0.244444 0.931152
