7 0.0882813 0.0518519 0.0619792 0.0907407 0.250977
9 0.725 0.0972222 0.0104167 0.0592593 0.256104
2 0.0335938 0.0925926 0.0671875 0.0907407 0.260742
0 0.375 0.394444 0.028125 0.114815 0.314209
7 0.0596354 0.0564815 0.109896 0.107407 0.37085
7 0.0335938 0.0907407 0.0671875 0.0925926 0.386963
7 0.114844 0.0375 0.0651042 0.0731481 0.426514
7 0.0476562 0.199537 0.0953125 0.125 0.567383
9 0.566146 0.0458333 0.0125 0.0564815 0.635742
9 0.585677 0.0444444 0.0109375 0.0518519 0.714355
2 0.531771 0.383333 0.0989583 0.133333 0.768555
2 0.949219 0.215278 0.101562 0.119444 0.791504
2 0.334896 0.385648 0.090625 0.132407 0.812012
2 0.509115 0.453704 0.0953125 0.15 0.820312
2 0.292188 0.464352 0.101042 0.15463 0.859863
2 0.0653646 0.880556 0.130729 0.231481 0.863281
2 0.475781 0.579167 0.138021 0.249074 0.894043
2 0.817187 0.216204 0.165625 0.117593 0.906738
2 0.41276 0.830093 0.192188 0.328704 0.916016
2 0.225781 0.55463 0.161979 0.242593 0.925293
2 0.127083 0.746296 0.198958 0.266667 0.927734
