7 0.0153646 0.123611 0.0307292 0.130556 0.327393
7 0.0479167 0.0921296 0.053125 0.0712963 0.39502
2 0.0153646 0.122685 0.0307292 0.128704 0.424561
9 0.725 0.0967593 0.0104167 0.0601852 0.427002
7 0.508073 0.441204 0.114063 0.187963 0.461426
2 0.507812 0.447222 0.109375 0.194444 0.507324
7 0.0804688 0.0560185 0.0671875 0.087963 0.587402
7 0.529427 0.368981 0.0994792 0.165741 0.603027
2 0.0479167 0.0925926 0.05 0.0722222 0.619141
9 0.565885 0.0430556 0.0109375 0.0509259 0.728516
9 0.585677 0.0439815 0.0109375 0.0509259 0.749023
2 0.864062 0.215278 0.169792 0.121296 0.789551
2 0.488542 0.55787 0.122917 0.187963 0.80127
2 0.339063 0.384259 0.10625 0.12963 0.865723
2 0.295833 0.466204 0.130208 0.15463 0.913574
2 0.460417 0.67037 0.132292 0.212963 0.918457
2 0.213802 0.605093 0.144271 0.19537 0.933105
