2 0.119792 0.037037 0.053125 0.0740741 0.272217
7 0.0132813 0.126852 0.0265625 0.155556 0.302002
7 0.119531 0.037037 0.0536458 0.0740741 0.308105
2 0.0132813 0.123611 0.0265625 0.152778 0.381836
7 0.065625 0.0509259 0.0958333 0.0981481 0.458984
2 0.0460938 0.0925926 0.0526042 0.0722222 0.665527
2 0.529948 0.345833 0.101562 0.134259 0.716797
9 0.585677 0.0453704 0.0119792 0.0555556 0.746094
9 0.565625 0.0430556 0.0104167 0.0509259 0.760742
2 0.482812 0.581944 0.154167 0.219444 0.765625
2 0.517187 0.459259 0.119792 0.22037 0.819336
2 0.846875 0.215278 0.170833 0.121296 0.841309
2 0.299219 0.4625 0.123438 0.149074 0.859863
2 0.253646 0.543056 0.11875 0.175 0.861328
2 0.341146 0.381944 0.109375 0.132407 0.867676
2 0.964844 0.215278 0.0703125 0.119444 0.876465
2 0.426823 0.781944 0.180729 0.330556 0.910645
2 0.176302 0.643519 0.193229 0.272222 0.923828
