7 0.527604 0.366667 0.103125 0.151852 0.350098
9 0.72474 0.0962963 0.00989583 0.0611111 0.363281
2 0.507552 0.455093 0.118229 0.206481 0.535645
2 0.0177083 0.119444 0.0354167 0.124074 0.573242
9 0.565625 0.0439815 0.0114583 0.0546296 0.579102
7 0.507292 0.455093 0.11875 0.208333 0.615234
9 0.585156 0.0430556 0.0109375 0.0527778 0.680664
2 0.0690104 0.0273148 0.0619792 0.0546296 0.686035
2 0.146875 0.0240741 0.0583333 0.0481481 0.705078
2 0.528385 0.360185 0.102604 0.142593 0.781738
2 0.927083 0.21713 0.145833 0.119444 0.84375
2 0.0518229 0.0907407 0.0494792 0.0740741 0.857422
2 0.3375 0.389352 0.104167 0.134259 0.897949
2 0.48125 0.594907 0.122917 0.19537 0.925781
2 0.292708 0.466204 0.129167 0.156481 0.928711
