9 0.72474 0.0962963 0.00989583 0.0611111 0.401855
2 0.50599 0.457407 0.116146 0.211111 0.545898
7 0.0807292 0.0592593 0.065625 0.0888889 0.568359
7 0.50625 0.458796 0.116667 0.213889 0.582031
2 0.0151042 0.127315 0.0302083 0.139815 0.648438
2 0.529427 0.362963 0.101562 0.155556 0.683105
9 0.565885 0.0425926 0.0109375 0.05 0.736328
9 0.585677 0.0439815 0.0109375 0.0509259 0.751953
2 0.882292 0.215278 0.16875 0.119444 0.752441
2 0.0502604 0.0916667 0.0515625 0.0740741 0.766602
2 0.401563 0.894444 0.182292 0.203704 0.871094
2 0.339063 0.384259 0.105208 0.131481 0.88916
2 0.071875 0.894444 0.14375 0.205556 0.902344
2 0.486719 0.566667 0.116146 0.187037 0.903809
2 0.294531 0.464352 0.132812 0.152778 0.925293
