9 0.725 0.0962963 0.0104167 0.0611111 0.274414
2 0.009375 0.114352 0.01875 0.117593 0.375488
7 0.0617188 0.0513889 0.101562 0.102778 0.434814
7 0.111719 0.037037 0.0703125 0.0740741 0.50293
7 0.0364583 0.0875 0.0697917 0.0972222 0.524414
9 0.565885 0.0430556 0.0109375 0.0509259 0.689453
7 0.526823 0.355556 0.113021 0.159259 0.700195
9 0.585677 0.0444444 0.0109375 0.0518519 0.717285
2 0.806771 0.213889 0.161458 0.12037 0.831543
2 0.492708 0.552778 0.1125 0.168519 0.83252
2 0.301302 0.4625 0.132812 0.152778 0.841309
2 0.510677 0.464352 0.0984375 0.150926 0.851074
2 0.253906 0.542593 0.119271 0.177778 0.876465
2 0.964583 0.215741 0.0708333 0.12037 0.884766
2 0.4 0.849074 0.195833 0.294444 0.890625
2 0.451562 0.661574 0.155208 0.280556 0.908203
2 0.355729 0.355556 0.103125 0.127778 0.913574
2 0.0841146 0.864815 0.167187 0.266667 0.917969
2 0.174219 0.643981 0.188021 0.273148 0.922852
