7 0.108854 0.037037 0.075 0.0740741 0.338135
9 0.725 0.0972222 0.0104167 0.0611111 0.349365
7 0.0802083 0.0518519 0.0666667 0.0981481 0.569336
2 0.0796875 0.0537037 0.0666667 0.0962963 0.570801
2 0.0130208 0.126852 0.0260417 0.138889 0.580566
9 0.565625 0.0425926 0.0104167 0.05 0.726562
9 0.585677 0.0439815 0.0109375 0.0509259 0.744141
2 0.530208 0.345833 0.1 0.132407 0.782715
2 0.516927 0.45787 0.119271 0.223148 0.800781
2 0.482552 0.58287 0.155729 0.217593 0.808594
2 0.0458333 0.0935185 0.0541667 0.0722222 0.822266
2 0.846875 0.214815 0.170833 0.12037 0.840332
2 0.298958 0.462037 0.123958 0.146296 0.848145
2 0.341146 0.382407 0.109375 0.133333 0.854492
2 0.964844 0.216667 0.0703125 0.118519 0.885254
2 0.253646 0.543519 0.119792 0.175926 0.891113
2 0.425781 0.78287 0.177604 0.330556 0.906738
2 0.173958 0.644444 0.188542 0.272222 0.924316
