9 0.72474 0.0962963 0.00989583 0.0611111 0.373535
2 0.0130208 0.127315 0.0260417 0.134259 0.488525
7 0.0802083 0.0569444 0.0677083 0.0916667 0.583984
7 0.13125 0.0328704 0.0572917 0.0657407 0.627441
9 0.565885 0.0425926 0.0109375 0.05 0.725586
2 0.863281 0.215278 0.171354 0.119444 0.734375
9 0.585677 0.0439815 0.0109375 0.0509259 0.741699
2 0.0460938 0.0935185 0.0526042 0.0722222 0.783203
2 0.494531 0.559722 0.131771 0.175 0.786621
2 0.529688 0.345833 0.101042 0.134259 0.799316
2 0.515885 0.459259 0.120312 0.218519 0.82373
2 0.340365 0.382407 0.108854 0.133333 0.855469
2 0.298698 0.462963 0.124479 0.148148 0.860352
2 0.464323 0.66713 0.135937 0.217593 0.913574
2 0.246615 0.546759 0.130729 0.180556 0.92041
