7 0.0114583 0.10787 0.0229167 0.143519 0.34375
2 0.0424479 0.0976852 0.0484375 0.0731481 0.37915
7 0.0244792 0.0398148 0.0489583 0.0685185 0.39624
7 0.0424479 0.0981481 0.0484375 0.0722222 0.407959
7 0.113802 0.0398148 0.0588542 0.0796296 0.52832
7 0.0679687 0.0666667 0.0744792 0.0981481 0.532715
9 0.565625 0.0425926 0.0104167 0.05 0.707031
9 0.585156 0.0435185 0.0109375 0.0518519 0.709473
2 0.470052 0.644907 0.123438 0.173148 0.771973
2 0.53151 0.337037 0.0984375 0.127778 0.80957
2 0.510417 0.428241 0.13125 0.184259 0.820312
2 0.502344 0.555556 0.142188 0.17037 0.824707
2 0.823438 0.215278 0.16875 0.121296 0.836426
2 0.298438 0.4625 0.126042 0.147222 0.864746
2 0.964583 0.216204 0.0708333 0.119444 0.88623
2 0.34349 0.378241 0.107813 0.130556 0.886719
2 0.253385 0.543519 0.118229 0.175926 0.887207
2 0.434896 0.71713 0.169792 0.213889 0.888672
2 0.392969 0.883333 0.232812 0.224074 0.898926
2 0.0841146 0.865278 0.168229 0.265741 0.917969
2 0.17474 0.644444 0.188021 0.274074 0.921387
