7 0.528125 0.368519 0.102083 0.157407 0.31543
2 0.0174479 0.11713 0.0348958 0.119444 0.362549
7 0.0177083 0.116204 0.0354167 0.117593 0.455322
7 0.507552 0.457407 0.119271 0.216667 0.500488
2 0.507292 0.456944 0.11875 0.215741 0.513184
9 0.565885 0.0425926 0.0109375 0.0518519 0.62793
9 0.585677 0.0439815 0.0109375 0.0509259 0.675781
2 0.0518229 0.0907407 0.0494792 0.0740741 0.682129
2 0.528385 0.360648 0.102604 0.14537 0.726074
2 0.520312 0.0726852 0.0489583 0.0694444 0.806641
2 0.335417 0.389815 0.1125 0.135185 0.916504
2 0.259896 0.524537 0.140625 0.167593 0.924805
2 0.470052 0.62963 0.125521 0.203704 0.929199
