7 0.025 0.025463 0.05 0.0472222 0.254883
9 0.725 0.0967593 0.0104167 0.0601852 0.283691
7 0.0114583 0.108796 0.0229167 0.126852 0.292725
7 0.133594 0.0300926 0.104687 0.0601852 0.48584
7 0.0393229 0.0851852 0.0744792 0.0962963 0.572754
7 0.0890625 0.050463 0.0645833 0.0972222 0.608398
9 0.585677 0.0439815 0.0109375 0.0509259 0.693848
7 0.522917 0.356944 0.109375 0.152778 0.694336
9 0.565885 0.0425926 0.0109375 0.05 0.702637
2 0.591406 0.147685 0.0598958 0.0990741 0.749512
2 0.467187 0.631019 0.123958 0.191667 0.810547
2 0.298177 0.465278 0.125521 0.152778 0.861328
2 0.346354 0.375463 0.111458 0.130556 0.86377
2 0.8125 0.214815 0.16875 0.118519 0.868652
2 0.43724 0.736111 0.165104 0.231481 0.875
2 0.964583 0.216204 0.0708333 0.119444 0.882812
2 0.254167 0.543056 0.119792 0.176852 0.897949
2 0.509635 0.462963 0.0963542 0.144444 0.901855
2 0.391927 0.89213 0.235938 0.202778 0.903809
2 0.0841146 0.865741 0.168229 0.266667 0.909668
2 0.174479 0.644444 0.188542 0.274074 0.92334
