2 0.50625 0.460185 0.116667 0.211111 0.269043
7 0.528125 0.365741 0.1 0.161111 0.374756
9 0.72474 0.0962963 0.00989583 0.0611111 0.405029
7 0.0486979 0.0898148 0.0515625 0.0740741 0.416504
7 0.0151042 0.126852 0.0302083 0.140741 0.451172
7 0.0804688 0.0592593 0.0671875 0.0888889 0.511719
2 0.529427 0.356944 0.101562 0.14537 0.587402
2 0.0492188 0.0930556 0.0505208 0.0731481 0.600098
7 0.50625 0.456944 0.116667 0.210185 0.679199
2 0.873958 0.216204 0.16875 0.123148 0.727051
9 0.565885 0.0425926 0.0109375 0.05 0.72998
9 0.585677 0.0439815 0.0109375 0.0509259 0.74707
2 0.339063 0.384722 0.105208 0.130556 0.891113
2 0.486979 0.56713 0.115625 0.187963 0.903809
2 0.423958 0.842593 0.166667 0.262963 0.918945
2 0.294531 0.463889 0.132812 0.153704 0.924316
2 0.13125 0.753241 0.178125 0.236111 0.936523
