7 0.0671875 0.05 0.117708 0.0981481 0.280273
9 0.725 0.0958333 0.0104167 0.062037 0.309326
2 0.0078125 0.123148 0.015625 0.0833333 0.312012
7 0.0851562 0.0550926 0.0546875 0.102778 0.324463
7 0.0372396 0.0703704 0.0734375 0.124074 0.431396
7 0.84375 0.278241 0.189583 0.139815 0.483643
7 0.117188 0.0365741 0.059375 0.0731481 0.493408
2 0.84375 0.279167 0.190625 0.139815 0.556152
9 0.565885 0.0430556 0.0109375 0.0509259 0.703125
9 0.585677 0.0439815 0.0109375 0.0509259 0.727539
2 0.290104 0.474537 0.107292 0.156481 0.776367
2 0.871875 0.211111 0.164583 0.109259 0.780273
2 0.583073 0.211574 0.167187 0.119444 0.834961
2 0.339063 0.389352 0.101042 0.134259 0.850586
2 0.065625 0.881481 0.13125 0.22963 0.865723
2 0.495833 0.532407 0.1125 0.172222 0.876953
2 0.453385 0.664815 0.158854 0.288889 0.898926
2 0.225781 0.554167 0.163021 0.243519 0.901367
2 0.521094 0.395833 0.0921875 0.128704 0.907715
2 0.407292 0.844444 0.202083 0.301852 0.915527
2 0.127083 0.746296 0.2 0.266667 0.924805
