7 0.0244792 0.0263889 0.0489583 0.0453704 0.329102
7 0.121094 0.0310185 0.0963542 0.062037 0.464844
9 0.565625 0.0453704 0.0114583 0.0537037 0.468262
2 0.0377604 0.0865741 0.0723958 0.0990741 0.486328
2 0.0106771 0.110648 0.0213542 0.125 0.509277
7 0.0388021 0.0856481 0.0723958 0.0972222 0.513672
7 0.0880208 0.0532407 0.0625 0.0935185 0.555664
9 0.585677 0.0439815 0.0109375 0.0509259 0.574219
7 0.523698 0.355556 0.107813 0.15 0.716797
2 0.594531 0.131944 0.0526042 0.0916667 0.854004
2 0.297917 0.465741 0.126042 0.153704 0.857422
2 0.807292 0.214352 0.1625 0.121296 0.862305
2 0.344271 0.375 0.107292 0.131481 0.870117
2 0.964583 0.216204 0.0708333 0.119444 0.883789
2 0.473958 0.596759 0.122917 0.180556 0.88623
2 0.253646 0.543056 0.11875 0.176852 0.890137
2 0.510417 0.464352 0.0979167 0.149074 0.89502
2 0.438281 0.772222 0.160938 0.312963 0.896973
2 0.391406 0.893056 0.233854 0.20463 0.901367
2 0.0841146 0.865278 0.168229 0.265741 0.910156
2 0.17474 0.644444 0.189063 0.274074 0.921875
