9 0.725 0.0962963 0.0104167 0.0611111 0.276611
7 0.50599 0.459259 0.121354 0.218519 0.440674
2 0.507292 0.4625 0.11875 0.221296 0.59375
2 0.0203125 0.111574 0.040625 0.115741 0.662598
9 0.565885 0.0425926 0.0109375 0.05 0.73877
9 0.585677 0.0439815 0.0109375 0.0509259 0.754395
2 0.527344 0.362037 0.102604 0.137037 0.788574
2 0.0802083 0.0685185 0.059375 0.0703704 0.794434
2 0.378646 0.958796 0.188542 0.0787037 0.853516
2 0.459375 0.160185 0.0645833 0.0907407 0.862793
2 0.0976562 0.852778 0.195312 0.261111 0.916504
2 0.327344 0.402778 0.113021 0.135185 0.927246
