2 0.0106771 0.109722 0.0213542 0.121296 0.34375
9 0.620313 0.05 0.0489583 0.0777778 0.344238
7 0.114323 0.037963 0.0640625 0.0759259 0.507812
7 0.0833333 0.0569444 0.0572917 0.0972222 0.510254
7 0.619792 0.05 0.05 0.0777778 0.527344
9 0.565625 0.0435185 0.0104167 0.05 0.537598
7 0.0359375 0.087963 0.0697917 0.0981481 0.553223
2 0.619792 0.05 0.05 0.0777778 0.625977
7 0.523438 0.355556 0.108333 0.15 0.714355
2 0.345833 0.375463 0.108333 0.130556 0.807617
2 0.298177 0.464352 0.125521 0.150926 0.821289
2 0.510677 0.464815 0.0984375 0.15 0.862305
2 0.488281 0.560648 0.114063 0.184259 0.875977
2 0.253906 0.543056 0.119271 0.176852 0.877441
2 0.964583 0.216204 0.0708333 0.119444 0.88623
2 0.807292 0.213889 0.1625 0.12037 0.898438
2 0.0841146 0.864815 0.168229 0.266667 0.915039
2 0.391406 0.895833 0.235938 0.199074 0.916504
2 0.174479 0.643981 0.188542 0.273148 0.924316
2 0.441406 0.697222 0.147396 0.305556 0.924805
