9 0.72474 0.0958333 0.00989583 0.062037 0.345215
2 0.119792 0.0375 0.053125 0.075 0.363281
7 0.0796875 0.0555556 0.0666667 0.0907407 0.486328
2 0.0130208 0.127778 0.0260417 0.133333 0.510254
7 0.119531 0.037037 0.0536458 0.0740741 0.558594
2 0.0796875 0.0564815 0.0666667 0.0907407 0.622559
9 0.565625 0.0430556 0.0114583 0.0509259 0.66748
9 0.585677 0.0439815 0.0109375 0.0509259 0.702637
2 0.516406 0.458333 0.120312 0.222222 0.762207
2 0.0460938 0.0930556 0.0526042 0.0712963 0.786133
2 0.494271 0.559259 0.13125 0.172222 0.800293
2 0.530208 0.345833 0.1 0.130556 0.817383
2 0.848437 0.215741 0.171875 0.122222 0.832031
2 0.341146 0.382407 0.109375 0.133333 0.843262
2 0.298438 0.463426 0.125 0.149074 0.862793
2 0.463542 0.666204 0.135417 0.215741 0.90625
2 0.382812 0.887963 0.226042 0.216667 0.912109
2 0.246875 0.547222 0.13125 0.181481 0.92334
2 0.09375 0.825 0.1875 0.337037 0.94043
