2 0.0986979 0.0490741 0.0776042 0.0833333 0.250977
0 0.819531 0.188426 0.0171875 0.0324074 0.312988
9 0.725 0.0967593 0.0104167 0.0601852 0.347656
2 0.11901 0.0375 0.0546875 0.075 0.41626
2 0.0125 0.115278 0.025 0.139815 0.416748
7 0.11875 0.037963 0.0552083 0.0740741 0.437256
7 0.0768229 0.0583333 0.0682292 0.0925926 0.478027
2 0.0768229 0.0597222 0.0671875 0.0916667 0.560547
9 0.565625 0.0435185 0.0114583 0.05 0.611816
9 0.585677 0.0444444 0.0109375 0.0518519 0.662598
2 0.46875 0.65 0.127083 0.185185 0.683594
2 0.0408854 0.0976852 0.0515625 0.0712963 0.769043
2 0.501042 0.556944 0.14375 0.167593 0.804688
2 0.834115 0.215741 0.169271 0.116667 0.817871
2 0.530469 0.332407 0.0994792 0.112963 0.836426
2 0.51875 0.449074 0.139583 0.205556 0.839844
2 0.298438 0.463426 0.125 0.149074 0.856934
2 0.964063 0.215741 0.071875 0.118519 0.874023
2 0.343229 0.37963 0.109375 0.133333 0.88916
2 0.423958 0.281481 0.141667 0.109259 0.89209
2 0.253646 0.543519 0.11875 0.175926 0.894043
2 0.427083 0.781482 0.18125 0.32963 0.905762
2 0.174479 0.643519 0.189583 0.272222 0.92041
