2 0.00807292 0.123611 0.0161458 0.0824074 0.349365
7 0.0859375 0.0555556 0.0520833 0.101852 0.356445
7 0.11849 0.0375 0.0578125 0.0731481 0.483887
7 0.0354167 0.0699074 0.0697917 0.136111 0.555664
9 0.565625 0.0435185 0.0114583 0.05 0.609863
9 0.585677 0.0439815 0.0109375 0.0509259 0.671387
2 0.290104 0.474537 0.107292 0.156481 0.793457
2 0.339063 0.389815 0.1 0.135185 0.844238
2 0.492448 0.551852 0.113021 0.162963 0.844238
2 0.0653646 0.881019 0.130729 0.230556 0.857422
2 0.741927 0.213889 0.164062 0.12037 0.857422
2 0.628906 0.314352 0.163021 0.158333 0.881348
2 0.510938 0.442593 0.0958333 0.148148 0.881836
2 0.953906 0.216204 0.0921875 0.119444 0.884277
2 0.453646 0.663426 0.159375 0.286111 0.902344
2 0.226042 0.553704 0.1625 0.242593 0.90625
2 0.407813 0.844444 0.203125 0.301852 0.916992
2 0.127083 0.746296 0.2 0.266667 0.925781
