0 0.819531 0.1875 0.0171875 0.0324074 0.260986
7 0.053125 0.0847222 0.06875 0.0861111 0.274414
2 0.0114583 0.114815 0.0229167 0.124074 0.337891
7 0.0111979 0.114352 0.0223958 0.125 0.375977
9 0.725 0.0967593 0.0104167 0.0601852 0.390625
7 0.109115 0.0407407 0.0619792 0.0814815 0.553711
2 0.0416667 0.0967593 0.05 0.0731481 0.661133
7 0.0653646 0.0583333 0.0807292 0.112963 0.674316
2 0.46901 0.647222 0.126563 0.177778 0.699707
9 0.565885 0.0425926 0.0109375 0.05 0.728516
9 0.585677 0.0439815 0.0109375 0.0509259 0.745117
2 0.53151 0.3375 0.0984375 0.130556 0.815918
2 0.501823 0.556019 0.143229 0.171296 0.816895
2 0.835938 0.214815 0.165625 0.12037 0.821777
2 0.510417 0.428241 0.13125 0.184259 0.834473
2 0.298438 0.462963 0.125 0.148148 0.859863
2 0.342969 0.378704 0.106771 0.131481 0.862305
2 0.964583 0.216204 0.0708333 0.119444 0.879395
2 0.365625 0.923611 0.221875 0.14537 0.883301
2 0.253906 0.543519 0.119271 0.175926 0.893555
2 0.428385 0.781018 0.183854 0.330556 0.903809
2 0.0841146 0.864352 0.167187 0.263889 0.915039
2 0.17474 0.644907 0.188021 0.275 0.922363
