7 0.0122396 0.113889 0.0244792 0.133333 0.282715
0 0.820312 0.1875 0.0177083 0.0324074 0.298096
2 0.0125 0.114352 0.025 0.132407 0.310791
9 0.725 0.0967593 0.0104167 0.0601852 0.354492
7 0.119531 0.0375 0.0536458 0.075 0.47583
2 0.0416667 0.0976852 0.05 0.075 0.528809
7 0.0794271 0.0569444 0.0682292 0.0953704 0.537598
9 0.566146 0.0453704 0.0114583 0.0555556 0.630859
2 0.469531 0.649074 0.125521 0.183333 0.646973
9 0.585677 0.0444444 0.0109375 0.0518519 0.705078
2 0.522656 0.456019 0.134896 0.210185 0.79248
2 0.49974 0.560185 0.146354 0.17037 0.801758
2 0.530729 0.332407 0.1 0.112963 0.803223
2 0.834115 0.215278 0.169271 0.117593 0.836914
2 0.298698 0.4625 0.124479 0.147222 0.858398
2 0.297917 0.277315 0.146875 0.10463 0.871094
2 0.964583 0.216204 0.0708333 0.119444 0.87793
2 0.253385 0.543056 0.118229 0.176852 0.890625
2 0.34349 0.378241 0.108854 0.132407 0.893555
2 0.426823 0.781482 0.181771 0.32963 0.905762
2 0.174479 0.643056 0.188542 0.271296 0.919922
