2 0.117969 0.037037 0.0578125 0.0740741 0.306641
7 0.118229 0.037037 0.05625 0.0740741 0.333252
7 0.0776042 0.0537037 0.0708333 0.0981481 0.439453
2 0.0778646 0.0555556 0.0703125 0.0944444 0.53125
2 0.0132813 0.127315 0.0265625 0.137963 0.553223
9 0.585677 0.0453704 0.0119792 0.0555556 0.746094
9 0.565625 0.0430556 0.0104167 0.0509259 0.763672
2 0.482812 0.582407 0.155208 0.216667 0.773438
2 0.517187 0.456944 0.119792 0.225 0.774414
2 0.530208 0.34537 0.1 0.12963 0.784668
2 0.0460938 0.0935185 0.0536458 0.0722222 0.818359
2 0.846615 0.214815 0.169271 0.122222 0.836426
2 0.299219 0.4625 0.123438 0.147222 0.854004
2 0.341146 0.382407 0.109375 0.133333 0.855957
2 0.964844 0.216204 0.0703125 0.119444 0.88623
2 0.253646 0.543519 0.11875 0.175926 0.890137
2 0.426302 0.782407 0.179688 0.327778 0.911621
2 0.17474 0.643519 0.188021 0.272222 0.924805
