9 0.725 0.0962963 0.0104167 0.0611111 0.378906
7 0.0255208 0.0402778 0.0510417 0.0768519 0.459229
7 0.110937 0.0398148 0.0604167 0.0796296 0.525879
7 0.0679687 0.0652778 0.0755208 0.0972222 0.530273
7 0.538802 0.326852 0.0942708 0.151852 0.536133
2 0.539062 0.326852 0.0958333 0.15 0.687988
2 0.467708 0.642593 0.128125 0.174074 0.708496
9 0.565625 0.0430556 0.0104167 0.0509259 0.719238
2 0.509896 0.428241 0.13125 0.184259 0.725586
9 0.585677 0.0444444 0.0109375 0.05 0.743652
2 0.0333333 0.100463 0.0645833 0.0768519 0.746582
2 0.502604 0.555556 0.140625 0.168519 0.845215
2 0.34375 0.376852 0.10625 0.12963 0.845703
2 0.297656 0.4625 0.126563 0.147222 0.856445
2 0.436198 0.737963 0.160938 0.233333 0.865234
2 0.964063 0.216667 0.071875 0.118519 0.879883
2 0.253906 0.542593 0.119271 0.175926 0.88623
2 0.0841146 0.865741 0.168229 0.264815 0.90332
2 0.819531 0.214352 0.165104 0.119444 0.909668
2 0.39375 0.893519 0.239583 0.201852 0.910156
2 0.17474 0.644444 0.189063 0.274074 0.92041
