2 0.00885417 0.124537 0.0177083 0.0916667 0.35791
7 0.0825521 0.0560185 0.0588542 0.0990741 0.407471
7 0.113542 0.037037 0.0677083 0.0740741 0.508789
7 0.0356771 0.0902778 0.0703125 0.102778 0.603027
9 0.565885 0.0430556 0.0109375 0.0509259 0.675293
9 0.585156 0.0439815 0.0109375 0.0527778 0.678223
7 0.528906 0.355093 0.116146 0.163889 0.711914
2 0.805208 0.214815 0.158333 0.12037 0.751953
2 0.453646 0.185185 0.065625 0.0851852 0.810059
2 0.492188 0.552315 0.111458 0.167593 0.82373
2 0.510677 0.463889 0.0984375 0.15 0.853516
2 0.964583 0.215741 0.0708333 0.12037 0.87793
2 0.453906 0.6625 0.158854 0.286111 0.898438
2 0.338021 0.396759 0.107292 0.134259 0.907227
2 0.0841146 0.865278 0.168229 0.267593 0.915039
2 0.407813 0.844444 0.204167 0.301852 0.915527
2 0.28151 0.484259 0.115104 0.164815 0.917969
2 0.190104 0.614815 0.178125 0.262963 0.943848
