2 0.0695312 0.0717593 0.0682292 0.0990741 0.253906
7 0.0325521 0.0324074 0.0630208 0.0648148 0.265625
0 0.8125 0.186574 0.021875 0.0324074 0.318848
7 0.0736979 0.0680556 0.0630208 0.0972222 0.334961
9 0.725 0.0967593 0.0104167 0.0601852 0.350098
7 0.0111979 0.110185 0.0223958 0.137037 0.356689
7 0.108854 0.0402778 0.0635417 0.0805556 0.422363
2 0.0414063 0.0967593 0.0515625 0.0731481 0.508789
2 0.46875 0.643981 0.127083 0.173148 0.697754
9 0.565625 0.0425926 0.0104167 0.05 0.723145
9 0.585677 0.0439815 0.0109375 0.0509259 0.741211
2 0.501823 0.555556 0.143229 0.17037 0.817383
2 0.510417 0.428241 0.13125 0.184259 0.836914
2 0.532292 0.337963 0.1 0.12963 0.836914
2 0.298698 0.463889 0.124479 0.15 0.864258
2 0.344792 0.378704 0.108333 0.131481 0.871094
2 0.83125 0.214352 0.165625 0.121296 0.87207
2 0.964583 0.216204 0.0708333 0.119444 0.885742
2 0.253385 0.543056 0.118229 0.176852 0.893066
2 0.429167 0.780556 0.182292 0.32963 0.894531
2 0.371354 0.897222 0.223958 0.196296 0.913086
2 0.0838542 0.864815 0.167708 0.262963 0.913574
2 0.17474 0.644444 0.188021 0.274074 0.921387
