2 0.528125 0.361111 0.0989583 0.155556 0.262939
7 0.0479167 0.0898148 0.0510417 0.0722222 0.369873
7 0.0153646 0.124537 0.0307292 0.134259 0.392822
9 0.725 0.0962963 0.0104167 0.0611111 0.418701
7 0.529948 0.367593 0.100521 0.164815 0.543945
7 0.0804688 0.0569444 0.0661458 0.0861111 0.550293
2 0.0481771 0.0925926 0.0494792 0.0722222 0.59082
2 0.507812 0.452778 0.109375 0.205556 0.601074
9 0.565625 0.0430556 0.0104167 0.0509259 0.736328
9 0.585677 0.0444444 0.0109375 0.0518519 0.754883
2 0.863021 0.215278 0.171875 0.119444 0.762695
2 0.489062 0.55787 0.121875 0.184259 0.794434
2 0.339063 0.385185 0.10625 0.131481 0.851562
2 0.295833 0.466204 0.130208 0.15463 0.913086
2 0.461719 0.668981 0.132812 0.213889 0.913574
2 0.215104 0.603704 0.14375 0.196296 0.932129
