9 0.725 0.0962963 0.0104167 0.0611111 0.30127
7 0.528125 0.368519 0.102083 0.157407 0.398682
9 0.565625 0.0435185 0.0114583 0.0574074 0.421143
2 0.0177083 0.119907 0.0354167 0.128704 0.486084
9 0.585677 0.0435185 0.0109375 0.0518519 0.496826
7 0.507552 0.451389 0.118229 0.202778 0.541992
2 0.507552 0.451389 0.118229 0.200926 0.543457
2 0.158854 0.0175926 0.0552083 0.0351852 0.625
2 0.0851562 0.0203704 0.0588542 0.0407407 0.686035
2 0.528385 0.362037 0.102604 0.146296 0.73584
2 0.0518229 0.0898148 0.0494792 0.0740741 0.797363
2 0.953125 0.214815 0.09375 0.12037 0.871582
2 0.335938 0.389352 0.107292 0.136111 0.907227
2 0.476823 0.615278 0.130729 0.200926 0.915039
2 0.285156 0.478241 0.129688 0.160185 0.922852
