2 0.00703125 0.124537 0.0140625 0.0731481 0.262207
9 0.72474 0.0967593 0.00989583 0.0601852 0.302002
2 0.0882813 0.0606481 0.0463542 0.0953704 0.331787
7 0.11901 0.037963 0.0578125 0.0740741 0.404053
2 0.0354167 0.0703704 0.0708333 0.137037 0.42041
7 0.0351562 0.0717593 0.0703125 0.139815 0.440186
9 0.565885 0.0430556 0.0109375 0.0509259 0.644043
9 0.585677 0.0439815 0.0109375 0.0509259 0.693848
2 0.389583 0.208796 0.166667 0.119444 0.788086
2 0.289583 0.474074 0.109375 0.155556 0.789551
2 0.0653646 0.880556 0.130729 0.231481 0.857422
2 0.53125 0.385648 0.0989583 0.130556 0.889648
2 0.226302 0.553704 0.163021 0.242593 0.893555
2 0.338542 0.387963 0.0989583 0.135185 0.900391
2 0.828646 0.214815 0.165625 0.122222 0.902832
2 0.407292 0.844444 0.202083 0.303704 0.91748
2 0.504427 0.4875 0.104687 0.160185 0.919922
2 0.458333 0.643056 0.15625 0.278704 0.920898
2 0.127083 0.746296 0.2 0.266667 0.924316
