2 0.00807292 0.124074 0.0161458 0.0851852 0.315918
7 0.110937 0.0375 0.0739583 0.075 0.480469
7 0.0356771 0.0907407 0.0703125 0.103704 0.586426
7 0.0645833 0.0523148 0.0947917 0.10463 0.594238
9 0.565885 0.0430556 0.0109375 0.0509259 0.654785
9 0.585677 0.0444444 0.0109375 0.0518519 0.692871
7 0.530729 0.358333 0.115625 0.172222 0.699707
2 0.803646 0.215278 0.159375 0.119444 0.702637
2 0.476562 0.143056 0.05625 0.0731481 0.806641
2 0.492188 0.552315 0.111458 0.167593 0.822266
2 0.510677 0.463889 0.0984375 0.15 0.855469
2 0.964583 0.215741 0.0708333 0.12037 0.880371
2 0.289323 0.476852 0.111979 0.159259 0.882812
2 0.338021 0.396759 0.105208 0.134259 0.889648
2 0.453906 0.663889 0.158854 0.287037 0.897949
2 0.407813 0.844444 0.203125 0.303704 0.910156
2 0.0890625 0.85 0.176042 0.287037 0.927246
2 0.214323 0.575 0.168229 0.242593 0.935059
