7 0.0104167 0.109259 0.0208333 0.127778 0.357666
9 0.585938 0.0430556 0.0114583 0.0509259 0.370605
7 0.0809896 0.0532407 0.0661458 0.102778 0.385498
7 0.114063 0.0365741 0.0729167 0.0731481 0.481201
9 0.565885 0.0425926 0.0109375 0.05 0.565918
2 0.607292 0.087037 0.0479167 0.0796296 0.615723
7 0.0364583 0.0898148 0.06875 0.1 0.618164
7 0.523698 0.355093 0.107813 0.149074 0.713867
2 0.345573 0.375463 0.108854 0.130556 0.839355
2 0.298438 0.463889 0.125 0.151852 0.858887
2 0.510156 0.465278 0.0994792 0.150926 0.871582
2 0.253906 0.543981 0.119271 0.176852 0.887207
2 0.964583 0.216667 0.0708333 0.118519 0.887695
2 0.80599 0.213889 0.160938 0.12037 0.895996
2 0.436198 0.729167 0.150521 0.312037 0.90332
2 0.390625 0.895833 0.233333 0.199074 0.910156
2 0.485156 0.566667 0.120312 0.187037 0.911133
2 0.0838542 0.865278 0.167708 0.265741 0.913086
2 0.17474 0.643981 0.188021 0.273148 0.924805
