0 0.89375 0.189352 0.01875 0.0305556 0.255371
9 0.72474 0.0958333 0.00989583 0.062037 0.36499
2 0.0174479 0.121759 0.0348958 0.130556 0.371826
7 0.0174479 0.120833 0.0348958 0.126852 0.38916
7 0.527865 0.368981 0.102604 0.158333 0.424805
7 0.139583 0.0273148 0.059375 0.0546296 0.437256
2 0.139844 0.0277778 0.0598958 0.0555556 0.460938
2 0.0585938 0.0314815 0.0609375 0.062963 0.496826
7 0.507031 0.452778 0.118229 0.203704 0.531738
7 0.0596354 0.0310185 0.0619792 0.062037 0.553223
2 0.507812 0.452778 0.117708 0.201852 0.617188
9 0.565625 0.0430556 0.0114583 0.0509259 0.699219
9 0.585677 0.0439815 0.0109375 0.0509259 0.725098
2 0.528385 0.362963 0.102604 0.148148 0.734863
2 0.0528646 0.0888889 0.0484375 0.0777778 0.743164
2 0.910937 0.216204 0.169792 0.117593 0.759766
2 0.33776 0.388426 0.103646 0.134259 0.886719
2 0.29349 0.463889 0.128646 0.153704 0.915527
2 0.484896 0.581481 0.119792 0.188889 0.922363
