2 0.0174479 0.116667 0.0348958 0.133333 0.304688
7 0.0174479 0.110185 0.0348958 0.137037 0.440674
2 0.0882813 0.0523148 0.0671875 0.0916667 0.448975
2 0.504948 0.450926 0.113021 0.190741 0.479492
7 0.0880208 0.0532407 0.0677083 0.0916667 0.504883
7 0.527344 0.371759 0.100521 0.165741 0.511719
7 0.504948 0.451852 0.114063 0.196296 0.555664
2 0.528125 0.37037 0.102083 0.162963 0.594727
2 0.0518229 0.0912037 0.0494792 0.0731481 0.679199
2 0.882292 0.215278 0.16875 0.119444 0.712891
9 0.585677 0.0449074 0.0119792 0.0546296 0.757324
9 0.565625 0.0425926 0.0104167 0.05 0.771484
2 0.33776 0.3875 0.103646 0.132407 0.879883
2 0.488802 0.567593 0.119271 0.187037 0.905762
2 0.294531 0.463889 0.132812 0.153704 0.916016
