9 0.725 0.0967593 0.0104167 0.0601852 0.347412
7 0.0419271 0.0981481 0.0494792 0.0759259 0.383545
7 0.0307292 0.0347222 0.0614583 0.0694444 0.393311
7 0.0114583 0.113889 0.0229167 0.127778 0.419678
2 0.0419271 0.0976852 0.0494792 0.075 0.432861
7 0.0671875 0.0666667 0.0760417 0.0962963 0.498291
7 0.102344 0.0402778 0.0765625 0.0805556 0.510254
2 0.46875 0.638889 0.127083 0.162963 0.688965
9 0.565885 0.0425926 0.0109375 0.05 0.72168
9 0.585677 0.0439815 0.0109375 0.0509259 0.743164
2 0.501823 0.556481 0.143229 0.172222 0.815918
2 0.532031 0.337963 0.0994792 0.12963 0.820312
2 0.826302 0.215278 0.166146 0.123148 0.831055
2 0.510417 0.428241 0.13125 0.184259 0.833496
2 0.298698 0.463889 0.125521 0.15 0.863281
2 0.344531 0.378241 0.107813 0.130556 0.877441
2 0.964583 0.216204 0.0708333 0.119444 0.883789
2 0.427344 0.781018 0.179688 0.328704 0.884766
2 0.253385 0.543519 0.118229 0.175926 0.89209
2 0.374219 0.898148 0.228646 0.196296 0.905762
2 0.0838542 0.864815 0.167708 0.262963 0.913086
2 0.17474 0.644444 0.189063 0.274074 0.922363
