2 0.0078125 0.123611 0.015625 0.0842593 0.298584
7 0.0354167 0.0916667 0.0697917 0.0944444 0.415771
7 0.116146 0.0365741 0.0614583 0.0731481 0.521973
7 0.0598958 0.0518519 0.109375 0.103704 0.545898
9 0.565885 0.0425926 0.0109375 0.05 0.71582
9 0.585677 0.0439815 0.0109375 0.0509259 0.733887
2 0.290104 0.474537 0.107292 0.156481 0.81543
2 0.339063 0.388889 0.101042 0.135185 0.856934
2 0.492969 0.549074 0.113021 0.172222 0.861328
2 0.0653646 0.881481 0.130729 0.22963 0.86377
2 0.734115 0.287037 0.178646 0.138889 0.86377
2 0.660937 0.211574 0.163542 0.115741 0.880371
2 0.923958 0.216667 0.152083 0.118519 0.893066
2 0.226042 0.553704 0.1625 0.242593 0.902832
2 0.453906 0.663889 0.158854 0.287037 0.904785
2 0.519271 0.406944 0.0927083 0.130556 0.908203
2 0.407813 0.843982 0.203125 0.302778 0.918945
2 0.127083 0.746296 0.2 0.266667 0.927734
