9 0.725 0.0967593 0.0104167 0.0601852 0.322266
2 0.03125 0.0976852 0.0625 0.0953704 0.328369
7 0.0309896 0.0962963 0.0619792 0.0962963 0.349365
0 0.376823 0.393981 0.0255208 0.115741 0.35083
7 0.115365 0.0365741 0.0609375 0.0712963 0.381348
2 0.0585938 0.0527778 0.109896 0.105556 0.398926
7 0.0583333 0.0546296 0.111458 0.105556 0.514648
9 0.565104 0.0435185 0.0125 0.0518519 0.625
9 0.585677 0.0444444 0.0109375 0.0518519 0.69873
2 0.530469 0.383333 0.100521 0.131481 0.757812
2 0.510156 0.45463 0.0953125 0.153704 0.815918
2 0.333854 0.385648 0.0864583 0.130556 0.834473
2 0.29375 0.463426 0.104167 0.15463 0.844238
2 0.949219 0.215741 0.101562 0.12037 0.84668
2 0.0653646 0.882407 0.130729 0.227778 0.873047
2 0.81875 0.215278 0.166667 0.121296 0.90918
2 0.476823 0.569907 0.135937 0.25463 0.909668
2 0.126563 0.746759 0.2 0.265741 0.921875
2 0.225781 0.555093 0.163021 0.241667 0.925781
2 0.416667 0.814352 0.183333 0.341667 0.933594
