2 0.167187 0.0125 0.0520833 0.025 0.278076
9 0.725 0.0958333 0.0104167 0.062037 0.298584
7 0.167448 0.0125 0.0515625 0.025 0.336182
7 0.528125 0.369907 0.102083 0.160185 0.377686
7 0.507292 0.453241 0.11875 0.208333 0.477051
2 0.0177083 0.118056 0.0354167 0.121296 0.511719
9 0.566146 0.0398148 0.0114583 0.0574074 0.519531
2 0.542188 0.0319444 0.0416667 0.0638889 0.530273
2 0.507292 0.452778 0.11875 0.205556 0.541016
2 0.0955729 0.0152778 0.0567708 0.0305556 0.644043
9 0.585677 0.0435185 0.0109375 0.05 0.70752
2 0.528385 0.363426 0.102604 0.150926 0.724121
2 0.0513021 0.0902778 0.0494792 0.0731481 0.782715
2 0.971875 0.216667 0.05625 0.12037 0.821777
2 0.335677 0.389352 0.108854 0.136111 0.909668
2 0.277865 0.493056 0.131771 0.163889 0.925293
2 0.470573 0.623611 0.126563 0.199074 0.926758
