2 0.111458 0.0416667 0.0572917 0.0833333 0.314697
2 0.0700521 0.0643518 0.0682292 0.112037 0.320068
7 0.0723958 0.0606481 0.0677083 0.110185 0.391602
2 0.0122396 0.115741 0.0244792 0.135185 0.413818
7 0.111719 0.0421296 0.0567708 0.0842593 0.424561
2 0.0416667 0.0972222 0.0510417 0.0722222 0.648926
2 0.469271 0.646759 0.126042 0.180556 0.681641
9 0.585677 0.0453704 0.0119792 0.0555556 0.749512
9 0.565625 0.0430556 0.0104167 0.0509259 0.769043
2 0.509896 0.428241 0.132292 0.182407 0.800293
2 0.501823 0.556019 0.143229 0.171296 0.814941
2 0.835938 0.214815 0.165625 0.12037 0.819336
2 0.53125 0.340278 0.0989583 0.128704 0.822754
2 0.298958 0.4625 0.123958 0.149074 0.86377
2 0.964583 0.216667 0.0708333 0.118519 0.87793
2 0.342187 0.380093 0.107292 0.132407 0.888672
2 0.253646 0.543056 0.11875 0.176852 0.890625
2 0.0825521 0.867593 0.164062 0.255556 0.898438
2 0.17474 0.644444 0.188021 0.274074 0.916992
2 0.427344 0.780556 0.182812 0.32963 0.916992
