9 0.725 0.0962963 0.0104167 0.0611111 0.354492
7 0.119792 0.0375 0.053125 0.075 0.418945
7 0.0799479 0.0555556 0.0671875 0.0907407 0.421875
2 0.0130208 0.127315 0.0260417 0.132407 0.496826
2 0.119792 0.0375 0.0520833 0.075 0.544434
2 0.0799479 0.0564815 0.0671875 0.0907407 0.620117
9 0.566146 0.0453704 0.0114583 0.0555556 0.638672
2 0.516146 0.458333 0.119792 0.22037 0.66748
9 0.585677 0.0444444 0.0109375 0.0518519 0.716797
2 0.0463542 0.0930556 0.0520833 0.0712963 0.80127
2 0.529688 0.345833 0.1 0.132407 0.804688
2 0.494792 0.560648 0.13125 0.175 0.809082
2 0.848437 0.215741 0.171875 0.122222 0.818848
2 0.341406 0.382407 0.109896 0.133333 0.828613
2 0.298958 0.462963 0.125 0.148148 0.856445
2 0.379427 0.898148 0.229687 0.196296 0.911621
2 0.463542 0.666667 0.135417 0.216667 0.912109
2 0.246875 0.547222 0.13125 0.181481 0.921387
2 0.0880208 0.837963 0.175 0.316667 0.931641
