2 0.0864583 0.0597222 0.0510417 0.0953704 0.294678
7 0.0854167 0.0578704 0.0520833 0.0972222 0.340332
7 0.0348958 0.0722222 0.0697917 0.142593 0.375488
7 0.116406 0.037963 0.0640625 0.0740741 0.413574
2 0.00963542 0.111574 0.0192708 0.117593 0.484863
2 0.0354167 0.0708333 0.0708333 0.139815 0.585938
9 0.585156 0.0439815 0.0109375 0.0509259 0.669922
9 0.565625 0.0425926 0.0104167 0.05 0.682617
7 0.526302 0.354167 0.111979 0.15463 0.6875
2 0.297917 0.463889 0.125 0.15 0.827148
2 0.345833 0.373148 0.105208 0.131481 0.836914
2 0.491927 0.560185 0.111979 0.181481 0.842773
2 0.510417 0.463426 0.0979167 0.149074 0.853027
2 0.447396 0.681019 0.153125 0.308333 0.871582
2 0.253906 0.543519 0.119271 0.175926 0.875977
2 0.964583 0.216204 0.0708333 0.119444 0.886719
2 0.80599 0.213889 0.160938 0.12037 0.888672
2 0.384375 0.880556 0.20625 0.227778 0.90332
2 0.0841146 0.864815 0.167187 0.266667 0.91748
2 0.17474 0.644444 0.188021 0.274074 0.923828
