2 0.46875 0.649537 0.127083 0.180556 0.29834
7 0.0479167 0.0787037 0.0583333 0.0851852 0.307617
7 0.119531 0.0375 0.0536458 0.075 0.343262
7 0.0664062 0.05 0.0911458 0.0981481 0.398926
7 0.0132813 0.118981 0.0265625 0.165741 0.412598
2 0.0466146 0.0925926 0.0515625 0.0722222 0.629395
2 0.483333 0.571296 0.152083 0.2 0.729492
2 0.529948 0.345833 0.100521 0.132407 0.73877
9 0.585677 0.0453704 0.0119792 0.0555556 0.745605
2 0.517187 0.458796 0.119792 0.221296 0.751465
9 0.565625 0.0430556 0.0104167 0.0509259 0.760254
2 0.847135 0.215278 0.170312 0.121296 0.838379
2 0.298698 0.463426 0.124479 0.149074 0.86084
2 0.341146 0.381481 0.109375 0.131481 0.865723
2 0.964844 0.216204 0.0703125 0.119444 0.876953
2 0.253646 0.54213 0.11875 0.175 0.876953
2 0.426562 0.781482 0.18125 0.331481 0.911621
2 0.176302 0.643519 0.192188 0.272222 0.926758
