7 0.0130208 0.11713 0.0260417 0.163889 0.269531
2 0.0661458 0.0509259 0.0927083 0.101852 0.291992
7 0.119531 0.037037 0.0536458 0.0740741 0.305176
2 0.119792 0.037037 0.053125 0.0740741 0.320801
5 0.0130208 0.113426 0.0260417 0.160185 0.32666
2 0.471615 0.630093 0.133854 0.175 0.344727
7 0.0669271 0.05 0.0932292 0.1 0.498291
2 0.0471354 0.0925926 0.0505208 0.0722222 0.668457
2 0.483854 0.57037 0.151042 0.198148 0.734375
9 0.585677 0.0453704 0.0119792 0.0555556 0.745605
2 0.517187 0.45787 0.11875 0.221296 0.747559
9 0.565625 0.0430556 0.0104167 0.0509259 0.761719
2 0.529948 0.34537 0.100521 0.131481 0.769043
2 0.846615 0.214815 0.169271 0.12037 0.837402
2 0.298698 0.462963 0.124479 0.148148 0.859375
2 0.341146 0.381944 0.109375 0.132407 0.867676
2 0.964844 0.216204 0.0703125 0.119444 0.876953
2 0.253906 0.54213 0.118229 0.175 0.88623
2 0.426562 0.781018 0.180208 0.330556 0.913086
2 0.176042 0.643056 0.191667 0.271296 0.927246
