0 0.865625 0.189352 0.01875 0.0342593 0.327393
9 0.725 0.0962963 0.0104167 0.0611111 0.39917
7 0.527604 0.368056 0.103125 0.156481 0.415283
7 0.507031 0.453704 0.117188 0.207407 0.537109
2 0.0177083 0.114352 0.0354167 0.130556 0.538086
2 0.507292 0.452315 0.116667 0.200926 0.549316
2 0.0330729 0.0324074 0.0661458 0.0648148 0.673828
2 0.882812 0.215741 0.16875 0.12037 0.709961
2 0.121354 0.0375 0.0635417 0.075 0.720703
2 0.528385 0.360185 0.102604 0.142593 0.72168
9 0.565885 0.0425926 0.0109375 0.05 0.741211
9 0.585677 0.0439815 0.0109375 0.0509259 0.753418
2 0.0518229 0.0907407 0.0494792 0.0740741 0.784668
2 0.3375 0.387963 0.104167 0.133333 0.867676
2 0.488542 0.567593 0.11875 0.187037 0.907715
2 0.29401 0.463889 0.130729 0.153704 0.91748
