0 0.371615 0.4 0.0338542 0.124074 0.343262
2 0.00833333 0.124074 0.0166667 0.0814815 0.387451
7 0.0846354 0.0550926 0.0536458 0.100926 0.455811
7 0.115625 0.037037 0.0625 0.0740741 0.515137
2 0.0356771 0.0893519 0.0703125 0.100926 0.535645
7 0.0359375 0.087037 0.06875 0.0981481 0.566406
7 0.530469 0.358796 0.114063 0.173148 0.711426
9 0.585417 0.0453704 0.0125 0.0555556 0.730469
9 0.565625 0.0430556 0.0114583 0.0509259 0.745605
2 0.28776 0.476389 0.111979 0.158333 0.802246
2 0.334115 0.396296 0.0973958 0.133333 0.815918
2 0.491927 0.552315 0.111979 0.167593 0.841797
2 0.791146 0.215278 0.167708 0.119444 0.859375
2 0.510677 0.462963 0.0984375 0.15 0.864746
2 0.0666667 0.88287 0.133333 0.228704 0.879395
2 0.964583 0.216204 0.0708333 0.119444 0.885742
2 0.226042 0.553241 0.1625 0.243519 0.88623
2 0.453385 0.663889 0.158854 0.287037 0.896973
2 0.407813 0.844444 0.203125 0.301852 0.915527
2 0.126823 0.746296 0.200521 0.266667 0.927246
