2 0.505208 0.450926 0.114583 0.196296 0.327393
9 0.72474 0.0962963 0.00989583 0.0611111 0.423828
7 0.0174479 0.100463 0.0348958 0.171296 0.486084
7 0.527083 0.372222 0.1 0.168519 0.529785
7 0.505208 0.456019 0.114583 0.206481 0.583008
2 0.528385 0.371296 0.102604 0.164815 0.694824
2 0.882292 0.216204 0.16875 0.119444 0.697266
2 0.0973958 0.0467593 0.065625 0.087963 0.704102
9 0.565885 0.0425926 0.0109375 0.05 0.740723
9 0.585677 0.0439815 0.0109375 0.0509259 0.753906
2 0.0523437 0.0916667 0.0473958 0.0759259 0.782715
2 0.3375 0.3875 0.104167 0.132407 0.883301
2 0.488542 0.568519 0.11875 0.187037 0.90918
2 0.294531 0.463889 0.132812 0.153704 0.919434
