2 0.0174479 0.118519 0.0348958 0.12963 0.266602
9 0.72474 0.0958333 0.00989583 0.062037 0.418945
7 0.0518229 0.0893519 0.0505208 0.075 0.439453
7 0.0174479 0.113889 0.0348958 0.12963 0.47998
7 0.527344 0.37037 0.100521 0.164815 0.488037
7 0.505208 0.454167 0.114583 0.200926 0.526367
2 0.504948 0.453241 0.114063 0.197222 0.55127
7 0.0893229 0.0532407 0.0671875 0.0898148 0.596191
2 0.0515625 0.0912037 0.0489583 0.0731481 0.630371
2 0.528125 0.368981 0.102083 0.160185 0.640625
2 0.882292 0.215741 0.16875 0.12037 0.716797
9 0.565885 0.0425926 0.0109375 0.05 0.740723
9 0.585677 0.0439815 0.0109375 0.0509259 0.753418
2 0.33776 0.388426 0.103646 0.132407 0.885254
2 0.488802 0.56713 0.119271 0.187963 0.90332
2 0.294531 0.463889 0.132812 0.153704 0.91748
