0 0.994531 0.186111 0.0109375 0.0314815 0.274414
2 0.0078125 0.123148 0.015625 0.0833333 0.289307
7 0.0354167 0.0796296 0.0697917 0.118519 0.412109
0 0.964063 0.187037 0.015625 0.0314815 0.434814
7 0.0598958 0.0523148 0.10625 0.10463 0.468262
7 0.117969 0.037037 0.0588542 0.0740741 0.525391
9 0.565885 0.0430556 0.0109375 0.0509259 0.699219
9 0.585677 0.0439815 0.0109375 0.0509259 0.728516
2 0.290104 0.474537 0.107292 0.156481 0.777344
2 0.660937 0.305093 0.169792 0.158333 0.790039
2 0.71849 0.213426 0.166146 0.119444 0.820801
2 0.492188 0.550926 0.115625 0.161111 0.854004
2 0.065625 0.880556 0.13125 0.231481 0.855469
2 0.339063 0.389352 0.101042 0.136111 0.855957
2 0.945833 0.215278 0.108333 0.117593 0.881836
2 0.51276 0.43287 0.0953125 0.14537 0.888672
2 0.453906 0.662963 0.158854 0.285185 0.902832
2 0.226042 0.554167 0.1625 0.243519 0.903809
2 0.407813 0.844444 0.203125 0.301852 0.91748
2 0.127083 0.746296 0.2 0.266667 0.925293
