7 0.505208 0.453241 0.11875 0.210185 0.328369
9 0.725 0.0967593 0.0104167 0.0601852 0.374756
7 0.0802083 0.0583333 0.0677083 0.087037 0.456787
2 0.0799479 0.0583333 0.0682292 0.0888889 0.526367
2 0.0153646 0.122685 0.0307292 0.126852 0.586914
9 0.566146 0.0453704 0.0114583 0.0555556 0.620605
2 0.529427 0.35787 0.100521 0.147222 0.685059
9 0.585677 0.0444444 0.0109375 0.0518519 0.709961
2 0.863021 0.215278 0.171875 0.117593 0.720215
2 0.507031 0.455093 0.117188 0.20463 0.720703
2 0.0479167 0.0939815 0.05 0.0731481 0.80957
2 0.339063 0.383796 0.105208 0.128704 0.891602
2 0.486198 0.565741 0.117188 0.187037 0.90625
2 0.445312 0.743981 0.148958 0.236111 0.925293
2 0.295573 0.465741 0.132812 0.155556 0.92627
2 0.191667 0.644907 0.154167 0.202778 0.934082
