7 0.0296875 0.0828704 0.0552083 0.0972222 0.252197
2 0.00859375 0.112037 0.0171875 0.118519 0.281494
9 0.725 0.0972222 0.0104167 0.0592593 0.373291
7 0.0242187 0.0398148 0.0484375 0.0685185 0.47168
7 0.0692708 0.0662037 0.071875 0.0990741 0.489746
7 0.10651 0.0398148 0.0786458 0.0796296 0.570801
9 0.565625 0.0425926 0.0104167 0.05 0.708984
9 0.585677 0.0444444 0.0109375 0.0518519 0.72998
2 0.46849 0.644444 0.126563 0.174074 0.742676
2 0.0390625 0.0981481 0.0552083 0.0740741 0.744141
2 0.509896 0.427778 0.13125 0.183333 0.795898
2 0.532812 0.33287 0.096875 0.132407 0.833984
2 0.822917 0.215278 0.16875 0.121296 0.833984
2 0.502344 0.555093 0.141146 0.169444 0.838867
2 0.34375 0.376852 0.104167 0.12963 0.870117
2 0.298438 0.4625 0.125 0.147222 0.871094
2 0.436458 0.731481 0.160417 0.225926 0.872559
2 0.964583 0.216204 0.0708333 0.119444 0.884766
2 0.396354 0.889352 0.240625 0.208333 0.889648
2 0.253385 0.543519 0.118229 0.175926 0.895508
2 0.0841146 0.864352 0.168229 0.263889 0.910645
2 0.17474 0.643981 0.188021 0.273148 0.920898
