9 0.725 0.0972222 0.0104167 0.0592593 0.387451
7 0.0682292 0.0657407 0.075 0.0981481 0.501465
7 0.025 0.0421296 0.05 0.0842593 0.505371
2 0.510156 0.430093 0.128646 0.187963 0.516113
7 0.111719 0.0393519 0.0609375 0.0787037 0.571289
7 0.510417 0.431019 0.129167 0.189815 0.608887
7 0.540625 0.318519 0.0958333 0.146296 0.67041
9 0.566146 0.0458333 0.0135417 0.0583333 0.682129
2 0.541406 0.319907 0.0963542 0.147222 0.703613
2 0.467708 0.6375 0.127083 0.163889 0.706543
9 0.585677 0.0449074 0.0119792 0.0509259 0.729492
2 0.0322917 0.100926 0.0635417 0.0777778 0.759766
2 0.502604 0.556019 0.140625 0.169444 0.830566
2 0.344271 0.377315 0.10625 0.130556 0.848633
2 0.296875 0.462963 0.129167 0.148148 0.848633
2 0.435937 0.7375 0.160417 0.234259 0.872559
2 0.253906 0.542593 0.119271 0.175926 0.872559
2 0.964063 0.216667 0.071875 0.118519 0.875977
2 0.817969 0.214815 0.166146 0.122222 0.884766
2 0.084375 0.865741 0.167708 0.266667 0.898438
2 0.39375 0.893519 0.239583 0.2 0.904297
2 0.174479 0.643981 0.189583 0.275 0.922363
