7 0.527083 0.368056 0.1 0.156481 0.396729
7 0.0515625 0.0912037 0.0489583 0.0731481 0.453125
2 0.50599 0.455093 0.117188 0.202778 0.486328
7 0.0174479 0.117593 0.0348958 0.122222 0.494873
7 0.0815104 0.0587963 0.0651042 0.0916667 0.499023
2 0.0515625 0.0902778 0.0489583 0.0731481 0.50293
7 0.505729 0.456019 0.117708 0.20463 0.601074
2 0.882292 0.215741 0.16875 0.12037 0.716309
2 0.528125 0.362963 0.102083 0.15 0.73584
9 0.585677 0.0449074 0.0119792 0.0546296 0.757812
9 0.565625 0.0425926 0.0104167 0.05 0.771484
2 0.33776 0.387037 0.104687 0.131481 0.876465
2 0.488542 0.567593 0.11875 0.187037 0.905273
2 0.294792 0.463889 0.132292 0.153704 0.915039
