2 0.46875 0.650926 0.127083 0.183333 0.260498
2 0.0130208 0.125463 0.0260417 0.147222 0.444092
7 0.0643229 0.0513889 0.0984375 0.0972222 0.509277
2 0.0455729 0.0930556 0.0546875 0.0731481 0.640137
2 0.529948 0.345833 0.100521 0.132407 0.721191
2 0.482812 0.576389 0.153125 0.208333 0.740723
9 0.585677 0.0453704 0.0119792 0.0555556 0.74707
2 0.517187 0.458796 0.119792 0.223148 0.754395
9 0.565625 0.0430556 0.0104167 0.0509259 0.761719
2 0.846875 0.214815 0.170833 0.12037 0.833496
2 0.298698 0.4625 0.124479 0.149074 0.863281
2 0.253385 0.543056 0.118229 0.175 0.866699
2 0.964844 0.216667 0.0703125 0.118519 0.874512
2 0.341406 0.381481 0.108854 0.131481 0.878906
2 0.427344 0.781944 0.181771 0.330556 0.90918
2 0.176823 0.643056 0.193229 0.271296 0.925293
