0 0.989583 0.189815 0.01875 0.0333333 0.309814
9 0.72474 0.0962963 0.00989583 0.0611111 0.321045
7 0.528125 0.368981 0.102083 0.158333 0.395752
7 0.507292 0.452778 0.11875 0.205556 0.503906
2 0.507552 0.452315 0.118229 0.202778 0.535156
2 0.0177083 0.121296 0.0354167 0.12963 0.552734
9 0.565625 0.0407407 0.0125 0.0537037 0.616211
2 0.161458 0.0157407 0.053125 0.0314815 0.67334
9 0.585677 0.0435185 0.0119792 0.0518519 0.695312
2 0.0885417 0.0189815 0.059375 0.037963 0.704102
2 0.528385 0.3625 0.102604 0.147222 0.746094
2 0.0520833 0.0902778 0.05 0.0731481 0.809082
2 0.958333 0.215278 0.08125 0.119444 0.885742
2 0.335938 0.389352 0.107292 0.136111 0.907715
2 0.475781 0.618519 0.130729 0.201852 0.922363
2 0.283333 0.483333 0.13125 0.161111 0.925293
