2 0.0614583 0.0523148 0.102083 0.10463 0.263184
9 0.725 0.0967593 0.0104167 0.0601852 0.27832
2 0.00755208 0.123611 0.0151042 0.0805556 0.313721
7 0.0851562 0.0555556 0.0536458 0.103704 0.333496
2 0.0356771 0.0712963 0.0703125 0.137037 0.350586
7 0.0354167 0.0699074 0.0697917 0.134259 0.402832
7 0.119531 0.037037 0.0546875 0.0740741 0.503418
7 0.539583 0.352778 0.125 0.172222 0.675293
9 0.565885 0.0430556 0.0109375 0.0509259 0.692871
9 0.585677 0.0444444 0.0109375 0.0518519 0.720215
2 0.288281 0.474537 0.103646 0.156481 0.769043
2 0.491927 0.551852 0.111979 0.166667 0.822266
2 0.334375 0.389352 0.0927083 0.136111 0.825684
2 0.791146 0.215278 0.167708 0.119444 0.841309
2 0.0653646 0.880556 0.130729 0.231481 0.860352
2 0.510677 0.462963 0.0994792 0.151852 0.870605
2 0.964583 0.215741 0.0708333 0.12037 0.882324
2 0.453385 0.663889 0.158854 0.287037 0.895508
2 0.226042 0.553704 0.1625 0.242593 0.907715
2 0.407813 0.844444 0.203125 0.303704 0.91748
2 0.127083 0.746296 0.2 0.266667 0.926758
