9 0.725 0.0967593 0.0104167 0.0601852 0.352295
7 0.110417 0.0375 0.0708333 0.075 0.448242
7 0.0796875 0.0550926 0.0677083 0.0898148 0.475098
2 0.0130208 0.128241 0.0260417 0.137963 0.557129
2 0.0794271 0.0564815 0.0671875 0.0888889 0.561523
9 0.565885 0.0425926 0.0109375 0.05 0.722168
9 0.585677 0.0439815 0.0109375 0.0509259 0.73584
2 0.516927 0.458333 0.119271 0.224074 0.742188
2 0.49349 0.5625 0.133854 0.178704 0.752441
2 0.530208 0.346296 0.1 0.133333 0.769531
2 0.465625 0.663889 0.13125 0.209259 0.813965
2 0.0463542 0.0930556 0.053125 0.0712963 0.824219
2 0.340885 0.382407 0.109896 0.133333 0.836426
2 0.974219 0.218981 0.0515625 0.115741 0.838379
2 0.298958 0.463426 0.125 0.149074 0.843262
2 0.847656 0.215278 0.170312 0.119444 0.859375
2 0.248177 0.544444 0.127604 0.177778 0.891113
2 0.413281 0.825463 0.190104 0.334259 0.918457
2 0.148698 0.688889 0.200521 0.285185 0.927734
