9 0.725 0.0967593 0.0104167 0.0601852 0.261475
7 0.0229167 0.0435185 0.0458333 0.0851852 0.286377
2 0.00833333 0.123611 0.0166667 0.087963 0.324951
7 0.11276 0.037037 0.0703125 0.0740741 0.459717
2 0.530729 0.360648 0.119792 0.175 0.468506
7 0.0367187 0.0861111 0.0703125 0.103704 0.524902
7 0.0682292 0.0527778 0.0885417 0.105556 0.544434
7 0.530729 0.358796 0.115625 0.173148 0.636719
9 0.565885 0.0430556 0.0109375 0.0509259 0.662598
9 0.585677 0.0444444 0.0109375 0.0518519 0.702637
2 0.805469 0.215278 0.157813 0.119444 0.790527
2 0.471354 0.151389 0.059375 0.0768519 0.822266
2 0.492188 0.552315 0.111458 0.167593 0.827637
2 0.510677 0.463889 0.0984375 0.15 0.85791
2 0.964583 0.215741 0.0708333 0.12037 0.879395
2 0.33776 0.396296 0.105729 0.133333 0.89209
2 0.286719 0.478704 0.109896 0.161111 0.894043
2 0.453906 0.663889 0.158854 0.287037 0.901855
2 0.0854167 0.858333 0.169792 0.272222 0.90332
2 0.407813 0.844444 0.203125 0.301852 0.915039
2 0.210938 0.581944 0.169792 0.250926 0.935059
