9 0.725 0.0962963 0.0104167 0.0611111 0.374268
7 0.0268229 0.0393519 0.0536458 0.075 0.530273
7 0.111719 0.0388889 0.0619792 0.0777778 0.555176
7 0.0682292 0.0662037 0.0708333 0.0916667 0.570312
7 0.55625 0.276389 0.0854167 0.147222 0.570801
2 0.0208333 0.114815 0.040625 0.0851852 0.669922
2 0.55625 0.277778 0.0854167 0.15 0.697266
9 0.565625 0.0425926 0.0104167 0.05 0.704102
2 0.46849 0.640741 0.127604 0.17037 0.720703
9 0.585677 0.0439815 0.0109375 0.0509259 0.730957
7 0.508073 0.40463 0.104687 0.188889 0.753906
2 0.502865 0.556019 0.140104 0.163889 0.839355
2 0.34401 0.375926 0.103646 0.12963 0.844238
2 0.298958 0.462963 0.125 0.148148 0.870117
2 0.964583 0.216204 0.0708333 0.119444 0.885742
2 0.435677 0.733796 0.160938 0.239815 0.88916
2 0.253906 0.543056 0.119271 0.176852 0.899414
2 0.817187 0.215741 0.165625 0.12037 0.899902
2 0.392708 0.894444 0.238542 0.2 0.905762
2 0.0841146 0.866667 0.168229 0.266667 0.912109
2 0.17474 0.644444 0.189063 0.274074 0.92627
