2 0.00807292 0.124537 0.0161458 0.0842593 0.324707
7 0.111198 0.0375 0.0734375 0.075 0.455078
7 0.0671875 0.0527778 0.090625 0.105556 0.467773
7 0.0361979 0.087963 0.0703125 0.103704 0.532227
9 0.565885 0.0430556 0.0109375 0.0509259 0.643066
7 0.530469 0.35787 0.115104 0.171296 0.661621
9 0.585677 0.0444444 0.0109375 0.0518519 0.685547
2 0.289323 0.477315 0.108854 0.158333 0.825195
2 0.492188 0.552315 0.111458 0.167593 0.82959
2 0.486719 0.128241 0.0536458 0.0694444 0.838379
2 0.510677 0.463889 0.0984375 0.15 0.857422
2 0.336979 0.396759 0.104167 0.134259 0.869629
2 0.790625 0.215278 0.166667 0.121296 0.872559
2 0.964583 0.216204 0.0708333 0.119444 0.882324
2 0.453906 0.663426 0.158854 0.286111 0.900879
2 0.407813 0.843518 0.204167 0.301852 0.911621
2 0.0986979 0.811111 0.197396 0.285185 0.921387
2 0.216667 0.568056 0.166667 0.24537 0.936523
