2 0.0653646 0.0712963 0.0765625 0.1 0.26416
0 0.8125 0.186574 0.0208333 0.0324074 0.275635
9 0.725 0.0967593 0.0104167 0.0601852 0.344482
7 0.0111979 0.112037 0.0223958 0.131481 0.355957
7 0.0322917 0.0333333 0.0625 0.0666667 0.390381
7 0.06875 0.0680556 0.0739583 0.0972222 0.443848
7 0.102604 0.0398148 0.078125 0.0796296 0.531738
2 0.0414063 0.0972222 0.0505208 0.0740741 0.544434
2 0.46875 0.640741 0.127083 0.166667 0.697266
9 0.565885 0.0425926 0.0109375 0.05 0.725098
9 0.585677 0.0439815 0.0109375 0.0509259 0.743652
2 0.501823 0.555556 0.142188 0.17037 0.818359
2 0.532292 0.3375 0.1 0.130556 0.838379
2 0.510417 0.428241 0.13125 0.184259 0.842285
2 0.298438 0.463426 0.125 0.149074 0.859375
2 0.827083 0.214815 0.16875 0.118519 0.864258
2 0.428125 0.780556 0.180208 0.327778 0.875977
2 0.344531 0.378704 0.108854 0.131481 0.875977
2 0.964583 0.216204 0.0708333 0.119444 0.890625
2 0.253385 0.543519 0.118229 0.175926 0.890625
2 0.373437 0.897222 0.227083 0.196296 0.908691
2 0.0838542 0.865278 0.167708 0.265741 0.914062
2 0.17474 0.644444 0.189063 0.274074 0.92334
