9 0.585677 0.0421296 0.0119792 0.0601852 0.262939
0 0.371094 0.399537 0.0338542 0.123148 0.361572
9 0.565104 0.0430556 0.0125 0.0509259 0.421387
2 0.00859375 0.122685 0.0171875 0.0861111 0.448486
7 0.0367187 0.0842593 0.0703125 0.1 0.483154
7 0.117448 0.037037 0.0588542 0.0740741 0.493896
7 0.0614583 0.0523148 0.104167 0.10463 0.57373
7 0.530469 0.357407 0.115104 0.168519 0.605957
2 0.0356771 0.0888889 0.0703125 0.101852 0.647949
2 0.286719 0.476852 0.114063 0.159259 0.79834
2 0.334375 0.396759 0.0979167 0.134259 0.810059
2 0.492188 0.552315 0.111458 0.167593 0.838379
2 0.791146 0.215278 0.167708 0.119444 0.86377
2 0.510677 0.463426 0.0984375 0.149074 0.867188
2 0.0658854 0.883333 0.131771 0.225926 0.868652
2 0.225781 0.553241 0.161979 0.243519 0.880371
2 0.964583 0.216204 0.0708333 0.119444 0.888184
2 0.453385 0.663889 0.158854 0.287037 0.893555
2 0.126823 0.746759 0.200521 0.267593 0.916504
2 0.407813 0.844444 0.203125 0.303704 0.916992
