2 0.00833333 0.123148 0.0166667 0.0851852 0.413086
7 0.117969 0.037037 0.0557292 0.0740741 0.478027
7 0.0369792 0.0842593 0.0708333 0.0981481 0.504883
2 0.0356771 0.0893519 0.0703125 0.100926 0.538574
7 0.0604167 0.0523148 0.105208 0.10463 0.583984
7 0.530729 0.356944 0.115625 0.169444 0.632812
9 0.585417 0.0444444 0.0125 0.0555556 0.674805
9 0.565625 0.0430556 0.0104167 0.0509259 0.69043
2 0.28724 0.476389 0.114063 0.158333 0.799805
2 0.491927 0.551852 0.111979 0.166667 0.833984
2 0.336458 0.396296 0.102083 0.135185 0.853516
2 0.791146 0.214815 0.167708 0.118519 0.861816
2 0.510677 0.463889 0.0984375 0.15 0.865234
2 0.065625 0.883796 0.13125 0.225 0.883789
2 0.964583 0.216204 0.0708333 0.119444 0.888672
2 0.226042 0.553241 0.1625 0.243519 0.891113
2 0.453385 0.663889 0.158854 0.287037 0.894043
2 0.407813 0.844444 0.203125 0.301852 0.915039
2 0.126823 0.746759 0.200521 0.267593 0.921387
