7 0.0242187 0.0361111 0.0484375 0.0611111 0.357178
2 0.0427083 0.0976852 0.0479167 0.0731481 0.374756
7 0.0119792 0.105093 0.0239583 0.152778 0.392822
7 0.0427083 0.0976852 0.0479167 0.0731481 0.427246
7 0.06875 0.0666667 0.071875 0.0981481 0.496582
7 0.113281 0.0384259 0.0598958 0.0768519 0.508789
9 0.585677 0.0453704 0.0119792 0.0555556 0.746094
2 0.470052 0.643981 0.124479 0.169444 0.760254
9 0.565625 0.0430556 0.0104167 0.0509259 0.766602
2 0.500781 0.557407 0.145313 0.174074 0.815918
2 0.532031 0.337963 0.0994792 0.12963 0.815918
2 0.510417 0.428241 0.13125 0.184259 0.824707
2 0.822917 0.215278 0.16875 0.121296 0.835449
2 0.298177 0.4625 0.125521 0.147222 0.865234
2 0.344271 0.378241 0.108333 0.130556 0.884277
2 0.964583 0.216204 0.0708333 0.119444 0.885742
2 0.253385 0.543519 0.118229 0.175926 0.890137
2 0.434115 0.714815 0.173438 0.216667 0.891113
2 0.391146 0.881481 0.230208 0.22963 0.905273
2 0.0841146 0.865278 0.168229 0.265741 0.916504
2 0.174479 0.644444 0.188542 0.274074 0.921875
