7 0.110417 0.037037 0.071875 0.0740741 0.355713
9 0.72474 0.0962963 0.00989583 0.0611111 0.357666
7 0.08125 0.0527778 0.0645833 0.0962963 0.551758
2 0.0807292 0.0541667 0.0645833 0.0953704 0.576172
2 0.0132813 0.127778 0.0265625 0.137037 0.599609
9 0.565885 0.0425926 0.0109375 0.05 0.712891
9 0.585677 0.0439815 0.0109375 0.0509259 0.734863
2 0.482812 0.578704 0.154167 0.211111 0.767578
2 0.516927 0.457407 0.119271 0.222222 0.772949
2 0.530208 0.345833 0.1 0.132407 0.78418
2 0.0460938 0.0925926 0.0536458 0.0722222 0.834961
2 0.847135 0.214815 0.170312 0.12037 0.845215
2 0.298698 0.4625 0.125521 0.149074 0.859863
2 0.341146 0.382407 0.109375 0.133333 0.868164
2 0.964844 0.216204 0.0703125 0.117593 0.889648
2 0.253385 0.543056 0.119271 0.176852 0.897949
2 0.425781 0.783796 0.179688 0.328704 0.90625
2 0.173698 0.64537 0.188021 0.272222 0.928223
