0 0.819531 0.1875 0.0171875 0.0324074 0.257568
7 0.0416667 0.0967593 0.05 0.0712963 0.414062
7 0.0111979 0.115741 0.0223958 0.127778 0.428223
7 0.110417 0.0402778 0.0604167 0.0805556 0.513184
2 0.0416667 0.0967593 0.0510417 0.0712963 0.621094
2 0.469271 0.646296 0.126042 0.177778 0.682617
7 0.0710938 0.0574074 0.0682292 0.114815 0.695801
9 0.565625 0.0425926 0.0104167 0.05 0.721191
9 0.585156 0.0435185 0.0109375 0.0518519 0.724121
2 0.53125 0.3375 0.0979167 0.128704 0.791992
2 0.361979 0.95787 0.225 0.0787037 0.792969
2 0.510417 0.428704 0.13125 0.183333 0.803711
2 0.502344 0.556019 0.142188 0.171296 0.81543
2 0.835677 0.214815 0.166146 0.12037 0.831543
2 0.298958 0.462963 0.123958 0.148148 0.861328
2 0.342708 0.378704 0.10625 0.131481 0.879883
2 0.964583 0.216204 0.0708333 0.119444 0.882812
2 0.253385 0.543056 0.118229 0.176852 0.890625
2 0.426823 0.781944 0.181771 0.330556 0.912598
2 0.0841146 0.865278 0.168229 0.263889 0.916504
2 0.174479 0.643981 0.1875 0.275 0.917969
