7 0.0117188 0.108796 0.0234375 0.14537 0.38623
7 0.0242187 0.0375 0.0484375 0.062037 0.388916
2 0.0424479 0.0976852 0.0484375 0.0731481 0.392334
7 0.0427083 0.0981481 0.0479167 0.0740741 0.430176
7 0.113281 0.0388889 0.0619792 0.0777778 0.480957
7 0.0697917 0.0671296 0.0697917 0.0972222 0.485596
9 0.585677 0.0453704 0.0119792 0.0555556 0.749512
2 0.470052 0.643981 0.123438 0.171296 0.767578
9 0.565625 0.0430556 0.0104167 0.0509259 0.769531
2 0.501302 0.556019 0.144271 0.171296 0.814941
2 0.510417 0.428241 0.13125 0.184259 0.820801
2 0.532031 0.337963 0.0994792 0.12963 0.825684
2 0.822917 0.215278 0.16875 0.121296 0.833496
2 0.298177 0.462037 0.125521 0.146296 0.865234
2 0.34401 0.378241 0.108854 0.130556 0.880371
2 0.964583 0.216204 0.0708333 0.119444 0.887695
2 0.253385 0.543519 0.118229 0.175926 0.88916
2 0.434115 0.713889 0.173438 0.214815 0.89209
2 0.391406 0.881481 0.231771 0.22963 0.90332
2 0.0841146 0.865278 0.168229 0.265741 0.916016
2 0.17474 0.643981 0.188021 0.273148 0.921875
