9 0.725 0.0962963 0.0104167 0.0611111 0.274414
2 0.0106771 0.1125 0.0213542 0.128704 0.4104
2 0.0377604 0.0884259 0.0723958 0.0990741 0.425537
7 0.114844 0.0333333 0.0911458 0.0666667 0.455322
7 0.0869792 0.0527778 0.0614583 0.0944444 0.505371
7 0.0377604 0.0865741 0.0734375 0.0990741 0.536133
9 0.585677 0.0439815 0.0109375 0.0509259 0.54248
9 0.565625 0.0435185 0.0114583 0.05 0.587402
7 0.523698 0.355556 0.107813 0.15 0.725586
2 0.596875 0.122222 0.0510417 0.0888889 0.814453
2 0.298177 0.465741 0.125521 0.153704 0.855469
2 0.80625 0.213889 0.1625 0.12037 0.872559
2 0.344531 0.375 0.108854 0.131481 0.873535
2 0.964583 0.216204 0.0708333 0.119444 0.885742
2 0.510156 0.465278 0.0984375 0.150926 0.88916
2 0.253906 0.543056 0.119271 0.176852 0.896973
2 0.476823 0.584722 0.120312 0.189815 0.899414
2 0.436719 0.771759 0.157813 0.315741 0.901367
2 0.391146 0.894444 0.234375 0.201852 0.90625
2 0.0841146 0.865278 0.168229 0.265741 0.911621
2 0.17474 0.644444 0.189063 0.274074 0.923828
