7 0.0244792 0.102778 0.0489583 0.12037 0.265869
9 0.725 0.0962963 0.0104167 0.0611111 0.300049
7 0.0768229 0.0611111 0.0682292 0.0944444 0.391846
7 0.117188 0.0375 0.0604167 0.0731481 0.43335
2 0.0760417 0.062037 0.06875 0.0925926 0.616699
2 0.025 0.106019 0.05 0.110185 0.65918
2 0.514323 0.4375 0.0932292 0.115741 0.675781
9 0.565625 0.0430556 0.0104167 0.0509259 0.679688
2 0.529688 0.38287 0.103125 0.130556 0.684082
9 0.585677 0.0439815 0.0109375 0.0509259 0.716309
2 0.335417 0.385648 0.0916667 0.130556 0.815918
2 0.295833 0.463426 0.104167 0.15463 0.856445
2 0.949219 0.215741 0.101562 0.118519 0.863281
2 0.0653646 0.880556 0.130729 0.231481 0.866699
2 0.483594 0.539815 0.129688 0.25 0.90332
2 0.817187 0.215741 0.165625 0.116667 0.907227
2 0.431771 0.748611 0.169792 0.313889 0.908203
2 0.225781 0.554167 0.161979 0.241667 0.922363
2 0.127344 0.746296 0.199479 0.266667 0.927246
