0 0.865625 0.189815 0.01875 0.0333333 0.304199
9 0.725 0.0967593 0.0104167 0.0601852 0.375732
7 0.527604 0.367593 0.103125 0.155556 0.398926
7 0.119271 0.0365741 0.0625 0.0731481 0.464111
7 0.0177083 0.116667 0.0354167 0.124074 0.489258
7 0.507031 0.454167 0.117188 0.208333 0.490723
2 0.119792 0.037037 0.0635417 0.0740741 0.517578
2 0.507292 0.452315 0.116667 0.200926 0.583984
2 0.0315104 0.0324074 0.0630208 0.0648148 0.603516
2 0.882031 0.215741 0.169271 0.12037 0.697754
9 0.565885 0.0425926 0.0109375 0.05 0.739258
2 0.528385 0.360185 0.102604 0.142593 0.749512
9 0.585677 0.0439815 0.0109375 0.0509259 0.752441
2 0.0518229 0.0907407 0.0494792 0.0740741 0.798828
2 0.3375 0.387963 0.104167 0.133333 0.875
2 0.488542 0.567593 0.11875 0.187037 0.907227
2 0.29401 0.463889 0.130729 0.153704 0.918457
