7 0.505469 0.452778 0.117188 0.211111 0.334961
9 0.72474 0.0962963 0.00989583 0.0611111 0.378662
7 0.0802083 0.0574074 0.0677083 0.0888889 0.404053
2 0.0802083 0.0583333 0.0677083 0.0888889 0.54248
2 0.0153646 0.124537 0.0307292 0.130556 0.560547
9 0.566146 0.0453704 0.0114583 0.0555556 0.62793
2 0.529427 0.355556 0.100521 0.144444 0.633789
2 0.507031 0.455556 0.116146 0.205556 0.653809
9 0.585677 0.0444444 0.0109375 0.0518519 0.719238
2 0.863021 0.215278 0.171875 0.117593 0.723145
2 0.0479167 0.0939815 0.05 0.0731481 0.789551
2 0.339063 0.38287 0.105208 0.128704 0.888184
2 0.485938 0.565741 0.115625 0.187037 0.902832
2 0.446615 0.736111 0.145313 0.233333 0.922363
2 0.294792 0.46713 0.132292 0.156481 0.924805
2 0.196094 0.637037 0.152604 0.203704 0.927734
