2 0.00807292 0.125 0.0161458 0.0851852 0.269287
7 0.11276 0.0375 0.0703125 0.075 0.465576
7 0.0677083 0.0527778 0.0895833 0.105556 0.513184
9 0.565625 0.0453704 0.0114583 0.0537037 0.553711
7 0.0356771 0.0824074 0.0703125 0.118519 0.599121
7 0.530729 0.356944 0.115625 0.169444 0.638184
9 0.585677 0.0444444 0.0109375 0.0518519 0.658691
2 0.289844 0.477315 0.109896 0.158333 0.813477
2 0.493229 0.119444 0.053125 0.0648148 0.813477
2 0.492188 0.552315 0.111458 0.167593 0.83252
2 0.789583 0.215741 0.167708 0.122222 0.854492
2 0.510677 0.463426 0.0984375 0.149074 0.863281
2 0.33724 0.397222 0.104687 0.135185 0.873047
2 0.964583 0.215741 0.0708333 0.12037 0.879883
2 0.453906 0.663889 0.158854 0.287037 0.899902
2 0.407813 0.843982 0.203125 0.302778 0.912109
2 0.220052 0.5625 0.165104 0.243519 0.922852
2 0.104687 0.783333 0.209375 0.275926 0.941406
