9 0.725 0.0962963 0.0104167 0.0611111 0.252197
7 0.0106771 0.1125 0.0213542 0.132407 0.325439
7 0.132031 0.0300926 0.102604 0.0601852 0.508301
9 0.566146 0.0453704 0.0114583 0.0537037 0.550781
7 0.0388021 0.0819444 0.0734375 0.0972222 0.598633
7 0.0882813 0.0509259 0.0630208 0.0981481 0.61377
9 0.585677 0.0444444 0.0109375 0.0518519 0.631836
7 0.523438 0.355556 0.107292 0.15 0.699707
2 0.592969 0.139352 0.0546875 0.0953704 0.742188
2 0.346094 0.375463 0.111979 0.130556 0.854004
2 0.298438 0.465741 0.125 0.153704 0.858398
2 0.436719 0.765278 0.166146 0.291667 0.868164
2 0.471094 0.618056 0.124479 0.193519 0.880859
2 0.964583 0.216204 0.0708333 0.119444 0.884277
2 0.807031 0.214352 0.163021 0.121296 0.884766
2 0.391667 0.893056 0.235417 0.202778 0.891602
2 0.254167 0.543056 0.119792 0.176852 0.89502
2 0.509896 0.463889 0.096875 0.146296 0.899902
2 0.0841146 0.865741 0.168229 0.266667 0.907715
2 0.17474 0.643981 0.188021 0.273148 0.923828
