9 0.725 0.0967593 0.0104167 0.062037 0.26709
7 0.0846354 0.0560185 0.0546875 0.0990741 0.39209
2 0.009375 0.117593 0.01875 0.112963 0.393555
7 0.113021 0.0375 0.0677083 0.075 0.443848
7 0.0359375 0.087963 0.0697917 0.0981481 0.505859
9 0.565885 0.0430556 0.0109375 0.0509259 0.678223
7 0.527344 0.355556 0.114063 0.159259 0.691406
9 0.585677 0.0444444 0.0109375 0.0518519 0.712891
2 0.805469 0.214815 0.157813 0.12037 0.776367
2 0.491927 0.551852 0.111979 0.166667 0.809082
2 0.510417 0.462963 0.0979167 0.148148 0.854492
2 0.385417 0.304167 0.0916667 0.113889 0.869629
2 0.964583 0.215741 0.0708333 0.12037 0.881836
2 0.253906 0.543981 0.119271 0.175 0.893066
2 0.453906 0.663889 0.158854 0.287037 0.897949
2 0.323177 0.425 0.116146 0.144444 0.905273
2 0.0841146 0.864815 0.168229 0.266667 0.908203
2 0.407813 0.844444 0.203125 0.303704 0.916016
2 0.17474 0.643981 0.188021 0.273148 0.922852
