0 0.795052 0.186574 0.0182292 0.0324074 0.27124
2 0.0395833 0.0865741 0.0729167 0.0972222 0.274658
7 0.0114583 0.109259 0.0229167 0.125926 0.275879
9 0.725 0.0962963 0.0104167 0.0611111 0.281006
2 0.0111979 0.113889 0.0223958 0.131481 0.309082
7 0.136198 0.0296296 0.0984375 0.0592593 0.400635
7 0.0390625 0.0842593 0.075 0.0944444 0.529297
7 0.0901042 0.050463 0.0604167 0.0972222 0.539062
7 0.522917 0.356019 0.109375 0.150926 0.691406
9 0.585677 0.0444444 0.0109375 0.0518519 0.706055
9 0.565885 0.0425926 0.0109375 0.05 0.716309
2 0.46849 0.631481 0.123438 0.198148 0.828613
2 0.591667 0.146296 0.059375 0.0981481 0.836426
2 0.346354 0.375463 0.111458 0.130556 0.861328
2 0.811198 0.214815 0.160938 0.12037 0.863281
2 0.298438 0.465741 0.125 0.153704 0.863281
2 0.436979 0.730093 0.164583 0.221296 0.881836
2 0.964583 0.216204 0.0708333 0.119444 0.883301
2 0.254167 0.543056 0.119792 0.176852 0.894043
2 0.392708 0.893056 0.2375 0.202778 0.901855
2 0.509635 0.463426 0.0963542 0.14537 0.902344
2 0.0841146 0.865741 0.168229 0.266667 0.905762
2 0.174479 0.644444 0.188542 0.274074 0.922852
