2 0.519531 0.374537 0.106771 0.176852 0.333984
2 0.0140625 0.11713 0.028125 0.139815 0.505371
7 0.105469 0.0416667 0.0640625 0.0833333 0.608887
2 0.0442708 0.0842593 0.0760417 0.1 0.614746
9 0.585156 0.0439815 0.0109375 0.0509259 0.703125
9 0.565625 0.0425926 0.0104167 0.05 0.711426
7 0.519531 0.375463 0.106771 0.178704 0.71875
2 0.467187 0.646759 0.128125 0.178704 0.765137
2 0.579167 0.202778 0.075 0.124074 0.84082
2 0.345313 0.376389 0.108333 0.130556 0.84668
2 0.298958 0.464815 0.125 0.151852 0.859863
2 0.435156 0.736111 0.159896 0.233333 0.873535
2 0.964063 0.216204 0.071875 0.119444 0.887207
2 0.254427 0.543519 0.119271 0.175926 0.89502
2 0.818229 0.215278 0.165625 0.119444 0.897949
2 0.392708 0.894444 0.2375 0.2 0.904297
2 0.0841146 0.865278 0.168229 0.265741 0.912109
2 0.504427 0.516204 0.106771 0.167593 0.914551
2 0.17474 0.644444 0.188021 0.274074 0.922363
