2 0.120052 0.0375 0.0536458 0.075 0.293945
9 0.72474 0.0962963 0.00989583 0.0611111 0.344482
7 0.119531 0.0375 0.0536458 0.075 0.518066
7 0.0802083 0.0560185 0.0666667 0.0898148 0.520996
2 0.0799479 0.0564815 0.0671875 0.0888889 0.528809
2 0.0130208 0.128241 0.0260417 0.134259 0.541016
9 0.566146 0.0453704 0.0114583 0.0555556 0.644043
9 0.585677 0.0444444 0.0109375 0.0518519 0.716797
2 0.516146 0.458333 0.119792 0.22037 0.77832
2 0.529688 0.346296 0.101042 0.133333 0.782227
2 0.0460938 0.0935185 0.0526042 0.0722222 0.803223
2 0.495052 0.559259 0.130729 0.172222 0.811035
2 0.847656 0.215278 0.171354 0.119444 0.824219
2 0.340885 0.382407 0.109896 0.133333 0.855957
2 0.298698 0.4625 0.124479 0.147222 0.868652
2 0.0729167 0.867593 0.145833 0.257407 0.87207
2 0.371094 0.916667 0.230729 0.157407 0.900879
2 0.463542 0.666667 0.135417 0.216667 0.912109
2 0.246875 0.547222 0.13125 0.181481 0.92041
