2 0.119792 0.0375 0.0541667 0.075 0.269287
7 0.0440104 0.0935185 0.0578125 0.0740741 0.277832
2 0.0130208 0.119444 0.0260417 0.122222 0.29126
7 0.51875 0.451852 0.129167 0.211111 0.303955
7 0.119531 0.0375 0.0536458 0.075 0.306641
7 0.0130208 0.118519 0.0260417 0.12037 0.307861
9 0.725 0.0967593 0.0104167 0.0601852 0.365967
7 0.0799479 0.0555556 0.0661458 0.0907407 0.372803
2 0.0450521 0.0949074 0.0536458 0.075 0.442871
2 0.46875 0.65 0.126042 0.181481 0.462402
2 0.0796875 0.0564815 0.0666667 0.0907407 0.467773
2 0.51875 0.448611 0.129167 0.213889 0.560547
2 0.530208 0.330093 0.1 0.108333 0.706543
9 0.565625 0.0430556 0.0104167 0.0509259 0.712402
2 0.4875 0.566204 0.15625 0.202778 0.714355
9 0.585677 0.0439815 0.0109375 0.0509259 0.733398
2 0.298698 0.462963 0.124479 0.148148 0.860352
2 0.341927 0.380093 0.107813 0.132407 0.87207
2 0.845833 0.215278 0.16875 0.121296 0.881348
2 0.964583 0.216204 0.0708333 0.117593 0.88916
2 0.0723958 0.274074 0.144792 0.107407 0.890137
2 0.253385 0.543981 0.118229 0.176852 0.893555
2 0.427344 0.781018 0.182812 0.330556 0.902344
2 0.17474 0.643519 0.188021 0.272222 0.922852
