0 0.820312 0.188426 0.0177083 0.0324074 0.340332
7 0.0119792 0.111111 0.0239583 0.135185 0.344238
9 0.725 0.0967593 0.0104167 0.0601852 0.350342
2 0.119271 0.037037 0.0541667 0.0740741 0.371338
7 0.119271 0.037037 0.0541667 0.0740741 0.460693
2 0.0768229 0.0592593 0.0692708 0.0962963 0.471924
7 0.0770833 0.0574074 0.06875 0.0981481 0.489502
9 0.566146 0.0458333 0.0114583 0.0564815 0.572266
2 0.469531 0.648611 0.126563 0.182407 0.674805
2 0.0414063 0.0981481 0.0505208 0.0722222 0.683594
9 0.585677 0.0444444 0.0109375 0.0518519 0.688477
2 0.5 0.559722 0.145833 0.171296 0.805176
2 0.834375 0.215741 0.16875 0.116667 0.816895
2 0.529688 0.33287 0.101042 0.113889 0.833496
2 0.298698 0.4625 0.124479 0.149074 0.851562
2 0.964063 0.215741 0.071875 0.118519 0.874023
2 0.519792 0.451389 0.141667 0.208333 0.878906
2 0.398438 0.280093 0.144792 0.108333 0.888672
2 0.253646 0.543981 0.11875 0.176852 0.891113
2 0.34375 0.379167 0.109375 0.134259 0.900879
2 0.426823 0.781482 0.181771 0.32963 0.905273
2 0.174479 0.643519 0.189583 0.272222 0.92041
