9 0.725 0.0967593 0.0104167 0.0601852 0.286865
2 0.009375 0.114352 0.01875 0.119444 0.327148
7 0.0622396 0.0513889 0.101562 0.102778 0.408447
7 0.111979 0.037037 0.06875 0.0740741 0.495361
7 0.0364583 0.0875 0.0708333 0.0990741 0.528809
9 0.565885 0.0430556 0.0109375 0.0509259 0.678223
7 0.526563 0.355556 0.1125 0.159259 0.693848
9 0.585677 0.0444444 0.0109375 0.0518519 0.714355
2 0.492188 0.556944 0.1125 0.176852 0.844727
2 0.399479 0.852778 0.201042 0.285185 0.854004
2 0.510677 0.463889 0.0984375 0.15 0.855957
2 0.298438 0.463426 0.130208 0.152778 0.86084
2 0.807813 0.213889 0.161458 0.12037 0.86377
2 0.253385 0.543056 0.119271 0.176852 0.87207
2 0.964583 0.215741 0.0708333 0.12037 0.882324
2 0.44974 0.662963 0.152604 0.281481 0.911133
2 0.353906 0.35787 0.103646 0.126852 0.914062
2 0.0841146 0.864815 0.167187 0.266667 0.918457
2 0.17474 0.643519 0.188021 0.272222 0.923828
