2 0.341146 0.98287 0.18125 0.0287037 0.338379
9 0.725 0.0962963 0.0104167 0.0611111 0.348877
2 0.122917 0.0375 0.053125 0.0731481 0.352295
7 0.122396 0.0375 0.053125 0.0731481 0.473633
2 0.0130208 0.128241 0.0260417 0.136111 0.51123
2 0.0421875 0.930556 0.084375 0.133333 0.551758
2 0.0796875 0.0583333 0.0677083 0.0888889 0.599121
9 0.565885 0.0425926 0.0109375 0.05 0.720703
9 0.585677 0.0439815 0.0109375 0.0509259 0.741699
2 0.495313 0.562037 0.13125 0.177778 0.800293
2 0.529688 0.346296 0.101042 0.135185 0.80127
2 0.0463542 0.0935185 0.053125 0.0722222 0.803711
2 0.341146 0.38287 0.110417 0.134259 0.838379
2 0.515885 0.459722 0.120312 0.219444 0.840332
2 0.298698 0.462037 0.124479 0.146296 0.848633
2 0.85625 0.214815 0.16875 0.122222 0.854492
2 0.463542 0.66713 0.135417 0.217593 0.914062
2 0.246875 0.546759 0.13125 0.182407 0.918457
