7 0.0414063 0.0972222 0.0505208 0.0759259 0.278076
9 0.725 0.0967593 0.0104167 0.0601852 0.299561
7 0.0111979 0.114352 0.0223958 0.125 0.355957
7 0.0270833 0.0356481 0.0541667 0.0675926 0.362305
7 0.0703125 0.0662037 0.0697917 0.0953704 0.397949
7 0.110937 0.0412037 0.0583333 0.0824074 0.433838
2 0.0416667 0.0981481 0.05 0.0759259 0.49292
9 0.566146 0.0453704 0.0114583 0.0555556 0.603516
2 0.46875 0.638889 0.127083 0.162963 0.68457
9 0.585677 0.0444444 0.0109375 0.0518519 0.705566
2 0.825 0.215278 0.165625 0.121296 0.799316
2 0.501823 0.556481 0.143229 0.172222 0.808105
2 0.532031 0.337963 0.0994792 0.12963 0.827637
2 0.510417 0.428241 0.13125 0.184259 0.836426
2 0.427083 0.751389 0.179167 0.263889 0.845215
2 0.298438 0.463426 0.125 0.149074 0.859863
2 0.344531 0.378704 0.107813 0.131481 0.872559
2 0.964583 0.215741 0.0708333 0.12037 0.880859
2 0.253385 0.543519 0.118229 0.175926 0.886719
2 0.376563 0.898148 0.234375 0.196296 0.898926
2 0.0838542 0.865278 0.167708 0.265741 0.912109
2 0.17474 0.644444 0.189063 0.274074 0.920898
