7 0.0966146 0.0467593 0.0661458 0.0898148 0.390625
9 0.72474 0.0962963 0.00989583 0.0611111 0.410156
7 0.526302 0.371296 0.0994792 0.168519 0.417725
7 0.505208 0.455556 0.114583 0.203704 0.459473
7 0.0174479 0.0986111 0.0348958 0.163889 0.513184
2 0.504687 0.450463 0.117708 0.191667 0.562012
2 0.096875 0.0467593 0.065625 0.0898148 0.624023
2 0.528125 0.371296 0.102083 0.164815 0.687988
2 0.882292 0.215741 0.16875 0.12037 0.696289
9 0.565885 0.0425926 0.0109375 0.05 0.741699
2 0.0518229 0.0916667 0.0484375 0.0759259 0.754883
9 0.585677 0.0439815 0.0109375 0.0509259 0.754883
2 0.33776 0.387963 0.103646 0.131481 0.887207
2 0.488802 0.568056 0.119271 0.186111 0.910156
2 0.294792 0.463889 0.132292 0.153704 0.919434
