7 0.0132813 0.127315 0.0265625 0.14537 0.411865
7 0.0460938 0.0925926 0.0536458 0.0722222 0.422607
7 0.119531 0.037037 0.0536458 0.0740741 0.4729
2 0.0463542 0.0921296 0.053125 0.0731481 0.644043
2 0.517708 0.456944 0.11875 0.223148 0.665039
2 0.483854 0.580093 0.153125 0.212037 0.730469
7 0.0705729 0.0509259 0.0848958 0.101852 0.734863
9 0.585677 0.0453704 0.0119792 0.0555556 0.739746
9 0.565625 0.0430556 0.0104167 0.0509259 0.758301
2 0.530208 0.34537 0.1 0.131481 0.76709
2 0.847135 0.214815 0.170312 0.12037 0.836914
2 0.298698 0.462037 0.124479 0.148148 0.856445
2 0.341406 0.382407 0.109896 0.133333 0.862305
2 0.964844 0.216667 0.0703125 0.118519 0.879395
2 0.253906 0.543519 0.118229 0.175926 0.884766
2 0.425781 0.781944 0.178646 0.330556 0.913574
2 0.174219 0.643519 0.189063 0.272222 0.921875
