2 0.0325521 0.104167 0.0536458 0.0953704 0.284912
7 0.5125 0.464352 0.1125 0.20463 0.351562
2 0.527604 0.356019 0.105208 0.141667 0.391846
2 0.511719 0.463889 0.110937 0.207407 0.398682
9 0.725 0.0967593 0.0104167 0.0601852 0.421631
7 0.528125 0.353704 0.103125 0.140741 0.425293
7 0.0799479 0.0583333 0.0671875 0.087037 0.512695
2 0.0158854 0.122685 0.0317708 0.128704 0.530273
2 0.0476562 0.0930556 0.0494792 0.0712963 0.732422
2 0.492969 0.564815 0.123438 0.185185 0.73291
9 0.565625 0.0425926 0.0104167 0.05 0.736816
2 0.864062 0.215741 0.169792 0.12037 0.746582
9 0.585677 0.0439815 0.0109375 0.0509259 0.750977
2 0.340365 0.385648 0.106771 0.132407 0.827148
2 0.297396 0.463426 0.127083 0.152778 0.856445
2 0.464323 0.664352 0.135937 0.212037 0.903809
2 0.244271 0.549537 0.132292 0.182407 0.927246
