9 0.725 0.0972222 0.0104167 0.0611111 0.253662
2 0.00911458 0.116204 0.0182292 0.121296 0.384766
7 0.0828125 0.0564815 0.059375 0.0981481 0.433105
7 0.113802 0.037037 0.0671875 0.0740741 0.475342
7 0.0359375 0.0888889 0.0708333 0.0981481 0.517578
9 0.565885 0.0430556 0.0109375 0.0509259 0.666016
7 0.527344 0.356019 0.114063 0.160185 0.678223
9 0.585677 0.0444444 0.0109375 0.0518519 0.70752
2 0.805208 0.214815 0.158333 0.12037 0.746094
2 0.491927 0.552315 0.111979 0.167593 0.809082
2 0.510677 0.463889 0.0984375 0.15 0.847656
2 0.404167 0.27037 0.084375 0.109259 0.873047
2 0.964583 0.215741 0.0708333 0.12037 0.881348
2 0.254167 0.54213 0.11875 0.176852 0.893066
2 0.453646 0.662963 0.159375 0.285185 0.902832
2 0.332812 0.402778 0.109375 0.138889 0.905273
2 0.0841146 0.864815 0.167187 0.266667 0.911621
2 0.407813 0.843982 0.204167 0.302778 0.916016
2 0.174219 0.644444 0.188021 0.274074 0.921875
