2 0.0104167 0.110185 0.0208333 0.12037 0.286621
7 0.0104167 0.109722 0.0208333 0.121296 0.293213
2 0.0361979 0.0888889 0.0692708 0.1 0.413574
7 0.114063 0.0375 0.0645833 0.075 0.466797
7 0.0825521 0.0555556 0.0598958 0.0981481 0.471924
7 0.0361979 0.0884259 0.0703125 0.0972222 0.541016
9 0.585677 0.0449074 0.0119792 0.0546296 0.54834
2 0.628125 0.0347222 0.0489583 0.0694444 0.575195
7 0.523698 0.355093 0.107813 0.149074 0.682617
9 0.565625 0.0430556 0.0104167 0.0509259 0.70459
2 0.345833 0.375926 0.108333 0.12963 0.79541
2 0.298438 0.464352 0.125 0.150926 0.822754
2 0.510677 0.463426 0.0984375 0.149074 0.85791
2 0.488802 0.561111 0.117188 0.185185 0.866699
2 0.253646 0.543056 0.11875 0.176852 0.875
2 0.964583 0.216204 0.0708333 0.119444 0.884766
2 0.806771 0.213889 0.161458 0.12037 0.897461
2 0.0841146 0.865741 0.168229 0.264815 0.915527
2 0.391406 0.89537 0.232812 0.2 0.915527
2 0.441667 0.693519 0.147917 0.298148 0.923828
2 0.174479 0.643981 0.188542 0.273148 0.923828
