9 0.725 0.0962963 0.0104167 0.0611111 0.251709
7 0.0114583 0.107407 0.0229167 0.125926 0.262451
2 0.0393229 0.0861111 0.0723958 0.1 0.2771
2 0.0106771 0.112963 0.0213542 0.12963 0.343506
7 0.11901 0.0300926 0.0963542 0.0601852 0.474609
9 0.566146 0.0453704 0.0114583 0.0537037 0.508301
7 0.0390625 0.0842593 0.0739583 0.0981481 0.544922
7 0.0872396 0.05 0.0630208 0.0981481 0.583008
9 0.585677 0.0444444 0.0109375 0.0518519 0.603516
7 0.523698 0.355093 0.107813 0.150926 0.693848
2 0.59375 0.136574 0.0541667 0.0953704 0.822754
2 0.298177 0.465741 0.125521 0.153704 0.856934
2 0.80625 0.214352 0.164583 0.121296 0.859863
2 0.471875 0.605556 0.122917 0.183333 0.865234
2 0.345052 0.375463 0.109896 0.130556 0.867188
2 0.964583 0.216204 0.0708333 0.119444 0.883301
2 0.436719 0.765278 0.167187 0.291667 0.886719
2 0.391146 0.892593 0.234375 0.203704 0.891602
2 0.253906 0.543056 0.119271 0.176852 0.895508
2 0.509896 0.464352 0.096875 0.149074 0.897949
2 0.0841146 0.866667 0.168229 0.266667 0.90332
2 0.17474 0.644444 0.188021 0.274074 0.922852
