2 0.0106771 0.110185 0.0213542 0.122222 0.40625
9 0.585677 0.0435185 0.0109375 0.05 0.455811
7 0.0861979 0.0550926 0.0588542 0.0916667 0.518555
9 0.565625 0.0435185 0.0114583 0.05 0.521973
7 0.114844 0.0319444 0.0869792 0.0638889 0.555176
7 0.0382813 0.087037 0.0734375 0.0981481 0.598633
7 0.523698 0.35463 0.107813 0.148148 0.728027
2 0.597917 0.117593 0.05 0.0851852 0.832031
2 0.297917 0.465278 0.126042 0.152778 0.853516
2 0.345052 0.375463 0.109896 0.130556 0.870117
2 0.80599 0.213889 0.160938 0.12037 0.876465
2 0.964583 0.216204 0.0708333 0.119444 0.88623
2 0.509896 0.464815 0.0989583 0.151852 0.888672
2 0.253646 0.543056 0.11875 0.176852 0.891602
2 0.435937 0.770833 0.159375 0.317593 0.899414
2 0.391146 0.89537 0.234375 0.2 0.902344
2 0.0841146 0.865278 0.168229 0.265741 0.912598
2 0.17474 0.644444 0.189063 0.274074 0.925293
2 0.479688 0.578241 0.11875 0.189815 0.925781
