2 0.00807292 0.124537 0.0161458 0.0842593 0.332275
7 0.1125 0.037037 0.0708333 0.0740741 0.447266
7 0.0674479 0.0527778 0.0901042 0.105556 0.494141
7 0.0356771 0.0902778 0.0703125 0.102778 0.547363
9 0.565885 0.0430556 0.0109375 0.0509259 0.64209
9 0.585677 0.0444444 0.0109375 0.0518519 0.6875
7 0.530729 0.357407 0.115625 0.17037 0.69873
2 0.492188 0.552315 0.111458 0.167593 0.828613
2 0.482292 0.134259 0.0541667 0.0685185 0.830566
2 0.796875 0.215278 0.166667 0.121296 0.836914
2 0.510677 0.463426 0.0984375 0.149074 0.855469
2 0.288802 0.477315 0.109896 0.160185 0.86084
2 0.338021 0.396759 0.105208 0.134259 0.884766
2 0.964583 0.216667 0.0708333 0.118519 0.885254
2 0.453906 0.662963 0.158854 0.285185 0.904297
2 0.407813 0.844444 0.203125 0.301852 0.914551
2 0.214844 0.575 0.168229 0.246296 0.931152
2 0.09375 0.832407 0.1875 0.294444 0.933594
