7 0.0132813 0.12963 0.0265625 0.138889 0.289307
9 0.725 0.0967593 0.0104167 0.0601852 0.334961
2 0.119531 0.037037 0.0526042 0.0740741 0.406738
7 0.119271 0.0365741 0.053125 0.0731481 0.464844
2 0.0132813 0.128241 0.0265625 0.134259 0.481689
7 0.0802083 0.0555556 0.0666667 0.0907407 0.48999
2 0.0796875 0.0564815 0.0666667 0.0907407 0.551758
9 0.565625 0.0430556 0.0114583 0.0509259 0.664551
9 0.585677 0.0439815 0.0109375 0.0509259 0.708496
2 0.516406 0.45787 0.120312 0.221296 0.723633
2 0.0463542 0.0930556 0.0520833 0.0712963 0.786621
2 0.494792 0.559722 0.13125 0.171296 0.801758
2 0.530208 0.34537 0.1 0.131481 0.809082
2 0.848437 0.215741 0.171875 0.122222 0.833496
2 0.341406 0.382407 0.108854 0.133333 0.854492
2 0.298958 0.463426 0.125 0.149074 0.857422
2 0.463802 0.665741 0.135937 0.216667 0.904297
2 0.382812 0.885185 0.226042 0.222222 0.916016
2 0.246875 0.547222 0.13125 0.181481 0.921387
2 0.0958333 0.820833 0.191667 0.343519 0.938965
