7 0.119531 0.0375 0.0536458 0.075 0.33374
7 0.0119792 0.110648 0.0239583 0.137963 0.357666
9 0.725 0.0967593 0.0104167 0.0601852 0.375732
2 0.119531 0.0375 0.0546875 0.075 0.395264
2 0.0794271 0.0564815 0.0671875 0.0944444 0.462891
2 0.0421875 0.0976852 0.0489583 0.075 0.567383
2 0.46901 0.649074 0.126563 0.183333 0.660156
2 0.522917 0.455093 0.133333 0.212037 0.697266
9 0.565885 0.0430556 0.0109375 0.0509259 0.717285
9 0.585677 0.0444444 0.0109375 0.0518519 0.733887
2 0.499479 0.560185 0.144792 0.17037 0.782715
2 0.530729 0.331481 0.0989583 0.111111 0.802734
2 0.835938 0.215278 0.169792 0.117593 0.841309
2 0.298438 0.463426 0.125 0.149074 0.864746
2 0.343229 0.379167 0.109375 0.132407 0.874512
2 0.964583 0.216204 0.0708333 0.119444 0.882812
2 0.253646 0.543056 0.11875 0.176852 0.89502
2 0.426562 0.781018 0.18125 0.330556 0.901855
2 0.264323 0.277778 0.145313 0.107407 0.91748
2 0.17474 0.643519 0.188021 0.272222 0.924316
