7 0.117969 0.0388889 0.0578125 0.0777778 0.384033
2 0.00833333 0.123148 0.0166667 0.0833333 0.398193
7 0.0619792 0.0518519 0.102083 0.103704 0.47583
9 0.585417 0.0439815 0.0104167 0.0509259 0.477783
2 0.0356771 0.0893519 0.0703125 0.100926 0.498779
7 0.0364583 0.087037 0.06875 0.0981481 0.53125
2 0.543229 0.0393519 0.0385417 0.0601852 0.646484
7 0.530469 0.357407 0.115104 0.17037 0.662109
2 0.288802 0.476852 0.110937 0.157407 0.777832
2 0.492188 0.552315 0.111458 0.167593 0.834961
2 0.0557292 0.901852 0.111458 0.188889 0.841797
2 0.336458 0.396759 0.102083 0.134259 0.855957
2 0.790885 0.215278 0.168229 0.119444 0.864746
2 0.510677 0.463426 0.0984375 0.149074 0.865723
2 0.22526 0.552778 0.160938 0.242593 0.878906
2 0.964583 0.216204 0.0708333 0.119444 0.883789
2 0.453385 0.663889 0.158854 0.287037 0.895996
2 0.407813 0.844444 0.203125 0.303704 0.916504
2 0.126302 0.747222 0.201562 0.268519 0.932617
