9 0.725 0.0967593 0.0104167 0.0601852 0.29541
7 0.528125 0.368519 0.102083 0.157407 0.411377
9 0.565625 0.0425926 0.0114583 0.0574074 0.473877
9 0.585677 0.0425926 0.0109375 0.0518519 0.503906
2 0.507552 0.452315 0.118229 0.202778 0.530762
7 0.507292 0.452315 0.11875 0.20463 0.535156
2 0.0177083 0.12037 0.0354167 0.12963 0.537109
2 0.0841146 0.0208333 0.0588542 0.0416667 0.658691
2 0.157813 0.0171296 0.05625 0.0342593 0.700195
2 0.528385 0.362037 0.102604 0.146296 0.722168
2 0.0515625 0.0902778 0.05 0.075 0.811523
2 0.949479 0.214815 0.101042 0.12037 0.853027
2 0.336458 0.389815 0.10625 0.135185 0.904297
2 0.286458 0.475926 0.129167 0.159259 0.916016
2 0.477083 0.613426 0.129167 0.199074 0.916992
