2 0.0101562 0.111574 0.0203125 0.121296 0.256592
7 0.0101562 0.112037 0.0203125 0.125926 0.32373
7 0.0828125 0.0560185 0.059375 0.0972222 0.419189
7 0.113542 0.037037 0.065625 0.0740741 0.536133
9 0.585156 0.0439815 0.0109375 0.0509259 0.580078
7 0.0364583 0.0888889 0.0697917 0.0981481 0.589355
9 0.565625 0.0425926 0.0104167 0.05 0.646973
7 0.525 0.355556 0.111458 0.151852 0.723145
2 0.298438 0.463889 0.125 0.15 0.824707
2 0.345313 0.375463 0.10625 0.130556 0.825684
2 0.510677 0.463426 0.0984375 0.149074 0.860352
2 0.253646 0.543056 0.11875 0.176852 0.872559
2 0.490625 0.560185 0.114583 0.181481 0.873535
2 0.964583 0.216204 0.0708333 0.119444 0.883301
2 0.807031 0.213889 0.160938 0.12037 0.890137
2 0.446615 0.6875 0.154687 0.306481 0.891113
2 0.386198 0.8875 0.211979 0.215741 0.908203
2 0.0841146 0.864815 0.168229 0.266667 0.916016
2 0.17474 0.644444 0.188021 0.274074 0.920898
