7 0.0304688 0.0861111 0.0567708 0.0944444 0.26001
9 0.725 0.0967593 0.0104167 0.0601852 0.373047
7 0.0242187 0.0384259 0.0484375 0.0657407 0.419678
7 0.0677083 0.0638889 0.075 0.101852 0.479248
7 0.104167 0.0388889 0.078125 0.0777778 0.505371
2 0.467708 0.642593 0.127083 0.172222 0.728516
2 0.0375 0.0990741 0.0583333 0.0740741 0.729492
9 0.565625 0.0425926 0.0104167 0.05 0.730469
9 0.585677 0.0439815 0.0109375 0.0509259 0.750977
2 0.824219 0.215741 0.166146 0.122222 0.804688
2 0.510417 0.428704 0.13125 0.185185 0.823242
2 0.502344 0.55463 0.141146 0.168519 0.834961
2 0.534375 0.329167 0.0979167 0.130556 0.855469
2 0.34375 0.376389 0.10625 0.128704 0.857422
2 0.298177 0.462037 0.125521 0.146296 0.85791
2 0.4375 0.735185 0.159375 0.22963 0.864746
2 0.964063 0.216667 0.071875 0.118519 0.875
2 0.253906 0.543056 0.118229 0.176852 0.898438
2 0.396354 0.890741 0.241667 0.205556 0.90332
2 0.0841146 0.865278 0.168229 0.263889 0.910156
2 0.174479 0.644444 0.188542 0.274074 0.921387
