9 0.725 0.0972222 0.0104167 0.0611111 0.253418
7 0.0244792 0.024537 0.0489583 0.0490741 0.265137
2 0.0364583 0.0916667 0.06875 0.1 0.345459
2 0.009375 0.118519 0.01875 0.112963 0.387939
7 0.0799479 0.0555556 0.0640625 0.1 0.425049
7 0.113802 0.037037 0.0671875 0.0740741 0.45874
7 0.0364583 0.0888889 0.0708333 0.0981481 0.512207
9 0.565885 0.0430556 0.0109375 0.0509259 0.67334
7 0.527344 0.356019 0.114063 0.160185 0.681152
9 0.585677 0.0444444 0.0109375 0.0518519 0.712402
2 0.805208 0.215278 0.158333 0.119444 0.74707
2 0.407813 0.263889 0.0822917 0.103704 0.806152
2 0.492188 0.552315 0.111458 0.167593 0.807617
2 0.510677 0.463889 0.0984375 0.15 0.844727
2 0.964583 0.215741 0.0708333 0.12037 0.881348
2 0.254687 0.539815 0.11875 0.175926 0.894531
2 0.453906 0.663426 0.158854 0.286111 0.901855
2 0.333854 0.4 0.109375 0.138889 0.905762
2 0.0841146 0.865741 0.168229 0.266667 0.915527
2 0.407813 0.844444 0.203125 0.303704 0.922363
2 0.174219 0.643981 0.188021 0.273148 0.924316
