9 0.725 0.0972222 0.0104167 0.0611111 0.263916
2 0.00833333 0.122685 0.0166667 0.087963 0.345215
2 0.0354167 0.0893519 0.0708333 0.102778 0.41626
7 0.113021 0.037037 0.0697917 0.0740741 0.45752
7 0.0367187 0.0875 0.0703125 0.100926 0.509766
7 0.0671875 0.0527778 0.0895833 0.105556 0.537109
7 0.530469 0.358796 0.115104 0.173148 0.641602
9 0.565885 0.0430556 0.0109375 0.0509259 0.668457
9 0.585677 0.0444444 0.0109375 0.0518519 0.702637
2 0.805469 0.214815 0.157813 0.12037 0.766602
2 0.492188 0.552315 0.111458 0.167593 0.826172
2 0.470313 0.153241 0.059375 0.0768519 0.835938
2 0.510677 0.463889 0.0984375 0.15 0.858398
2 0.964583 0.215741 0.0708333 0.12037 0.879395
2 0.286719 0.478704 0.109896 0.161111 0.891113
2 0.33776 0.396296 0.105729 0.135185 0.891113
2 0.0851562 0.858333 0.169271 0.274074 0.897461
2 0.453906 0.663889 0.158854 0.287037 0.900391
2 0.407813 0.844444 0.203125 0.301852 0.914062
2 0.210156 0.583333 0.169271 0.251852 0.933105
