9 0.725 0.0967593 0.0104167 0.0601852 0.257324
2 0.0609375 0.0555556 0.105208 0.101852 0.323975
2 0.0338542 0.0944444 0.0677083 0.0925926 0.361816
7 0.0604167 0.0564815 0.109375 0.103704 0.376221
7 0.0338542 0.0939815 0.0677083 0.0935185 0.376709
7 0.116146 0.0375 0.0614583 0.0731481 0.400146
9 0.566146 0.0458333 0.0114583 0.0564815 0.636719
9 0.585677 0.0444444 0.0109375 0.0518519 0.699707
7 0.0630208 0.203241 0.126042 0.119444 0.737793
2 0.532292 0.383333 0.096875 0.133333 0.783203
2 0.948958 0.215741 0.1 0.118519 0.799316
2 0.336979 0.386574 0.0947917 0.132407 0.825684
2 0.509115 0.45 0.0953125 0.144444 0.828125
2 0.291927 0.464352 0.100521 0.15463 0.830078
2 0.0653646 0.881481 0.130729 0.22963 0.86377
2 0.475521 0.582407 0.140625 0.25 0.903809
2 0.817187 0.216204 0.165625 0.117593 0.910156
2 0.41276 0.833796 0.197396 0.326852 0.920898
2 0.225521 0.55463 0.1625 0.242593 0.926758
2 0.127083 0.746296 0.198958 0.266667 0.927734
