2 0.0828125 0.0587963 0.0645833 0.0935185 0.349854
7 0.0174479 0.117593 0.0348958 0.124074 0.351562
2 0.0171875 0.118056 0.034375 0.123148 0.41748
7 0.527083 0.368519 0.1 0.159259 0.446533
7 0.0817708 0.0583333 0.0645833 0.0907407 0.49585
7 0.50599 0.456019 0.117188 0.20463 0.536133
2 0.50599 0.45463 0.117188 0.201852 0.567383
2 0.0518229 0.0916667 0.0494792 0.0740741 0.677246
2 0.528125 0.366204 0.102083 0.15463 0.712891
2 0.882031 0.215741 0.169271 0.12037 0.714355
9 0.585677 0.0449074 0.0119792 0.0546296 0.757812
9 0.565625 0.0425926 0.0104167 0.05 0.771973
2 0.338021 0.3875 0.105208 0.132407 0.87793
2 0.488542 0.568056 0.11875 0.187963 0.90918
2 0.294792 0.463889 0.132292 0.153704 0.918457
