9 0.725 0.0972222 0.0104167 0.0611111 0.258057
2 0.009375 0.116667 0.01875 0.114815 0.392822
7 0.113281 0.0375 0.0692708 0.075 0.451172
7 0.084375 0.0564815 0.0552083 0.0981481 0.45166
7 0.0359375 0.0884259 0.0697917 0.0990741 0.497803
9 0.565885 0.0430556 0.0109375 0.0509259 0.663574
7 0.527344 0.355556 0.114063 0.159259 0.682129
9 0.585677 0.0444444 0.0109375 0.0518519 0.705566
2 0.805469 0.214815 0.157813 0.12037 0.764648
2 0.492188 0.551852 0.111458 0.166667 0.805664
2 0.510677 0.462963 0.0984375 0.148148 0.851074
2 0.394531 0.288426 0.0890625 0.112037 0.871094
2 0.964583 0.215741 0.0708333 0.12037 0.879395
2 0.253385 0.543056 0.119271 0.176852 0.890625
2 0.453906 0.663889 0.158854 0.287037 0.897461
2 0.329948 0.409259 0.113021 0.138889 0.907227
2 0.0838542 0.865741 0.167708 0.266667 0.911621
2 0.407813 0.844444 0.203125 0.303704 0.916016
2 0.174479 0.643981 0.188542 0.273148 0.918945
