9 0.725 0.0967593 0.0104167 0.0583333 0.409912
7 0.0239583 0.0365741 0.0479167 0.0712963 0.522949
7 0.06875 0.0648148 0.0729167 0.0962963 0.535645
7 0.1125 0.0402778 0.0604167 0.0805556 0.561523
7 0.509896 0.425463 0.128125 0.180556 0.568848
2 0.509896 0.426389 0.128125 0.180556 0.57959
7 0.540365 0.318056 0.0953125 0.149074 0.639648
9 0.566146 0.0458333 0.0125 0.0583333 0.669434
2 0.467708 0.637037 0.127083 0.162963 0.693359
9 0.585677 0.0449074 0.0119792 0.0509259 0.730957
2 0.0325521 0.100926 0.0640625 0.0759259 0.762695
2 0.541406 0.319444 0.0953125 0.15 0.790039
2 0.435937 0.748148 0.160417 0.257407 0.828613
2 0.502604 0.556481 0.140625 0.17037 0.844727
2 0.296094 0.462963 0.129688 0.148148 0.849609
2 0.344531 0.376852 0.106771 0.12963 0.855957
2 0.964063 0.216667 0.071875 0.118519 0.876953
2 0.253906 0.542593 0.119271 0.175926 0.882324
2 0.817187 0.214815 0.165625 0.122222 0.88623
2 0.392969 0.893519 0.238021 0.2 0.901367
2 0.0841146 0.865741 0.167187 0.266667 0.90332
2 0.17474 0.643981 0.189063 0.275 0.924316
