7 0.0419271 0.0847222 0.0630208 0.0787037 0.283691
7 0.0325521 0.0421296 0.0526042 0.0564815 0.287354
7 0.0132813 0.129167 0.0265625 0.143519 0.311523
2 0.120052 0.0375 0.0536458 0.075 0.316895
2 0.0838542 0.0541667 0.0583333 0.0935185 0.355713
2 0.46901 0.651389 0.127604 0.184259 0.375488
7 0.119531 0.0375 0.0536458 0.075 0.385986
7 0.0838542 0.0532407 0.0583333 0.0935185 0.429688
2 0.0130208 0.127778 0.0260417 0.140741 0.446045
2 0.0450521 0.0930556 0.0546875 0.0712963 0.664551
2 0.529688 0.343056 0.101042 0.130556 0.701172
9 0.565625 0.0425926 0.0104167 0.05 0.710938
9 0.585156 0.0439815 0.0119792 0.0509259 0.712402
2 0.482812 0.574074 0.151042 0.203704 0.717773
2 0.516927 0.460185 0.119271 0.222222 0.812012
2 0.253646 0.543056 0.11875 0.175 0.84375
2 0.846875 0.214815 0.170833 0.12037 0.858887
2 0.299479 0.462037 0.122917 0.148148 0.862793
2 0.341667 0.381481 0.110417 0.133333 0.864258
2 0.964844 0.216667 0.0703125 0.118519 0.881348
2 0.427865 0.781944 0.182812 0.330556 0.90918
2 0.176563 0.643056 0.19375 0.273148 0.918945
