2 0.0877604 0.0601852 0.0484375 0.0925926 0.250732
2 0.00416667 0.130093 0.00833333 0.0731481 0.280518
7 0.0606771 0.0518519 0.105729 0.103704 0.280762
2 0.0601562 0.0527778 0.104687 0.101852 0.286865
9 0.72474 0.0967593 0.00989583 0.0601852 0.329346
7 0.117708 0.0375 0.0604167 0.0731481 0.418213
7 0.0359375 0.0708333 0.0708333 0.132407 0.42041
9 0.565885 0.0430556 0.0109375 0.0509259 0.686523
2 0.983333 0.220833 0.0333333 0.115741 0.696777
9 0.585677 0.0444444 0.0109375 0.0518519 0.713379
2 0.272135 0.206944 0.167187 0.119444 0.804688
2 0.292708 0.471296 0.109375 0.157407 0.804688
2 0.53125 0.383796 0.0989583 0.132407 0.86377
2 0.0653646 0.881481 0.130729 0.22963 0.86377
2 0.338542 0.387037 0.0989583 0.135185 0.886719
2 0.503906 0.481019 0.0994792 0.158333 0.894531
2 0.82474 0.216204 0.166146 0.115741 0.904785
2 0.407031 0.844444 0.201562 0.301852 0.91748
2 0.225781 0.555093 0.161979 0.241667 0.922363
2 0.127083 0.746296 0.2 0.266667 0.923828
2 0.467187 0.622222 0.146875 0.287037 0.925781
