7 0.0119792 0.112037 0.0239583 0.131481 0.294434
2 0.06875 0.0708333 0.0708333 0.0990741 0.330078
2 0.0125 0.114352 0.025 0.130556 0.338867
9 0.725 0.0967593 0.0104167 0.0601852 0.374268
7 0.0705729 0.0680556 0.0703125 0.0935185 0.523438
7 0.105208 0.0388889 0.0770833 0.0777778 0.541992
2 0.0419271 0.0976852 0.0505208 0.0712963 0.665039
2 0.46875 0.65 0.127083 0.185185 0.675781
9 0.565625 0.0425926 0.0104167 0.05 0.727051
9 0.585677 0.0439815 0.0109375 0.0509259 0.746094
2 0.510417 0.428704 0.13125 0.183333 0.803711
2 0.501562 0.556481 0.14375 0.172222 0.8125
2 0.835938 0.214815 0.165625 0.12037 0.827637
2 0.53125 0.340278 0.0989583 0.128704 0.851074
2 0.299219 0.4625 0.123438 0.149074 0.859863
2 0.964063 0.215741 0.071875 0.118519 0.87793
2 0.0674479 0.899074 0.133854 0.198148 0.881836
2 0.342969 0.37963 0.107813 0.131481 0.882324
2 0.253646 0.543056 0.11875 0.176852 0.88916
2 0.427083 0.781482 0.18125 0.32963 0.915527
2 0.175 0.643519 0.189583 0.272222 0.920898
