9 0.571094 0.0430556 0.0244792 0.0509259 0.252686
9 0.72474 0.0962963 0.00989583 0.0611111 0.274658
7 0.52526 0.371759 0.101562 0.156481 0.289795
7 0.50599 0.459259 0.121354 0.218519 0.48999
2 0.507292 0.4625 0.11875 0.221296 0.560059
9 0.565885 0.0425926 0.0109375 0.05 0.748535
9 0.585677 0.0439815 0.0109375 0.0509259 0.758301
2 0.0242187 0.0541667 0.0484375 0.0583333 0.779785
2 0.527083 0.361574 0.102083 0.136111 0.781738
2 0.0203125 0.111574 0.040625 0.113889 0.784668
2 0.446875 0.175926 0.0677083 0.0962963 0.802734
2 0.0940104 0.0587963 0.0578125 0.0694444 0.862305
2 0.0770833 0.9 0.154167 0.196296 0.915039
2 0.327604 0.402778 0.113542 0.135185 0.92627
