9 0.725 0.0962963 0.0104167 0.0611111 0.300049
7 0.50599 0.459259 0.120312 0.218519 0.477295
2 0.507292 0.4625 0.11875 0.221296 0.563477
2 0.441406 0.18287 0.0703125 0.100926 0.621094
2 0.0651042 0.923611 0.130208 0.147222 0.722168
9 0.565885 0.0425926 0.0109375 0.05 0.731934
9 0.585677 0.0439815 0.0109375 0.0509259 0.749023
2 0.0203125 0.109722 0.040625 0.117593 0.749023
2 0.527344 0.3625 0.102604 0.137963 0.794434
2 0.1 0.0546296 0.05625 0.0703704 0.79541
2 0.0278646 0.0513889 0.0515625 0.062037 0.833008
2 0.327604 0.402778 0.113542 0.135185 0.926758
