0 0.864844 0.189815 0.0171875 0.0314815 0.265869
2 0.0278646 0.0402778 0.0536458 0.075 0.270996
9 0.72474 0.0967593 0.00989583 0.0601852 0.394287
7 0.527865 0.368519 0.102604 0.155556 0.410156
7 0.0177083 0.118981 0.0354167 0.128704 0.458252
7 0.0270833 0.0398148 0.0541667 0.0722222 0.465332
7 0.507552 0.456944 0.117188 0.212037 0.487793
2 0.507292 0.455093 0.116667 0.206481 0.60498
2 0.88125 0.215741 0.16875 0.12037 0.729492
9 0.565885 0.0425926 0.0109375 0.05 0.741699
2 0.528385 0.361111 0.102604 0.144444 0.749023
9 0.585677 0.0439815 0.0109375 0.0509259 0.753906
2 0.114063 0.0393519 0.0635417 0.0787037 0.761719
2 0.0515625 0.0902778 0.0510417 0.0768519 0.789551
2 0.33776 0.387963 0.104687 0.131481 0.879395
2 0.488021 0.568056 0.11875 0.187963 0.907715
2 0.294792 0.463889 0.132292 0.153704 0.918945
