2 0.0835937 0.0574074 0.0671875 0.0944444 0.336182
7 0.0174479 0.116667 0.0348958 0.131481 0.374023
2 0.0174479 0.116667 0.0348958 0.12963 0.381836
7 0.527604 0.368519 0.101042 0.159259 0.446777
7 0.0828125 0.0564815 0.0677083 0.0925926 0.463623
2 0.50599 0.453241 0.116146 0.199074 0.516113
7 0.50599 0.45463 0.116146 0.201852 0.573242
2 0.528125 0.363426 0.102083 0.149074 0.600586
2 0.0518229 0.0916667 0.0484375 0.0722222 0.69873
2 0.882031 0.215741 0.169271 0.12037 0.708984
9 0.585677 0.0449074 0.0119792 0.0546296 0.757324
9 0.565625 0.0425926 0.0104167 0.05 0.770996
2 0.338021 0.3875 0.104167 0.132407 0.887695
2 0.488281 0.568056 0.119271 0.187963 0.905762
2 0.294792 0.464352 0.132292 0.152778 0.919434
