7 0.0122396 0.115278 0.0244792 0.123148 0.285156
2 0.0125 0.11713 0.025 0.123148 0.324463
9 0.725 0.0967593 0.0104167 0.0601852 0.326172
7 0.0713542 0.0648148 0.06875 0.0962963 0.33374
2 0.0713542 0.0666667 0.0677083 0.0962963 0.495605
2 0.11875 0.0375 0.0541667 0.075 0.549805
2 0.0411458 0.0976852 0.0510417 0.0712963 0.629883
2 0.46875 0.649537 0.127083 0.184259 0.702637
9 0.565885 0.0425926 0.0109375 0.05 0.727051
9 0.585677 0.0444444 0.0109375 0.0518519 0.744629
2 0.5125 0.431944 0.134375 0.186111 0.786133
2 0.501823 0.556944 0.144271 0.169444 0.819824
2 0.835938 0.214352 0.165625 0.121296 0.825684
2 0.529688 0.337963 0.096875 0.125926 0.838379
2 0.297917 0.462963 0.126042 0.148148 0.866211
2 0.964063 0.215741 0.071875 0.118519 0.873047
2 0.253646 0.543519 0.11875 0.175926 0.888672
2 0.34375 0.37963 0.109375 0.131481 0.897949
2 0.427344 0.781482 0.181771 0.32963 0.905762
2 0.601562 0.282407 0.144792 0.109259 0.912109
2 0.17474 0.643519 0.189063 0.272222 0.92041
