0 0.865625 0.189815 0.01875 0.0333333 0.287598
2 0.0177083 0.118981 0.0354167 0.126852 0.331787
9 0.725 0.0967593 0.0104167 0.0601852 0.374756
7 0.0177083 0.118056 0.0354167 0.123148 0.424316
7 0.527865 0.368519 0.102604 0.155556 0.426025
2 0.0286458 0.0347222 0.0572917 0.0694444 0.485352
7 0.507031 0.455093 0.117188 0.208333 0.521484
2 0.507292 0.453704 0.116667 0.203704 0.568848
2 0.882292 0.215741 0.169792 0.12037 0.67334
2 0.116146 0.037963 0.0614583 0.0759259 0.724609
9 0.565885 0.0425926 0.0109375 0.05 0.739258
2 0.528385 0.360648 0.102604 0.143519 0.740234
9 0.585677 0.0439815 0.0109375 0.0509259 0.752441
2 0.0520833 0.0902778 0.05 0.075 0.786621
2 0.3375 0.388426 0.104167 0.132407 0.866211
2 0.488021 0.567593 0.117708 0.187037 0.907227
2 0.294271 0.463889 0.13125 0.153704 0.919434
