7 0.0427083 0.0337963 0.0645833 0.0675926 0.254883
7 0.0408854 0.0958333 0.0526042 0.0731481 0.328125
9 0.725 0.0967593 0.0104167 0.0601852 0.370361
7 0.0119792 0.115741 0.0239583 0.12963 0.382812
2 0.0419271 0.0976852 0.0494792 0.075 0.398193
7 0.059375 0.0615741 0.0927083 0.106481 0.505371
7 0.110677 0.0407407 0.0598958 0.0814815 0.508301
9 0.565885 0.0425926 0.0109375 0.05 0.722656
2 0.46875 0.646759 0.127083 0.176852 0.724609
9 0.585677 0.0439815 0.0109375 0.0509259 0.740723
2 0.501823 0.556019 0.143229 0.171296 0.817383
2 0.531771 0.337963 0.0989583 0.12963 0.831543
2 0.510417 0.428241 0.13125 0.184259 0.838379
2 0.835938 0.214352 0.167708 0.121296 0.862793
2 0.34349 0.378241 0.106771 0.130556 0.866211
2 0.298177 0.462963 0.125521 0.148148 0.868164
2 0.964583 0.216204 0.0708333 0.119444 0.885742
2 0.253906 0.543519 0.118229 0.175926 0.893555
2 0.429948 0.781944 0.182812 0.330556 0.902832
2 0.373958 0.896759 0.216667 0.197222 0.912598
2 0.0838542 0.865278 0.167708 0.265741 0.913574
2 0.17474 0.644444 0.189063 0.274074 0.922852
