9 0.725 0.0967593 0.0104167 0.0601852 0.359863
7 0.118229 0.0388889 0.0552083 0.0759259 0.36499
2 0.0125 0.114352 0.025 0.130556 0.373291
7 0.0713542 0.0606481 0.0677083 0.108333 0.382812
2 0.117969 0.0388889 0.0557292 0.0740741 0.450928
7 0.835156 0.214352 0.170312 0.117593 0.513184
2 0.835417 0.214352 0.16875 0.123148 0.51709
2 0.0710938 0.0606481 0.0682292 0.106481 0.559082
2 0.0354167 0.961111 0.0697917 0.0722222 0.611328
2 0.0411458 0.0972222 0.0489583 0.0703704 0.616699
2 0.467969 0.649537 0.126563 0.184259 0.691895
2 0.510156 0.429167 0.130729 0.180556 0.709473
9 0.565885 0.0425926 0.0109375 0.05 0.725586
9 0.585677 0.0439815 0.0109375 0.0509259 0.742188
2 0.501823 0.556481 0.143229 0.17037 0.813965
2 0.53125 0.340278 0.0989583 0.128704 0.84082
2 0.964583 0.216204 0.0708333 0.119444 0.860352
2 0.298958 0.462963 0.123958 0.15 0.86084
2 0.253385 0.543519 0.118229 0.175926 0.883301
2 0.34349 0.37963 0.108854 0.131481 0.89209
2 0.426823 0.781482 0.181771 0.32963 0.903809
2 0.175 0.643519 0.188542 0.272222 0.923828
2 0.866667 0.288426 0.15 0.112037 0.929199
