7 0.0804688 0.0583333 0.0671875 0.0888889 0.369141
9 0.72474 0.0958333 0.00989583 0.062037 0.395264
7 0.50625 0.457407 0.116667 0.211111 0.476807
2 0.0802083 0.0583333 0.0677083 0.0888889 0.606934
2 0.0158854 0.123611 0.0317708 0.130556 0.617188
2 0.50651 0.456481 0.117188 0.207407 0.625977
2 0.529427 0.361111 0.100521 0.153704 0.694824
9 0.565885 0.0425926 0.0109375 0.05 0.731934
9 0.585677 0.0439815 0.0109375 0.0509259 0.748047
2 0.864323 0.215278 0.171354 0.119444 0.768555
2 0.0476562 0.0930556 0.0505208 0.075 0.832031
2 0.338802 0.383796 0.105729 0.130556 0.894043
2 0.486458 0.567593 0.115625 0.188889 0.904297
2 0.295052 0.466667 0.133854 0.157407 0.928223
2 0.164323 0.694444 0.165104 0.214815 0.933594
2 0.432292 0.800463 0.158333 0.249074 0.9375
