0 0.819531 0.187963 0.0171875 0.0333333 0.285156
9 0.725 0.0967593 0.0104167 0.0601852 0.367432
7 0.0125 0.113889 0.025 0.137037 0.406494
7 0.119792 0.0375 0.053125 0.075 0.436523
2 0.0416667 0.0972222 0.05 0.0759259 0.446045
7 0.0789063 0.0555556 0.0682292 0.1 0.579102
9 0.566146 0.0453704 0.0114583 0.0555556 0.632324
2 0.469531 0.648611 0.126563 0.182407 0.654297
9 0.585677 0.0444444 0.0109375 0.0518519 0.709961
2 0.835156 0.214815 0.167187 0.12037 0.785645
2 0.49974 0.559722 0.145313 0.171296 0.788086
2 0.522656 0.45463 0.134896 0.211111 0.792969
2 0.530729 0.33287 0.1 0.113889 0.799316
2 0.298438 0.462037 0.125 0.148148 0.856445
2 0.964583 0.216204 0.0708333 0.119444 0.871582
2 0.253385 0.543056 0.118229 0.176852 0.888184
2 0.311198 0.278704 0.147396 0.105556 0.902344
2 0.426823 0.781018 0.181771 0.330556 0.904785
2 0.34349 0.378704 0.108854 0.133333 0.910645
2 0.174479 0.643056 0.188542 0.271296 0.919922
