7 0.507292 0.461111 0.11875 0.222222 0.455566
2 0.0200521 0.112037 0.0401042 0.112963 0.538574
2 0.507292 0.4625 0.11875 0.221296 0.591797
9 0.585677 0.0449074 0.0119792 0.0546296 0.760254
9 0.565625 0.0425926 0.0104167 0.05 0.774414
2 0.527344 0.362037 0.102604 0.137037 0.788086
2 0.476042 0.139815 0.0583333 0.0814815 0.806641
2 0.0627604 0.0819444 0.0578125 0.0712963 0.810547
2 0.409896 0.880556 0.176042 0.231481 0.89209
2 0.327604 0.402778 0.113542 0.135185 0.930176
2 0.146875 0.729167 0.192708 0.223148 0.936523
