9 0.72474 0.0958333 0.00989583 0.062037 0.317627
7 0.0242187 0.106019 0.0484375 0.10463 0.468994
7 0.524219 0.382407 0.105729 0.177778 0.527344
2 0.0242187 0.106019 0.0484375 0.10463 0.549805
7 0.348177 0.325 0.0869792 0.138889 0.576172
2 0.524219 0.381944 0.102604 0.176852 0.679199
7 0.469531 0.609722 0.145313 0.286111 0.694824
2 0.347396 0.327315 0.0875 0.137963 0.70166
9 0.565885 0.0425926 0.0109375 0.05 0.741699
9 0.585677 0.0439815 0.0109375 0.0509259 0.756836
2 0.314323 0.426852 0.119271 0.15 0.914062
