7 0.0286458 0.0736111 0.0572917 0.119444 0.256836
9 0.725 0.0962963 0.0104167 0.0611111 0.408203
7 0.0247396 0.0384259 0.0494792 0.0731481 0.457031
7 0.113281 0.0393519 0.0609375 0.0787037 0.488525
7 0.0651042 0.0657407 0.08125 0.0981481 0.565918
2 0.467708 0.641204 0.128125 0.171296 0.70752
2 0.0333333 0.099537 0.0635417 0.0768519 0.72168
9 0.565625 0.0430556 0.0104167 0.0509259 0.736328
2 0.509896 0.427778 0.130208 0.183333 0.736816
9 0.585677 0.0444444 0.0109375 0.0518519 0.754883
2 0.538281 0.325926 0.0963542 0.148148 0.762695
2 0.502604 0.555093 0.140625 0.167593 0.847656
2 0.34375 0.376389 0.107292 0.130556 0.856934
2 0.297656 0.462037 0.126563 0.146296 0.859863
2 0.820312 0.215278 0.169792 0.119444 0.861328
2 0.435937 0.737037 0.160417 0.233333 0.866211
2 0.964063 0.216667 0.071875 0.118519 0.876465
2 0.253906 0.543056 0.119271 0.175 0.888672
2 0.39375 0.892593 0.239583 0.2 0.902832
2 0.0841146 0.865741 0.168229 0.266667 0.907715
2 0.174479 0.644444 0.188542 0.274074 0.92041
