7 0.0802083 0.0583333 0.0677083 0.0888889 0.37207
9 0.72474 0.0962963 0.00989583 0.0611111 0.375732
2 0.0802083 0.0583333 0.0677083 0.0888889 0.550781
2 0.015625 0.123148 0.03125 0.127778 0.583496
2 0.529427 0.358796 0.100521 0.149074 0.618652
9 0.566146 0.0453704 0.0114583 0.0555556 0.618652
2 0.50651 0.456481 0.116146 0.205556 0.691406
9 0.585677 0.0444444 0.0109375 0.0518519 0.714355
2 0.863021 0.214815 0.171875 0.118519 0.752441
2 0.0476562 0.0939815 0.0505208 0.0731481 0.808105
2 0.339063 0.384259 0.105208 0.12963 0.888184
2 0.486458 0.564815 0.116667 0.185185 0.907227
2 0.295312 0.466667 0.132292 0.155556 0.928711
2 0.44375 0.751389 0.148958 0.237963 0.930664
2 0.189583 0.649074 0.154167 0.205556 0.934082
