2 0.0820312 0.0597222 0.0651042 0.0916667 0.359131
9 0.72474 0.0962963 0.00989583 0.0611111 0.381836
7 0.0479167 0.0893519 0.0520833 0.0731481 0.417725
7 0.0145833 0.125926 0.0291667 0.140741 0.419189
7 0.0809896 0.0587963 0.0651042 0.087963 0.474121
2 0.50625 0.456481 0.116667 0.207407 0.54248
2 0.0484375 0.0921296 0.0510417 0.0731481 0.558105
7 0.50625 0.457407 0.116667 0.211111 0.585938
2 0.529427 0.356944 0.101562 0.14537 0.617676
9 0.565885 0.0425926 0.0109375 0.05 0.731445
9 0.585677 0.0439815 0.0109375 0.0509259 0.746582
2 0.871354 0.216204 0.172917 0.125 0.859863
2 0.338802 0.383333 0.105729 0.12963 0.891602
2 0.486979 0.567593 0.115625 0.188889 0.90918
2 0.294531 0.465278 0.132812 0.15463 0.925293
2 0.425781 0.833333 0.164062 0.261111 0.929688
2 0.140625 0.737037 0.175 0.233333 0.934082
