7 0.525781 0.371759 0.102604 0.156481 0.322754
7 0.507552 0.461574 0.119271 0.223148 0.493896
7 0.0195312 0.115741 0.0390625 0.12037 0.505371
2 0.507292 0.462963 0.11875 0.222222 0.577637
2 0.527604 0.3625 0.103125 0.137963 0.741699
9 0.585677 0.0449074 0.0119792 0.0546296 0.754395
9 0.565625 0.0430556 0.0104167 0.0509259 0.766602
2 0.05625 0.087037 0.0479167 0.0703704 0.791016
2 0.486719 0.126852 0.0546875 0.0777778 0.79834
2 0.327604 0.402315 0.114583 0.136111 0.924316
2 0.427604 0.824074 0.161458 0.255556 0.924805
2 0.195573 0.641204 0.170312 0.197222 0.936035
