2 0.11875 0.037037 0.0552083 0.0740741 0.308594
7 0.11901 0.037037 0.0546875 0.0740741 0.335938
9 0.725 0.0967593 0.0104167 0.0601852 0.344238
7 0.0809896 0.0560185 0.0640625 0.0898148 0.431885
2 0.46849 0.6625 0.128646 0.199074 0.498291
2 0.0130208 0.127315 0.0260417 0.137963 0.518555
2 0.0804688 0.0564815 0.0651042 0.0888889 0.56543
2 0.516927 0.456481 0.119271 0.227778 0.649902
2 0.483073 0.56713 0.155729 0.186111 0.706055
9 0.565625 0.0425926 0.0104167 0.05 0.709473
9 0.585677 0.0439815 0.0109375 0.0509259 0.725098
2 0.530208 0.345833 0.1 0.132407 0.763184
2 0.0460938 0.0930556 0.0526042 0.0712963 0.803223
2 0.298698 0.4625 0.125521 0.147222 0.85791
2 0.847135 0.215278 0.168229 0.119444 0.85791
2 0.341146 0.381481 0.109375 0.133333 0.859375
2 0.251563 0.543519 0.121875 0.17963 0.87207
2 0.964063 0.215741 0.071875 0.118519 0.885742
2 0.421875 0.800463 0.183333 0.336111 0.917969
2 0.163542 0.661111 0.19375 0.277778 0.942871
