7 0.0414063 0.0967593 0.0505208 0.075 0.321045
9 0.725 0.0967593 0.0104167 0.0601852 0.324219
7 0.0114583 0.114352 0.0229167 0.130556 0.385986
7 0.0239583 0.0365741 0.0479167 0.062037 0.394043
2 0.0419271 0.0981481 0.0494792 0.0740741 0.453613
7 0.113802 0.0393519 0.0619792 0.0787037 0.486084
7 0.0640625 0.0675926 0.0833333 0.0962963 0.569824
2 0.46875 0.637963 0.127083 0.161111 0.713867
9 0.565885 0.0430556 0.0109375 0.0509259 0.728027
9 0.585677 0.0439815 0.0109375 0.0509259 0.746094
2 0.532031 0.337963 0.0994792 0.12963 0.817871
2 0.501823 0.555556 0.142188 0.17037 0.820312
2 0.824219 0.215741 0.166146 0.122222 0.827148
2 0.510417 0.428241 0.13125 0.184259 0.833008
2 0.426562 0.747222 0.178125 0.253704 0.859863
2 0.298177 0.462963 0.125521 0.148148 0.86084
2 0.34401 0.378704 0.108854 0.131481 0.881836
2 0.964063 0.215741 0.071875 0.12037 0.882812
2 0.253906 0.543519 0.118229 0.175926 0.891602
2 0.379167 0.896759 0.236458 0.199074 0.906738
2 0.0841146 0.864352 0.167187 0.263889 0.91748
2 0.17474 0.644444 0.189063 0.274074 0.922852
