2 0.516146 0.375 0.103125 0.168519 0.296387
7 0.109896 0.0407407 0.0635417 0.0814815 0.531738
2 0.0153646 0.106481 0.0307292 0.127778 0.536133
2 0.0473958 0.0805556 0.078125 0.0981481 0.605957
7 0.515625 0.374074 0.102083 0.166667 0.705078
2 0.467187 0.649537 0.128125 0.182407 0.725098
9 0.585677 0.0453704 0.0119792 0.0555556 0.757324
9 0.565625 0.0430556 0.0104167 0.0509259 0.777344
2 0.571875 0.222222 0.0760417 0.127778 0.831543
2 0.434896 0.735648 0.159375 0.236111 0.86084
2 0.298438 0.464352 0.126042 0.150926 0.864746
2 0.344792 0.376852 0.107292 0.127778 0.874512
2 0.964583 0.216204 0.0708333 0.119444 0.887695
2 0.501562 0.537037 0.117708 0.177778 0.895508
2 0.254427 0.543056 0.119271 0.176852 0.897949
2 0.817708 0.215278 0.164583 0.119444 0.900391
2 0.392708 0.894444 0.2375 0.2 0.905273
2 0.0841146 0.865278 0.168229 0.265741 0.913086
2 0.17474 0.643981 0.188021 0.273148 0.925293
