9 0.725 0.0967593 0.0104167 0.062037 0.262207
2 0.009375 0.113889 0.01875 0.118519 0.355713
7 0.08125 0.0569444 0.0614583 0.0972222 0.467041
7 0.1125 0.037037 0.06875 0.0740741 0.535645
7 0.0359375 0.0884259 0.0697917 0.0990741 0.571289
9 0.566146 0.0453704 0.0114583 0.0555556 0.588867
9 0.585677 0.0444444 0.0109375 0.0518519 0.676758
7 0.527344 0.355556 0.113021 0.159259 0.683105
2 0.492188 0.552315 0.111458 0.167593 0.819824
2 0.805208 0.214352 0.158333 0.119444 0.821777
2 0.510417 0.463889 0.0979167 0.15 0.854004
2 0.310156 0.444444 0.132812 0.15 0.876953
2 0.964583 0.216204 0.0708333 0.119444 0.882324
2 0.253906 0.543981 0.120312 0.176852 0.884766
2 0.368229 0.332407 0.0979167 0.12037 0.885254
2 0.453385 0.662963 0.158854 0.285185 0.911133
2 0.404427 0.84537 0.194271 0.301852 0.916992
2 0.0838542 0.865741 0.167708 0.266667 0.918945
2 0.174479 0.643981 0.188542 0.273148 0.921875
