7 0.0408854 0.0865741 0.0619792 0.0787037 0.282227
7 0.119271 0.0375 0.0541667 0.075 0.320312
7 0.0125 0.117593 0.025 0.125926 0.333984
9 0.725 0.0962963 0.0104167 0.0611111 0.365479
2 0.0447917 0.0935185 0.0541667 0.0740741 0.375977
2 0.46875 0.65 0.126042 0.183333 0.41748
2 0.0815104 0.0560185 0.0640625 0.0898148 0.418457
7 0.0815104 0.0555556 0.0640625 0.0907407 0.444336
2 0.530469 0.328241 0.0994792 0.106481 0.519043
2 0.518229 0.420833 0.126042 0.280556 0.537598
2 0.484375 0.572222 0.152083 0.225926 0.681641
9 0.565625 0.0425926 0.0104167 0.05 0.722168
9 0.585677 0.0439815 0.0109375 0.0509259 0.73877
2 0.0252604 0.273611 0.0505208 0.108333 0.762695
2 0.846875 0.214815 0.16875 0.12037 0.837402
2 0.297656 0.463426 0.126563 0.149074 0.85791
2 0.342448 0.37963 0.107813 0.131481 0.885742
2 0.964583 0.216204 0.0708333 0.119444 0.887695
2 0.253385 0.543056 0.118229 0.176852 0.89502
2 0.427344 0.781944 0.181771 0.330556 0.901367
2 0.17474 0.643056 0.188021 0.273148 0.922852
