9 0.725 0.0967593 0.0104167 0.062037 0.280762
2 0.009375 0.115278 0.01875 0.121296 0.334961
7 0.0833333 0.0574074 0.0572917 0.0962963 0.407471
7 0.11276 0.0375 0.0682292 0.075 0.455322
7 0.0359375 0.087963 0.0697917 0.0981481 0.542969
9 0.565625 0.0430556 0.0125 0.0509259 0.638184
7 0.527344 0.355556 0.114063 0.159259 0.675781
9 0.585677 0.0444444 0.0109375 0.0518519 0.69043
2 0.804948 0.214815 0.158854 0.12037 0.784668
2 0.491927 0.552315 0.111979 0.167593 0.802246
2 0.510677 0.464352 0.0984375 0.150926 0.854004
2 0.378385 0.315278 0.0953125 0.115741 0.875488
2 0.964583 0.215741 0.0708333 0.12037 0.881836
2 0.253646 0.544444 0.119792 0.175926 0.888184
2 0.453385 0.663889 0.158854 0.287037 0.894531
2 0.407292 0.844444 0.202083 0.303704 0.909668
2 0.319792 0.43287 0.11875 0.14537 0.910645
2 0.0841146 0.864815 0.167187 0.266667 0.919922
2 0.17474 0.643981 0.188021 0.273148 0.921875
