7 0.528125 0.352315 0.103125 0.136111 0.265625
2 0.528906 0.351852 0.101562 0.137037 0.27124
2 0.515365 0.424537 0.117188 0.260185 0.318848
7 0.0802083 0.0564815 0.0677083 0.087037 0.41333
9 0.725 0.0967593 0.0104167 0.0601852 0.436768
7 0.51875 0.413889 0.117708 0.257407 0.487061
2 0.015625 0.123611 0.03125 0.128704 0.518555
2 0.0799479 0.0578704 0.0682292 0.087963 0.533691
2 0.0476562 0.0930556 0.0494792 0.0712963 0.729004
2 0.864062 0.215741 0.169792 0.12037 0.739258
9 0.565625 0.0430556 0.0104167 0.0509259 0.740723
2 0.495313 0.552315 0.126042 0.175 0.744141
9 0.585677 0.0439815 0.0109375 0.0509259 0.754395
2 0.299219 0.4625 0.123438 0.150926 0.855957
2 0.339583 0.384722 0.105208 0.130556 0.857422
2 0.464063 0.664815 0.136458 0.212963 0.900391
2 0.246875 0.545833 0.13125 0.178704 0.913574
