2 0.00859375 0.123611 0.0171875 0.0861111 0.405518
7 0.11901 0.037037 0.0546875 0.0740741 0.451904
7 0.0625 0.0518519 0.1 0.103704 0.484863
2 0.0354167 0.0888889 0.0697917 0.101852 0.517578
7 0.0359375 0.0861111 0.06875 0.1 0.520508
7 0.530729 0.356944 0.115625 0.169444 0.65332
9 0.585417 0.0439815 0.0125 0.0564815 0.686523
9 0.565625 0.0421296 0.0104167 0.0509259 0.710449
2 0.2875 0.476389 0.113542 0.158333 0.794922
2 0.492188 0.552315 0.111458 0.167593 0.837402
2 0.336458 0.396296 0.102083 0.135185 0.853027
2 0.791146 0.215278 0.167708 0.119444 0.861816
2 0.510677 0.463889 0.0984375 0.15 0.867188
2 0.226042 0.552778 0.1625 0.242593 0.883301
2 0.964583 0.216204 0.0708333 0.119444 0.884766
2 0.065625 0.883796 0.13125 0.225 0.887207
2 0.453385 0.663889 0.158854 0.287037 0.897461
2 0.407813 0.844444 0.203125 0.301852 0.915527
2 0.127083 0.746759 0.2 0.267593 0.923828
