7 0.526563 0.369444 0.0989583 0.168519 0.335205
7 0.0507812 0.0907407 0.0505208 0.0722222 0.444092
2 0.0153646 0.128241 0.0307292 0.139815 0.537109
7 0.0820312 0.0587963 0.0640625 0.087963 0.55957
2 0.0510417 0.0907407 0.05 0.0740741 0.677734
2 0.529427 0.362037 0.100521 0.153704 0.686523
9 0.585156 0.0439815 0.0109375 0.0509259 0.710938
9 0.565625 0.0425926 0.0104167 0.05 0.710938
2 0.882292 0.215741 0.16875 0.12037 0.728027
7 0.50625 0.456481 0.116667 0.209259 0.733887
2 0.37526 0.967593 0.190104 0.0611111 0.828613
2 0.339063 0.385185 0.105208 0.131481 0.881836
2 0.4875 0.567593 0.11875 0.187037 0.902344
2 0.294531 0.463889 0.132812 0.153704 0.917969
