7 0.0138021 0.128704 0.0276042 0.138889 0.312988
2 0.0138021 0.129167 0.0276042 0.137963 0.335449
7 0.046875 0.0930556 0.0541667 0.0712963 0.37207
7 0.148177 0.0236111 0.0567708 0.0472222 0.379395
7 0.0799479 0.0583333 0.0671875 0.0907407 0.450195
2 0.0804688 0.0583333 0.0671875 0.0888889 0.474854
2 0.517187 0.457407 0.121875 0.222222 0.518555
2 0.148438 0.0236111 0.05625 0.0472222 0.595215
2 0.0473958 0.0930556 0.0510417 0.0694444 0.678711
2 0.530208 0.348611 0.1 0.134259 0.684082
9 0.565625 0.0425926 0.0104167 0.05 0.71582
9 0.585156 0.0439815 0.0119792 0.0509259 0.729004
2 0.863281 0.215741 0.170312 0.12037 0.73584
2 0.496875 0.560648 0.133333 0.176852 0.800293
2 0.298698 0.4625 0.124479 0.147222 0.862793
2 0.338281 0.383333 0.104687 0.133333 0.864746
2 0.464063 0.666204 0.136458 0.217593 0.912109
2 0.246875 0.546296 0.13125 0.17963 0.918457
