9 0.585677 0.0444444 0.0119792 0.0555556 0.342041
2 0.0367187 0.0902778 0.0682292 0.0990741 0.362549
2 0.0106771 0.108333 0.0213542 0.12037 0.416748
7 0.1125 0.0375 0.0614583 0.075 0.50293
7 0.0835937 0.0574074 0.0578125 0.0981481 0.535156
7 0.0367187 0.0893519 0.0692708 0.0972222 0.537598
9 0.565625 0.0425926 0.0104167 0.05 0.662598
2 0.625521 0.037963 0.0510417 0.0759259 0.670898
7 0.523438 0.355093 0.107292 0.149074 0.711426
2 0.345573 0.375463 0.108854 0.130556 0.811035
2 0.298438 0.463889 0.125 0.15 0.822754
2 0.510677 0.462963 0.0984375 0.148148 0.852051
2 0.489062 0.561111 0.116667 0.185185 0.873535
2 0.253646 0.543056 0.11875 0.176852 0.877441
2 0.964583 0.216204 0.0708333 0.119444 0.885742
2 0.807292 0.213889 0.1625 0.12037 0.900391
2 0.391927 0.896296 0.234896 0.2 0.914062
2 0.0841146 0.865278 0.168229 0.265741 0.916504
2 0.441406 0.694444 0.147396 0.3 0.920898
2 0.174479 0.644444 0.188542 0.274074 0.925293
