9 0.725 0.0967593 0.0104167 0.0601852 0.278076
2 0.00807292 0.126852 0.0161458 0.0833333 0.360596
2 0.533854 0.355556 0.121875 0.174074 0.458496
7 0.0861979 0.0537037 0.0515625 0.105556 0.484131
7 0.120052 0.037037 0.0546875 0.0740741 0.500977
7 0.0348958 0.0694444 0.0697917 0.137037 0.534668
7 0.534896 0.356019 0.119792 0.173148 0.597656
9 0.565885 0.0430556 0.0109375 0.0509259 0.689453
9 0.585677 0.0444444 0.0109375 0.0518519 0.718262
2 0.289323 0.475 0.104687 0.155556 0.774902
2 0.492188 0.552315 0.111458 0.167593 0.82666
2 0.791146 0.215278 0.167708 0.119444 0.86084
2 0.510677 0.463889 0.0994792 0.15 0.862793
2 0.335677 0.389352 0.0953125 0.136111 0.863281
2 0.065625 0.881481 0.13125 0.22963 0.870117
2 0.964583 0.216204 0.0708333 0.119444 0.883789
2 0.453906 0.663889 0.158854 0.287037 0.900391
2 0.225781 0.554167 0.163021 0.241667 0.90625
2 0.407813 0.843982 0.203125 0.302778 0.916504
2 0.126823 0.746296 0.200521 0.266667 0.926758
