2 0.00807292 0.122222 0.0161458 0.0907407 0.313477
2 0.0268229 0.943056 0.0536458 0.112037 0.437988
7 0.1125 0.0375 0.071875 0.075 0.443359
7 0.0359375 0.0898148 0.0697917 0.103704 0.516602
9 0.565885 0.0430556 0.0109375 0.0509259 0.605957
7 0.0619792 0.0527778 0.1 0.105556 0.623047
7 0.530729 0.357407 0.115625 0.17037 0.654297
9 0.585677 0.0444444 0.0109375 0.0518519 0.658691
2 0.5125 0.0953704 0.0510417 0.062963 0.806152
2 0.290104 0.477315 0.108333 0.158333 0.807129
2 0.492188 0.552315 0.111458 0.167593 0.823242
2 0.791146 0.215278 0.167708 0.119444 0.848145
2 0.510677 0.462963 0.0984375 0.15 0.862793
2 0.336979 0.396759 0.103125 0.134259 0.867676
2 0.964583 0.216204 0.0708333 0.119444 0.884277
2 0.453906 0.663426 0.158854 0.286111 0.899902
2 0.222135 0.559722 0.163021 0.243519 0.908691
2 0.407813 0.844444 0.203125 0.303704 0.914062
2 0.11849 0.759722 0.202604 0.267593 0.941406
