7 0.117708 0.0375 0.0572917 0.075 0.338379
2 0.117708 0.037037 0.0583333 0.0740741 0.341064
2 0.0630208 0.0282407 0.0489583 0.0564815 0.46875
2 0.0130208 0.127778 0.0260417 0.138889 0.516113
2 0.0804688 0.0574074 0.0661458 0.0907407 0.554199
9 0.585677 0.0453704 0.0119792 0.0555556 0.741699
2 0.517187 0.456481 0.119792 0.224074 0.747559
9 0.565625 0.0430556 0.0104167 0.0509259 0.760742
2 0.530208 0.345833 0.1 0.130556 0.76709
2 0.482812 0.583333 0.155208 0.218519 0.783203
2 0.0460938 0.0930556 0.0536458 0.0712963 0.807617
2 0.846615 0.214815 0.169271 0.122222 0.827637
2 0.298958 0.4625 0.123958 0.147222 0.850586
2 0.341146 0.382407 0.109375 0.133333 0.86377
2 0.964844 0.216667 0.0703125 0.118519 0.886719
2 0.253646 0.543519 0.11875 0.175926 0.888184
2 0.425781 0.78287 0.178646 0.328704 0.913574
2 0.174479 0.643981 0.188542 0.273148 0.922363
