9 0.72474 0.0962963 0.00989583 0.0611111 0.327148
7 0.504948 0.460648 0.118229 0.217593 0.449463
2 0.50599 0.463426 0.116146 0.221296 0.587402
9 0.565625 0.0430556 0.0114583 0.0509259 0.714844
2 0.0203125 0.112963 0.040625 0.111111 0.716797
2 0.527344 0.364815 0.102604 0.142593 0.731934
9 0.585677 0.0439815 0.0109375 0.0509259 0.741211
2 0.136458 0.0291667 0.0520833 0.0583333 0.754883
2 0.39401 0.24537 0.0828125 0.118519 0.848633
2 0.0677083 0.0277778 0.0520833 0.0555556 0.852051
2 0.327604 0.403241 0.113542 0.136111 0.926758
