7 0.0119792 0.112963 0.0239583 0.131481 0.268799
2 0.0125 0.115741 0.025 0.131481 0.353516
9 0.725 0.0962963 0.0104167 0.0611111 0.356934
2 0.117188 0.0384259 0.0572917 0.0768519 0.44873
7 0.117188 0.0384259 0.0572917 0.0768519 0.471436
7 0.834115 0.214352 0.167187 0.117593 0.47583
7 0.0708333 0.0601852 0.06875 0.107407 0.484131
2 0.0708333 0.0606481 0.06875 0.106481 0.500488
2 0.836979 0.213426 0.171875 0.121296 0.583008
2 0.0390625 0.954167 0.078125 0.0861111 0.642578
2 0.0419271 0.0972222 0.0494792 0.0703704 0.645996
2 0.510417 0.428704 0.13125 0.17963 0.672363
2 0.46875 0.649537 0.127083 0.184259 0.697266
9 0.565625 0.0425926 0.0104167 0.05 0.725586
9 0.585677 0.0439815 0.0109375 0.0509259 0.743164
2 0.501823 0.556481 0.143229 0.17037 0.8125
2 0.53125 0.340741 0.0989583 0.12963 0.847656
2 0.298958 0.4625 0.125 0.149074 0.861328
2 0.964583 0.216204 0.0708333 0.117593 0.867188
2 0.253646 0.543056 0.11875 0.176852 0.887207
2 0.34375 0.380093 0.108333 0.132407 0.89209
2 0.426562 0.781482 0.18125 0.32963 0.906738
2 0.175 0.643056 0.188542 0.271296 0.92334
2 0.883333 0.288426 0.15 0.110185 0.930664
