9 0.72474 0.0962963 0.00989583 0.0611111 0.342529
7 0.524479 0.372222 0.1 0.159259 0.375977
7 0.50625 0.462963 0.116667 0.218519 0.602539
2 0.140625 0.0273148 0.0520833 0.0546296 0.664551
9 0.565625 0.0430556 0.0114583 0.0509259 0.713379
2 0.0203125 0.1125 0.040625 0.112037 0.725586
2 0.527083 0.3625 0.102083 0.137963 0.740234
9 0.585677 0.0439815 0.0109375 0.0509259 0.741211
2 0.071875 0.0263889 0.0520833 0.0527778 0.810547
2 0.390365 0.250926 0.0838542 0.12037 0.838867
2 0.327344 0.402778 0.113021 0.135185 0.931152
