2 0.119792 0.0375 0.0541667 0.075 0.254883
2 0.0450521 0.0949074 0.0546875 0.0731481 0.260498
7 0.0130208 0.118519 0.0260417 0.124074 0.330811
7 0.0421875 0.0939815 0.0614583 0.075 0.334961
7 0.119531 0.0375 0.0536458 0.075 0.346436
2 0.467969 0.649074 0.124479 0.181481 0.355469
9 0.725 0.0967593 0.0104167 0.0601852 0.371582
7 0.0802083 0.0550926 0.065625 0.0898148 0.425049
2 0.0799479 0.0560185 0.0661458 0.0898148 0.462891
2 0.517187 0.450926 0.129167 0.218519 0.571777
9 0.565885 0.0425926 0.0109375 0.05 0.712891
2 0.485417 0.575 0.15625 0.225926 0.734375
9 0.585677 0.0439815 0.0109375 0.0509259 0.737793
2 0.530208 0.327315 0.1 0.10463 0.750977
2 0.846875 0.215278 0.16875 0.121296 0.85498
2 0.298177 0.463426 0.125521 0.149074 0.862793
2 0.342187 0.380093 0.108333 0.132407 0.870605
2 0.964583 0.215278 0.0708333 0.119444 0.888672
2 0.253385 0.543056 0.118229 0.176852 0.892578
2 0.427344 0.781018 0.182812 0.330556 0.900879
2 0.0557292 0.273611 0.111458 0.108333 0.905273
2 0.174479 0.643056 0.189583 0.273148 0.922363
