9 0.725 0.0972222 0.0104167 0.0611111 0.269287
7 0.0851562 0.0541667 0.0546875 0.0972222 0.295654
2 0.00807292 0.123611 0.0161458 0.0824074 0.3396
7 0.0364583 0.0699074 0.071875 0.128704 0.41333
2 0.544531 0.35 0.127604 0.17037 0.525879
7 0.11875 0.037037 0.05625 0.0740741 0.5625
7 0.544531 0.349537 0.132812 0.173148 0.647949
9 0.565885 0.0430556 0.0109375 0.0509259 0.680176
9 0.585677 0.0444444 0.0109375 0.0518519 0.712402
2 0.289062 0.474074 0.104167 0.157407 0.771484
2 0.335417 0.388889 0.0958333 0.135185 0.816406
2 0.491927 0.551852 0.111979 0.166667 0.816895
2 0.789323 0.215278 0.165104 0.121296 0.846191
2 0.510677 0.462963 0.0994792 0.148148 0.856934
2 0.0653646 0.881481 0.130729 0.22963 0.869629
2 0.964583 0.216204 0.0708333 0.119444 0.881836
2 0.453385 0.663889 0.158854 0.287037 0.892578
2 0.226042 0.554167 0.1625 0.243519 0.910645
2 0.407813 0.844444 0.203125 0.303704 0.915527
2 0.127083 0.746296 0.2 0.266667 0.927734
