2 0.0359375 0.0328704 0.0645833 0.0657407 0.286377
7 0.0731771 0.0675926 0.0640625 0.0962963 0.35376
7 0.0114583 0.109259 0.0229167 0.137037 0.356934
9 0.725 0.0967593 0.0104167 0.0601852 0.377441
2 0.0408854 0.0972222 0.0515625 0.0740741 0.410156
7 0.108333 0.0407407 0.065625 0.0814815 0.481689
2 0.469271 0.645833 0.126042 0.176852 0.70459
9 0.565885 0.0425926 0.0109375 0.05 0.725098
9 0.585677 0.0439815 0.0109375 0.0509259 0.742676
2 0.502344 0.556019 0.142188 0.171296 0.822754
2 0.510417 0.428241 0.13125 0.184259 0.82666
2 0.532031 0.337963 0.0994792 0.12963 0.831055
2 0.833594 0.214352 0.167187 0.121296 0.850098
2 0.298958 0.4625 0.123958 0.147222 0.853516
2 0.344531 0.378704 0.108854 0.131481 0.875977
2 0.964583 0.216204 0.0708333 0.119444 0.885254
2 0.253385 0.543056 0.118229 0.176852 0.888184
2 0.429427 0.781944 0.182812 0.330556 0.895996
2 0.371094 0.898148 0.222396 0.196296 0.912109
2 0.0838542 0.865278 0.167708 0.265741 0.915039
2 0.17474 0.644444 0.188021 0.274074 0.921387
