9 0.725 0.0962963 0.0104167 0.0611111 0.300537
2 0.0901042 0.0365741 0.11875 0.0657407 0.345703
7 0.507292 0.4625 0.11875 0.221296 0.499268
7 0.415625 0.21713 0.078125 0.112037 0.532715
2 0.507292 0.4625 0.11875 0.221296 0.537598
2 0.415365 0.216667 0.0786458 0.112963 0.600586
9 0.565885 0.0425926 0.0109375 0.05 0.735352
9 0.585677 0.0439815 0.0109375 0.0509259 0.753418
2 0.0203125 0.1125 0.040625 0.108333 0.783691
2 0.527344 0.362037 0.102604 0.137037 0.796875
2 0.120833 0.0384259 0.0541667 0.0675926 0.853027
2 0.0497396 0.037963 0.0536458 0.0666667 0.856445
2 0.327604 0.403704 0.113542 0.135185 0.926758
