7 0.0828125 0.0574074 0.0583333 0.0962963 0.450928
2 0.00911458 0.127778 0.0182292 0.0981481 0.472168
7 0.113281 0.0375 0.0692708 0.075 0.483887
2 0.0356771 0.0902778 0.0703125 0.100926 0.486328
7 0.0354167 0.0884259 0.0697917 0.102778 0.490723
7 0.527344 0.355556 0.114063 0.159259 0.701172
9 0.585677 0.0453704 0.0119792 0.0555556 0.726562
9 0.565625 0.0430556 0.0114583 0.0509259 0.734375
2 0.805208 0.215278 0.158333 0.119444 0.762695
2 0.492188 0.552315 0.111458 0.167593 0.817383
2 0.436979 0.212963 0.071875 0.0925926 0.839355
2 0.510677 0.463889 0.0984375 0.15 0.846191
2 0.964583 0.216204 0.0708333 0.119444 0.879395
2 0.267969 0.508796 0.120312 0.167593 0.89502
2 0.453646 0.663889 0.159375 0.287037 0.901855
2 0.336719 0.397222 0.109896 0.135185 0.90625
2 0.084375 0.864815 0.16875 0.266667 0.914551
2 0.407813 0.844444 0.203125 0.301852 0.916016
2 0.178125 0.636111 0.186458 0.27037 0.923828
