9 0.725 0.099537 0.0104167 0.0546296 0.253418
7 0.0153646 0.128704 0.0307292 0.144444 0.384033
2 0.0153646 0.127778 0.0307292 0.140741 0.432129
2 0.151562 0.0226852 0.05625 0.0453704 0.600586
2 0.0799479 0.0583333 0.0671875 0.0888889 0.60791
2 0.863281 0.215741 0.170312 0.12037 0.711426
2 0.516667 0.459259 0.121875 0.218519 0.724609
9 0.565625 0.0425926 0.0104167 0.05 0.736816
9 0.585156 0.0439815 0.0109375 0.0509259 0.739258
2 0.0473958 0.0930556 0.05 0.0712963 0.741699
2 0.528906 0.348611 0.0984375 0.134259 0.750488
2 0.496875 0.558796 0.134375 0.171296 0.805176
2 0.338542 0.384259 0.104167 0.131481 0.855957
2 0.299479 0.462963 0.122917 0.15 0.858398
2 0.246354 0.545833 0.130208 0.180556 0.916504
2 0.464063 0.666204 0.136458 0.217593 0.916504
