7 0.0601562 0.0523148 0.105729 0.10463 0.274414
7 0.0867188 0.0560185 0.0515625 0.0953704 0.319092
7 0.117969 0.0375 0.0588542 0.0731481 0.456543
7 0.0354167 0.0712963 0.0697917 0.12963 0.495605
9 0.585156 0.0439815 0.0109375 0.0509259 0.632812
9 0.565625 0.0430556 0.0104167 0.0509259 0.645508
7 0.961979 0.267593 0.0760417 0.144444 0.708496
2 0.458333 0.208333 0.166667 0.122222 0.72168
2 0.289583 0.474074 0.108333 0.155556 0.784668
2 0.0653646 0.880556 0.130729 0.231481 0.858398
2 0.526302 0.388889 0.100521 0.125926 0.881348
2 0.339583 0.387963 0.103125 0.135185 0.891602
2 0.226302 0.553241 0.163021 0.243519 0.89209
2 0.502344 0.49537 0.106771 0.17037 0.898926
2 0.828125 0.215741 0.166667 0.12037 0.903809
2 0.45599 0.655093 0.160938 0.280556 0.917969
2 0.407813 0.843056 0.203125 0.302778 0.919434
2 0.127344 0.746296 0.199479 0.266667 0.925293
