7 0.0414063 0.0958333 0.0505208 0.075 0.262695
9 0.725 0.0967593 0.0104167 0.0601852 0.343018
7 0.0111979 0.113426 0.0223958 0.128704 0.407959
7 0.0299479 0.0351852 0.0598958 0.0685185 0.411621
2 0.0416667 0.0976852 0.05 0.075 0.477783
7 0.0677083 0.0671296 0.0760417 0.0953704 0.486572
7 0.101562 0.0407407 0.078125 0.0814815 0.48877
2 0.46875 0.636111 0.127083 0.157407 0.687988
9 0.565885 0.0425926 0.0109375 0.05 0.728516
9 0.585677 0.0439815 0.0109375 0.0509259 0.746582
2 0.501823 0.556481 0.142188 0.172222 0.813477
2 0.532031 0.337963 0.0994792 0.12963 0.819336
2 0.510417 0.428241 0.13125 0.184259 0.826172
2 0.825 0.214815 0.16875 0.118519 0.836426
2 0.298698 0.462963 0.124479 0.148148 0.858887
2 0.344531 0.378704 0.107813 0.131481 0.876465
2 0.964583 0.215741 0.0708333 0.12037 0.882812
2 0.427344 0.781944 0.178646 0.330556 0.88623
2 0.253385 0.543519 0.118229 0.175926 0.890625
2 0.375 0.898148 0.230208 0.196296 0.902832
2 0.0838542 0.864815 0.167708 0.262963 0.913086
2 0.17474 0.644444 0.189063 0.274074 0.922363
