9 0.72474 0.0962963 0.00989583 0.0611111 0.322021
7 0.148698 0.0217593 0.0505208 0.0435185 0.403076
2 0.149479 0.0222222 0.05 0.0444444 0.549805
2 0.504167 0.462963 0.114583 0.218519 0.556641
2 0.0203125 0.111574 0.040625 0.113889 0.636719
9 0.566146 0.0453704 0.0114583 0.0555556 0.650879
2 0.527344 0.372685 0.102604 0.158333 0.716797
9 0.585156 0.0444444 0.0109375 0.0518519 0.728516
2 0.0830729 0.0203704 0.0515625 0.0407407 0.757812
2 0.382812 0.261111 0.0864583 0.122222 0.831055
2 0.327604 0.403241 0.113542 0.136111 0.927246
