9 0.72474 0.0962963 0.00989583 0.0611111 0.308838
2 0.411979 0.221296 0.0791667 0.111111 0.502441
7 0.506771 0.462037 0.11875 0.222222 0.505859
2 0.506771 0.4625 0.117708 0.221296 0.530762
7 0.41224 0.221759 0.0786458 0.113889 0.567383
9 0.565885 0.0425926 0.0109375 0.05 0.740234
9 0.585677 0.0439815 0.0109375 0.0509259 0.755371
2 0.0205729 0.1125 0.0401042 0.110185 0.764648
2 0.527344 0.362037 0.102604 0.137037 0.806152
2 0.123698 0.0356481 0.0536458 0.0675926 0.806152
2 0.0526042 0.0347222 0.053125 0.0694444 0.839355
2 0.327604 0.403704 0.113542 0.135185 0.928223
