2 0.0104167 0.111111 0.0208333 0.118519 0.258789
7 0.0106771 0.111111 0.0213542 0.12037 0.330566
9 0.585156 0.0430556 0.0109375 0.0490741 0.337402
7 0.116667 0.0361111 0.06875 0.0722222 0.495117
7 0.0583333 0.0537037 0.108333 0.107407 0.527832
9 0.565885 0.0430556 0.0109375 0.0509259 0.566406
7 0.0364583 0.0888889 0.0697917 0.1 0.601074
2 0.610156 0.0791667 0.0494792 0.0824074 0.706055
7 0.523438 0.355093 0.108333 0.149074 0.709961
2 0.298958 0.463889 0.123958 0.15 0.841797
2 0.345573 0.375463 0.108854 0.130556 0.845215
2 0.510677 0.465278 0.0984375 0.150926 0.872559
2 0.964583 0.216204 0.0708333 0.119444 0.885742
2 0.253906 0.543056 0.119271 0.176852 0.887207
2 0.806771 0.213889 0.161458 0.12037 0.892578
2 0.486198 0.5625 0.117188 0.186111 0.907715
2 0.0841146 0.865741 0.168229 0.268519 0.913574
2 0.43724 0.7125 0.148438 0.297222 0.915527
2 0.391667 0.895833 0.236458 0.199074 0.916992
2 0.174479 0.644444 0.188542 0.274074 0.92627
