7 0.0109375 0.110648 0.021875 0.128704 0.346436
7 0.0242187 0.0384259 0.0484375 0.0657407 0.462402
7 0.0671875 0.0652778 0.075 0.100926 0.496582
7 0.113802 0.0393519 0.0578125 0.0787037 0.554688
2 0.0419271 0.0972222 0.0494792 0.0740741 0.604492
9 0.565625 0.0425926 0.0104167 0.05 0.702148
9 0.585156 0.0435185 0.0109375 0.0518519 0.705566
2 0.469271 0.646296 0.125 0.175926 0.780762
2 0.532031 0.336574 0.0984375 0.128704 0.80957
2 0.510417 0.428241 0.13125 0.184259 0.822266
2 0.502604 0.555093 0.140625 0.169444 0.832031
2 0.822917 0.215278 0.16875 0.121296 0.837891
2 0.298438 0.462963 0.126042 0.148148 0.868652
2 0.34401 0.377778 0.105729 0.12963 0.883301
2 0.964583 0.216204 0.0708333 0.119444 0.88623
2 0.253385 0.543056 0.118229 0.176852 0.88623
2 0.435156 0.718056 0.170312 0.213889 0.888184
2 0.392969 0.884259 0.233854 0.222222 0.898926
2 0.0841146 0.864815 0.168229 0.262963 0.915039
2 0.174479 0.644444 0.1875 0.274074 0.921875
