9 0.725 0.0962963 0.0104167 0.0611111 0.398926
2 0.505729 0.455556 0.115625 0.205556 0.463623
7 0.101302 0.0444444 0.0651042 0.0888889 0.469971
7 0.527604 0.371296 0.101042 0.164815 0.479248
7 0.0177083 0.0967593 0.0354167 0.171296 0.487061
2 0.101042 0.0444444 0.0645833 0.0888889 0.524902
7 0.50599 0.456944 0.116146 0.210185 0.59082
2 0.528385 0.368519 0.102604 0.159259 0.705566
2 0.882292 0.215741 0.16875 0.118519 0.736816
9 0.565885 0.0425926 0.0109375 0.05 0.740723
9 0.585677 0.0439815 0.0109375 0.0509259 0.754395
2 0.0533854 0.0916667 0.0484375 0.0759259 0.760254
2 0.3375 0.388426 0.104167 0.132407 0.881836
2 0.488542 0.568056 0.11875 0.187963 0.912109
2 0.294792 0.463889 0.132292 0.153704 0.918945
