7 0.0880208 0.0583333 0.046875 0.0962963 0.273193
2 0.0882813 0.0606481 0.0463542 0.0953704 0.275879
2 0.059375 0.0541667 0.104167 0.10463 0.278564
2 0.0354167 0.0824074 0.0708333 0.111111 0.282227
2 0.00729167 0.123611 0.0145833 0.0768519 0.309082
7 0.0356771 0.0703704 0.0703125 0.131481 0.373291
7 0.436458 0.208333 0.166667 0.12037 0.399658
7 0.117969 0.0375 0.0588542 0.075 0.424072
7 0.978125 0.268981 0.04375 0.136111 0.442627
2 0.978125 0.267593 0.04375 0.140741 0.564453
9 0.565625 0.0430556 0.0104167 0.0509259 0.666016
9 0.585156 0.0439815 0.0119792 0.0509259 0.672363
2 0.435937 0.209259 0.166667 0.12037 0.678223
2 0.289844 0.474074 0.107813 0.155556 0.813477
2 0.0653646 0.880556 0.130729 0.231481 0.858398
2 0.528125 0.389815 0.103125 0.12963 0.871582
2 0.339063 0.3875 0.101042 0.134259 0.875
2 0.827865 0.215741 0.166146 0.122222 0.905762
2 0.226042 0.553704 0.163542 0.242593 0.905762
2 0.503125 0.491667 0.105208 0.166667 0.911621
2 0.407292 0.843056 0.202083 0.30463 0.919434
2 0.45599 0.650463 0.158854 0.278704 0.919922
2 0.127344 0.746296 0.199479 0.266667 0.926758
