7 0.0880208 0.0583333 0.046875 0.0962963 0.252197
2 0.0598958 0.0537037 0.103125 0.103704 0.26416
2 0.0885417 0.0597222 0.0458333 0.0953704 0.306641
2 0.0351562 0.0731481 0.0703125 0.133333 0.316406
9 0.72474 0.0962963 0.00989583 0.0611111 0.32959
7 0.0351562 0.075463 0.0692708 0.130556 0.376709
7 0.117969 0.037963 0.0598958 0.0740741 0.406738
9 0.565885 0.0430556 0.0109375 0.0509259 0.649902
9 0.585677 0.0444444 0.0109375 0.0518519 0.688477
2 0.333594 0.209722 0.169271 0.125 0.729492
2 0.28776 0.474537 0.117188 0.156481 0.80127
2 0.065625 0.880556 0.13125 0.231481 0.863281
2 0.53125 0.384722 0.0989583 0.134259 0.875488
2 0.338542 0.3875 0.0989583 0.134259 0.892578
2 0.828906 0.215741 0.164062 0.12037 0.90625
2 0.504687 0.481944 0.102083 0.150926 0.910645
2 0.225521 0.554167 0.1625 0.241667 0.912598
2 0.407031 0.844444 0.202604 0.303704 0.916504
2 0.127083 0.746296 0.2 0.266667 0.921875
2 0.4625 0.630556 0.152083 0.275926 0.921875
