7 0.0794271 0.0592593 0.0692708 0.0907407 0.328613
7 0.0151042 0.129167 0.0302083 0.137963 0.351074
2 0.0151042 0.127778 0.0302083 0.135185 0.470703
2 0.0807292 0.0592593 0.0666667 0.0907407 0.535645
2 0.517187 0.45787 0.121875 0.221296 0.57666
2 0.15026 0.0236111 0.0567708 0.0472222 0.591309
2 0.863281 0.215741 0.170312 0.12037 0.714355
2 0.529427 0.349074 0.0994792 0.135185 0.71582
9 0.585156 0.0439815 0.0119792 0.0509259 0.729004
9 0.565625 0.0425926 0.0114583 0.05 0.729492
2 0.0473958 0.0930556 0.05 0.0712963 0.749512
2 0.496354 0.558796 0.134375 0.171296 0.797363
2 0.299219 0.4625 0.123438 0.149074 0.861328
2 0.338281 0.383796 0.103646 0.132407 0.885254
2 0.464583 0.666204 0.136458 0.217593 0.911621
2 0.246354 0.545833 0.130208 0.180556 0.91748
