9 0.725 0.0962963 0.0104167 0.0611111 0.295166
7 0.528125 0.368519 0.102083 0.157407 0.369873
2 0.550781 0.0268519 0.0473958 0.0537037 0.421143
2 0.16276 0.0152778 0.0536458 0.0305556 0.496582
7 0.507292 0.452315 0.11875 0.20463 0.504395
2 0.507292 0.452315 0.11875 0.202778 0.534668
2 0.0174479 0.121296 0.0348958 0.127778 0.538574
9 0.565625 0.0384259 0.0145833 0.0564815 0.613281
2 0.0898438 0.0171296 0.0598958 0.0342593 0.684082
9 0.585938 0.0430556 0.0114583 0.0509259 0.719238
2 0.528385 0.362037 0.102604 0.146296 0.749512
2 0.0515625 0.0902778 0.0489583 0.0731481 0.805664
2 0.961719 0.216204 0.0765625 0.117593 0.838379
2 0.335938 0.389352 0.108333 0.136111 0.90918
2 0.475 0.62037 0.129167 0.201852 0.922852
2 0.282031 0.486111 0.130729 0.161111 0.927734
