9 0.725 0.0962963 0.0104167 0.0611111 0.28125
7 0.528125 0.369444 0.102083 0.161111 0.369873
2 0.167187 0.0115741 0.0489583 0.0231481 0.403809
9 0.566146 0.0407407 0.0114583 0.0555556 0.452881
2 0.0174479 0.120833 0.0348958 0.126852 0.477539
2 0.507292 0.455556 0.11875 0.211111 0.496338
7 0.507292 0.456019 0.11875 0.213889 0.526855
2 0.0966146 0.0148148 0.0578125 0.0296296 0.574707
9 0.585677 0.0439815 0.0109375 0.0509259 0.675293
2 0.542188 0.0333333 0.04375 0.0666667 0.705566
2 0.528385 0.363426 0.102604 0.150926 0.715332
2 0.975 0.218056 0.05 0.117593 0.740234
2 0.0513021 0.0902778 0.0494792 0.0731481 0.763184
2 0.276823 0.496296 0.132812 0.164815 0.909668
2 0.335417 0.389815 0.109375 0.135185 0.910645
2 0.471354 0.622685 0.125 0.200926 0.926758
