7 0.0151042 0.124074 0.0302083 0.131481 0.318848
7 0.0476562 0.0930556 0.0526042 0.0712963 0.331543
2 0.0799479 0.0569444 0.0682292 0.087963 0.411865
2 0.0151042 0.122685 0.0302083 0.128704 0.430908
9 0.725 0.0967593 0.0104167 0.0601852 0.436768
7 0.0802083 0.0564815 0.0677083 0.087037 0.48584
2 0.529948 0.365741 0.100521 0.162963 0.556641
2 0.507812 0.45463 0.111458 0.209259 0.610352
2 0.0479167 0.0930556 0.05 0.0712963 0.68457
2 0.864062 0.215741 0.169792 0.12037 0.687988
9 0.565625 0.0430556 0.0114583 0.0509259 0.689941
9 0.585677 0.0444444 0.0109375 0.05 0.727051
2 0.486458 0.560648 0.116667 0.186111 0.871582
2 0.339063 0.383796 0.105208 0.128704 0.874512
2 0.295052 0.465741 0.131771 0.153704 0.921387
2 0.456771 0.693056 0.1375 0.221296 0.926758
2 0.207031 0.620833 0.148438 0.199074 0.94043
