0 0.819531 0.1875 0.0171875 0.0324074 0.263184
7 0.0445312 0.0907407 0.0536458 0.0777778 0.292725
2 0.0114583 0.116667 0.0229167 0.124074 0.311279
7 0.0111979 0.115278 0.0223958 0.125 0.361572
7 0.110417 0.0402778 0.059375 0.0805556 0.462158
2 0.0414063 0.0967593 0.0515625 0.0712963 0.653809
7 0.0700521 0.0574074 0.0703125 0.114815 0.679688
2 0.469531 0.646296 0.125521 0.177778 0.692383
9 0.565625 0.0425926 0.0104167 0.05 0.714355
9 0.585156 0.0435185 0.0109375 0.0518519 0.717285
2 0.510417 0.428241 0.13125 0.184259 0.808594
2 0.502344 0.556481 0.142188 0.172222 0.818359
2 0.53125 0.336111 0.0979167 0.127778 0.820312
2 0.835938 0.214815 0.165625 0.12037 0.824707
2 0.299219 0.463426 0.123438 0.149074 0.860352
2 0.357552 0.948611 0.211979 0.0953704 0.864746
2 0.34375 0.378241 0.105208 0.130556 0.873047
2 0.964583 0.216667 0.0708333 0.118519 0.881836
2 0.253646 0.543056 0.11875 0.176852 0.890137
2 0.427344 0.78287 0.182812 0.328704 0.910156
2 0.0841146 0.865278 0.167187 0.262037 0.911621
2 0.174479 0.643981 0.1875 0.275 0.918945
