7 0.0289063 0.037963 0.0578125 0.0722222 0.259766
7 0.0533854 0.0726852 0.0765625 0.100926 0.306396
2 0.0526042 0.074537 0.078125 0.100926 0.499756
7 0.515625 0.377778 0.102083 0.174074 0.508789
7 0.111719 0.0402778 0.0598958 0.0768519 0.533203
2 0.0151042 0.112963 0.0302083 0.124074 0.546387
2 0.516406 0.377315 0.101562 0.171296 0.547363
2 0.467708 0.644444 0.127083 0.174074 0.705566
9 0.585677 0.0449074 0.0119792 0.0546296 0.753906
9 0.565625 0.0430556 0.0104167 0.0509259 0.775879
2 0.298438 0.464352 0.126042 0.150926 0.86084
2 0.344792 0.376389 0.107292 0.128704 0.873535
2 0.500521 0.549074 0.123958 0.177778 0.876465
2 0.567708 0.236111 0.0791667 0.131481 0.880859
2 0.434896 0.733333 0.159375 0.237037 0.885254
2 0.964583 0.216204 0.0708333 0.119444 0.888184
2 0.253906 0.543056 0.119271 0.176852 0.892578
2 0.817708 0.215278 0.164583 0.119444 0.901855
2 0.0838542 0.866667 0.167708 0.266667 0.908203
2 0.392969 0.894444 0.238021 0.2 0.913086
2 0.17474 0.644444 0.188021 0.274074 0.925293
