7 0.034375 0.0324074 0.0645833 0.0648148 0.291748
2 0.0354167 0.0324074 0.065625 0.0648148 0.319092
9 0.725 0.0967593 0.0104167 0.0601852 0.368896
7 0.0710938 0.0675926 0.0692708 0.0981481 0.378174
7 0.0114583 0.111111 0.0229167 0.135185 0.378174
2 0.0403646 0.0967593 0.0536458 0.0731481 0.454346
7 0.108333 0.0402778 0.065625 0.0805556 0.472412
2 0.46875 0.645833 0.127083 0.176852 0.704102
9 0.565625 0.0425926 0.0104167 0.05 0.726562
9 0.585677 0.0439815 0.0109375 0.0509259 0.743164
2 0.502344 0.556019 0.142188 0.171296 0.822266
2 0.532031 0.337963 0.0994792 0.12963 0.838379
2 0.510417 0.428241 0.13125 0.184259 0.841797
2 0.832812 0.214352 0.167708 0.121296 0.856445
2 0.298958 0.462963 0.125 0.148148 0.861816
2 0.344531 0.378704 0.108854 0.131481 0.872559
2 0.964583 0.216204 0.0708333 0.119444 0.884277
2 0.429688 0.781944 0.182292 0.330556 0.888672
2 0.253646 0.543056 0.11875 0.176852 0.889648
2 0.371094 0.897222 0.222396 0.196296 0.912109
2 0.0838542 0.864815 0.167708 0.262963 0.914551
2 0.17474 0.644444 0.188021 0.274074 0.922363
