2 0.0880208 0.0601852 0.0479167 0.0962963 0.317139
2 0.0078125 0.123611 0.015625 0.0824074 0.337158
7 0.0348958 0.0731481 0.0697917 0.135185 0.345215
7 0.117969 0.037037 0.0588542 0.0740741 0.420898
2 0.0356771 0.0699074 0.0703125 0.132407 0.428955
7 0.922396 0.272222 0.155208 0.140741 0.550781
2 0.921875 0.272222 0.15625 0.138889 0.690918
9 0.585677 0.0453704 0.0119792 0.0555556 0.730469
9 0.565625 0.0430556 0.0104167 0.0509259 0.751465
2 0.513281 0.209722 0.165104 0.121296 0.773926
2 0.289844 0.474537 0.107813 0.156481 0.786133
2 0.339063 0.389352 0.101042 0.136111 0.856445
2 0.0653646 0.880556 0.130729 0.231481 0.861328
2 0.521615 0.396296 0.0921875 0.133333 0.865234
2 0.499219 0.509722 0.108854 0.163889 0.88623
2 0.833594 0.213889 0.166146 0.114815 0.900391
2 0.225781 0.553704 0.163021 0.242593 0.906738
2 0.454688 0.661111 0.161458 0.285185 0.907227
2 0.407292 0.844444 0.202083 0.303704 0.915527
2 0.127083 0.746296 0.2 0.266667 0.923828
