9 0.725 0.0967593 0.0104167 0.062037 0.297363
7 0.0848958 0.0555556 0.0541667 0.103704 0.311279
2 0.0078125 0.123611 0.015625 0.0824074 0.359619
7 0.0364583 0.0694444 0.071875 0.127778 0.455322
7 0.119531 0.037037 0.0546875 0.0740741 0.568359
9 0.565885 0.0430556 0.0109375 0.0509259 0.684082
9 0.585677 0.0444444 0.0109375 0.0518519 0.714355
2 0.783073 0.214352 0.168229 0.121296 0.761719
2 0.289844 0.474074 0.107813 0.157407 0.793457
2 0.492188 0.551852 0.111458 0.166667 0.819336
2 0.338542 0.389352 0.101042 0.136111 0.833984
2 0.564062 0.338889 0.140625 0.166667 0.837891
2 0.964063 0.215278 0.071875 0.121296 0.853516
2 0.507552 0.461574 0.0953125 0.149074 0.85791
2 0.0653646 0.881481 0.130729 0.22963 0.86084
2 0.453385 0.663889 0.158854 0.287037 0.896973
2 0.226042 0.554167 0.1625 0.243519 0.908691
2 0.407813 0.844444 0.203125 0.301852 0.916504
2 0.127083 0.746296 0.2 0.266667 0.927246
