7 0.0132813 0.130093 0.0265625 0.139815 0.302246
9 0.725 0.0962963 0.0104167 0.0611111 0.345459
2 0.0130208 0.128704 0.0260417 0.137037 0.439209
2 0.0796875 0.0564815 0.0666667 0.0907407 0.449707
7 0.0802083 0.0550926 0.0666667 0.0916667 0.597168
7 0.121094 0.0365741 0.0536458 0.0731481 0.662109
9 0.565885 0.0430556 0.0109375 0.0509259 0.719727
9 0.585677 0.0439815 0.0109375 0.0509259 0.744629
2 0.0466146 0.0935185 0.0526042 0.0703704 0.768066
2 0.529688 0.345833 0.101042 0.134259 0.805664
2 0.495052 0.560648 0.131771 0.175 0.810059
2 0.848958 0.216204 0.170833 0.119444 0.813477
2 0.340885 0.382407 0.109896 0.133333 0.833008
2 0.516406 0.459259 0.120312 0.218519 0.85498
2 0.298698 0.462963 0.124479 0.148148 0.863281
2 0.0544271 0.903704 0.108854 0.185185 0.869141
2 0.364323 0.952778 0.225521 0.087037 0.877441
2 0.463542 0.667593 0.135417 0.216667 0.914551
2 0.246875 0.547222 0.13125 0.181481 0.919434
