2 0.0078125 0.122222 0.015625 0.087037 0.313477
7 0.0390625 0.0736111 0.0760417 0.112037 0.39624
7 0.0604167 0.0518519 0.10625 0.103704 0.473145
7 0.119531 0.037037 0.0567708 0.0740741 0.519531
9 0.565625 0.0430556 0.0114583 0.0509259 0.625
9 0.585677 0.0439815 0.0109375 0.0509259 0.680664
2 0.290104 0.474537 0.107292 0.156481 0.792969
2 0.745313 0.214815 0.165625 0.12037 0.8125
2 0.338802 0.389815 0.0994792 0.135185 0.836426
2 0.492448 0.551389 0.113021 0.163889 0.848145
2 0.0653646 0.880556 0.130729 0.231481 0.859375
2 0.624219 0.314815 0.159896 0.157407 0.863281
2 0.510677 0.443981 0.0953125 0.147222 0.879883
2 0.955208 0.215741 0.0895833 0.118519 0.881348
2 0.453646 0.663889 0.159375 0.287037 0.904297
2 0.226042 0.554167 0.1625 0.243519 0.906738
2 0.407813 0.844444 0.203125 0.301852 0.917969
2 0.127083 0.746296 0.2 0.266667 0.92627
