0 0.478906 0.20787 0.0328125 0.0398148 0.289307
2 0.386719 0.530556 0.122396 0.187037 0.874512
2 0.451823 0.239352 0.207813 0.15463 0.877441
2 0.421094 0.397222 0.129688 0.205556 0.880371
2 0.703125 0.163889 0.179167 0.131481 0.898926
2 0.0786458 0.708796 0.15625 0.336111 0.907715
2 0.273438 0.335648 0.0958333 0.134259 0.908691
2 0.33151 0.631019 0.188021 0.315741 0.909668
2 0.919792 0.166204 0.160417 0.132407 0.911133
2 0.248437 0.832407 0.255208 0.322222 0.916992
2 0.184375 0.482407 0.164583 0.244444 0.935059
