0 0.940625 0.137963 0.021875 0.0314815 0.255127
9 0.438281 0.025 0.0380208 0.0481481 0.344971
0 0.00859375 0.877778 0.0171875 0.244444 0.403076
9 0.426302 0.024537 0.0140625 0.0472222 0.50293
9 0.44974 0.025463 0.0161458 0.0472222 0.522461
2 0.410937 0.427315 0.133333 0.223148 0.804199
2 0.274219 0.770833 0.219271 0.339815 0.885742
2 0.727865 0.164352 0.178646 0.128704 0.902344
2 0.93125 0.164815 0.1375 0.12963 0.903809
2 0.463802 0.22963 0.0755208 0.118519 0.907715
2 0.0770833 0.713889 0.154167 0.335185 0.912109
2 0.352344 0.626852 0.145313 0.227778 0.91748
2 0.195052 0.894444 0.299479 0.2 0.921387
2 0.232292 0.452778 0.120833 0.17037 0.922363
2 0.146094 0.539352 0.185937 0.258333 0.92334
