0 0.716667 0.135185 0.01875 0.0351852 0.300293
2 0.375521 0.499537 0.144792 0.236111 0.520996
2 0.382552 0.050463 0.0609375 0.100926 0.729004
2 0.422917 0.416667 0.10625 0.159259 0.851562
2 0.34401 0.64537 0.140104 0.22963 0.862305
2 0.27474 0.777315 0.220313 0.35463 0.876465
2 0.939844 0.164352 0.120312 0.130556 0.892578
2 0.0682292 0.740741 0.136458 0.351852 0.898926
2 0.735156 0.163426 0.176563 0.130556 0.90332
2 0.19375 0.895833 0.298958 0.197222 0.917969
2 0.233073 0.456481 0.129688 0.172222 0.924805
2 0.138281 0.55 0.185937 0.27037 0.930176
