2 0.378646 0.502315 0.151042 0.247222 0.336426
9 0.449219 0.0236111 0.0130208 0.0472222 0.524414
9 0.426042 0.0236111 0.0125 0.0472222 0.546875
7 0.376302 0.500926 0.144271 0.238889 0.643555
2 0.0299479 0.844907 0.0598958 0.30463 0.864258
2 0.420573 0.419444 0.105729 0.155556 0.87207
2 0.947656 0.16713 0.104687 0.132407 0.889648
2 0.153906 0.571759 0.140104 0.20463 0.898926
2 0.0846354 0.673611 0.169271 0.315741 0.898926
2 0.246354 0.826389 0.2375 0.334259 0.899902
2 0.753125 0.1625 0.178125 0.128704 0.907715
2 0.223958 0.422685 0.147917 0.213889 0.915039
2 0.338021 0.645833 0.152083 0.230556 0.924316
