0 0.940625 0.137963 0.021875 0.0314815 0.26709
0 0.00859375 0.876852 0.0171875 0.246296 0.35498
9 0.44974 0.024537 0.0140625 0.0472222 0.503418
9 0.426302 0.0240741 0.0140625 0.0481481 0.580566
2 0.382031 0.495833 0.149479 0.252778 0.666504
2 0.346875 0.646759 0.145833 0.228704 0.884277
2 0.273698 0.777315 0.219271 0.343519 0.891113
2 0.93125 0.164815 0.1375 0.12963 0.905273
2 0.727865 0.163889 0.178646 0.12963 0.905273
2 0.435156 0.361111 0.0963542 0.142593 0.90918
2 0.232292 0.451389 0.120833 0.167593 0.910645
2 0.0770833 0.713889 0.154167 0.335185 0.912109
2 0.194531 0.89537 0.299479 0.198148 0.917969
2 0.145833 0.540278 0.186458 0.260185 0.920898
