0 0.916406 0.136111 0.0234375 0.0314815 0.254639
9 0.4375 0.025 0.0364583 0.0481481 0.322998
7 0.416406 0.404167 0.128646 0.219444 0.519531
9 0.426302 0.0240741 0.0140625 0.0481481 0.53418
9 0.44974 0.025463 0.0161458 0.0472222 0.560547
2 0.415104 0.404167 0.128125 0.210185 0.724609
2 0.383594 0.53287 0.118229 0.173148 0.727539
2 0.333594 0.628704 0.192188 0.32037 0.87207
2 0.713021 0.162963 0.178125 0.131481 0.900391
2 0.0770833 0.713426 0.153125 0.334259 0.90918
2 0.919792 0.166204 0.160417 0.132407 0.90918
2 0.248177 0.832407 0.255729 0.322222 0.914551
2 0.231771 0.438889 0.110417 0.159259 0.918945
2 0.145833 0.542593 0.186458 0.264815 0.928711
