9 0.608333 0.0796296 0.0125 0.0722222 0.337646
9 0.45026 0.0240741 0.0140625 0.0462963 0.412354
9 0.426302 0.0236111 0.0130208 0.0472222 0.43335
7 0.415885 0.40463 0.128646 0.218519 0.485596
2 0.383073 0.5375 0.117188 0.180556 0.73877
2 0.417188 0.405093 0.128125 0.210185 0.763672
2 0.332292 0.629167 0.189583 0.319444 0.880371
2 0.713281 0.1625 0.176563 0.134259 0.908691
2 0.0768229 0.713426 0.153646 0.336111 0.909668
2 0.922656 0.166204 0.154687 0.132407 0.910645
2 0.248177 0.832407 0.255729 0.32037 0.914551
2 0.231771 0.439352 0.110417 0.160185 0.917969
2 0.145833 0.542593 0.186458 0.264815 0.927734
