2 0.378385 0.501852 0.149479 0.244444 0.367432
9 0.449219 0.0236111 0.0130208 0.0472222 0.469238
9 0.426042 0.0236111 0.0125 0.0472222 0.501953
7 0.376042 0.5 0.14375 0.237037 0.557129
2 0.0299479 0.843056 0.0598958 0.310185 0.854004
2 0.420573 0.419444 0.105729 0.155556 0.873047
2 0.940625 0.164815 0.11875 0.131481 0.89209
2 0.344792 0.645833 0.139583 0.230556 0.895996
2 0.74974 0.1625 0.177604 0.130556 0.903809
2 0.223698 0.42037 0.148438 0.211111 0.905762
2 0.153906 0.572685 0.139062 0.20463 0.90918
2 0.273438 0.781944 0.214583 0.369444 0.916016
2 0.0848958 0.674074 0.169792 0.316667 0.917969
