0 0.747396 0.160185 0.178125 0.127778 0.254883
2 0.0179687 0.0166667 0.0359375 0.0333333 0.277344
0 0.728125 0.135648 0.0229167 0.0361111 0.343994
2 0.378906 0.503704 0.151562 0.251852 0.35376
9 0.449219 0.0240741 0.0140625 0.0481481 0.562012
7 0.376302 0.502315 0.144271 0.243519 0.598145
9 0.426302 0.024537 0.0140625 0.0490741 0.63916
2 0.0302083 0.844444 0.0604167 0.307407 0.851562
2 0.420833 0.419907 0.10625 0.156481 0.875
2 0.947656 0.166667 0.104687 0.133333 0.887695
2 0.153646 0.572685 0.139583 0.20463 0.896484
2 0.75026 0.1625 0.177604 0.128704 0.901855
2 0.0848958 0.673611 0.169792 0.315741 0.903809
2 0.261458 0.811111 0.223958 0.362963 0.908691
2 0.341406 0.646759 0.146354 0.232407 0.909668
2 0.224479 0.422222 0.15 0.214815 0.910645
