0 0.725 0.133333 0.0239583 0.0407407 0.334961
2 0.377865 0.502315 0.149479 0.241667 0.359131
9 0.426042 0.0231481 0.0125 0.0462963 0.409424
9 0.449219 0.0236111 0.0130208 0.0472222 0.436279
7 0.376302 0.500926 0.145313 0.238889 0.567871
2 0.0299479 0.841204 0.0598958 0.312037 0.805664
2 0.344531 0.66713 0.139062 0.273148 0.833984
2 0.422396 0.417593 0.103125 0.157407 0.875488
2 0.939583 0.164352 0.11875 0.130556 0.896973
2 0.273438 0.780556 0.211458 0.364815 0.897949
2 0.0864583 0.675 0.172917 0.32963 0.907715
2 0.201042 0.893056 0.275 0.200926 0.910156
2 0.280729 0.310648 0.111458 0.182407 0.913086
2 0.74401 0.1625 0.177604 0.130556 0.918945
2 0.185417 0.509722 0.139583 0.186111 0.931152
