0 0.319531 0.20787 0.0161458 0.0361111 0.277588
9 0.45 0.0240741 0.0145833 0.0462963 0.289551
0 0.00833333 0.881481 0.0166667 0.237037 0.291992
0 0.684896 0.136111 0.0239583 0.0351852 0.29834
9 0.426302 0.0240741 0.0140625 0.0462963 0.307373
2 0.303646 0.237963 0.208333 0.157407 0.725098
2 0.420573 0.394907 0.130729 0.212037 0.868164
2 0.386979 0.530556 0.122917 0.187037 0.868652
2 0.702865 0.163889 0.178646 0.131481 0.897461
2 0.0773437 0.713889 0.153646 0.335185 0.900879
2 0.33151 0.630556 0.188021 0.316667 0.907715
2 0.919531 0.166204 0.160938 0.132407 0.908203
2 0.266406 0.352778 0.0994792 0.135185 0.913574
2 0.248177 0.833333 0.255729 0.322222 0.917969
2 0.169271 0.50463 0.171875 0.251852 0.940918
