0 0.940625 0.137963 0.021875 0.0314815 0.280029
9 0.438281 0.024537 0.0380208 0.0472222 0.352295
0 0.00859375 0.878704 0.0171875 0.242593 0.386963
9 0.426302 0.0240741 0.0140625 0.0481481 0.523926
9 0.44974 0.025463 0.0161458 0.0472222 0.546875
2 0.409896 0.421296 0.130208 0.212963 0.820801
2 0.273177 0.775463 0.219271 0.34537 0.880859
2 0.727865 0.164352 0.178646 0.128704 0.901367
2 0.93125 0.164815 0.1375 0.12963 0.904785
2 0.467448 0.214352 0.0755208 0.113889 0.911621
2 0.0770833 0.713889 0.154167 0.335185 0.913574
2 0.195052 0.89537 0.299479 0.2 0.91748
2 0.232031 0.452778 0.119271 0.17037 0.925293
2 0.145833 0.538889 0.186458 0.257407 0.927734
2 0.354948 0.613426 0.144271 0.221296 0.930664
