0 0.957812 0.138426 0.021875 0.0305556 0.266113
0 0.716146 0.135648 0.0197917 0.0361111 0.347168
7 0.375521 0.498148 0.144792 0.233333 0.405762
2 0.375521 0.499074 0.144792 0.235185 0.502441
2 0.385156 0.0481481 0.0598958 0.0962963 0.76416
2 0.422396 0.416667 0.10625 0.159259 0.846191
2 0.344271 0.644907 0.140625 0.228704 0.865234
2 0.274479 0.774074 0.219792 0.348148 0.866699
2 0.0697917 0.733333 0.139583 0.348148 0.887695
2 0.939062 0.164352 0.121875 0.130556 0.890137
2 0.735156 0.162963 0.176563 0.12963 0.903809
2 0.194531 0.895833 0.301562 0.197222 0.92041
2 0.232552 0.456481 0.129688 0.172222 0.924805
2 0.139323 0.549074 0.185937 0.268519 0.930664
