9 0.45 0.0240741 0.0145833 0.0462963 0.436035
9 0.426302 0.0240741 0.0140625 0.0462963 0.467529
2 0.420833 0.397685 0.129167 0.206481 0.78418
2 0.704687 0.156944 0.175 0.119444 0.810547
2 0.386719 0.531018 0.122396 0.189815 0.862305
2 0.685938 0.243056 0.20625 0.152778 0.885742
2 0.275781 0.331019 0.0942708 0.128704 0.89502
2 0.33125 0.633333 0.1875 0.311111 0.906738
2 0.0820312 0.689352 0.163021 0.328704 0.90918
2 0.919792 0.166204 0.160417 0.132407 0.910645
2 0.248177 0.832407 0.255729 0.322222 0.917969
2 0.202083 0.451852 0.15625 0.22037 0.917969
