0 0.905469 0.133796 0.0234375 0.0361111 0.293945
9 0.435417 0.0236111 0.03125 0.0472222 0.300781
7 0.0226563 0.0166667 0.0453125 0.0333333 0.40332
2 0.0226563 0.0166667 0.0453125 0.0333333 0.414062
9 0.608333 0.0805556 0.0125 0.0703704 0.478027
7 0.352604 0.16713 0.0791667 0.139815 0.534668
9 0.449479 0.0236111 0.0135417 0.0472222 0.545898
9 0.426302 0.0236111 0.0130208 0.0472222 0.550781
2 0.352865 0.16713 0.0786458 0.139815 0.656738
2 0.916406 0.161111 0.167187 0.133333 0.897949
2 0.0390625 0.855093 0.078125 0.284259 0.900391
2 0.733854 0.174537 0.138542 0.102778 0.916016
2 0.201823 0.462963 0.161979 0.233333 0.929688
2 0.420312 0.416667 0.109375 0.159259 0.931641
2 0.267448 0.849074 0.196354 0.288889 0.93457
