9 0.608333 0.0800926 0.0125 0.0712963 0.284668
0 0.689323 0.134259 0.0244792 0.0351852 0.353027
9 0.449479 0.0236111 0.0135417 0.0472222 0.422119
9 0.426042 0.0236111 0.0125 0.0472222 0.425781
2 0.419792 0.4 0.13125 0.205556 0.668945
2 0.382552 0.531482 0.121354 0.174074 0.845703
2 0.709896 0.163426 0.178125 0.130556 0.894531
2 0.331771 0.631944 0.188542 0.312037 0.897461
2 0.919792 0.166204 0.160417 0.132407 0.909668
2 0.0768229 0.713426 0.153646 0.336111 0.910156
2 0.238802 0.418981 0.109896 0.156481 0.914062
2 0.248177 0.832407 0.255729 0.32037 0.915039
2 0.145833 0.541667 0.185417 0.264815 0.929199
