0 0.708333 0.136574 0.021875 0.0361111 0.258057
0 0.940625 0.1375 0.021875 0.0305556 0.270996
0 0.00859375 0.877778 0.0171875 0.244444 0.37915
9 0.426042 0.0236111 0.0125 0.0472222 0.407227
9 0.449219 0.0236111 0.0130208 0.0472222 0.462402
2 0.377865 0.500926 0.151562 0.238889 0.797363
2 0.344531 0.647222 0.142188 0.231481 0.855469
2 0.272135 0.778241 0.213021 0.350926 0.890137
2 0.429167 0.387037 0.1 0.146296 0.896484
2 0.93125 0.164815 0.1375 0.12963 0.904785
2 0.727865 0.163889 0.178646 0.12963 0.907227
2 0.232552 0.451852 0.120312 0.168519 0.911133
2 0.0770833 0.712963 0.154167 0.335185 0.911621
2 0.195312 0.893519 0.298958 0.201852 0.915039
2 0.145833 0.540278 0.186458 0.260185 0.924805
