9 0.440885 0.0240741 0.0296875 0.0481481 0.263184
0 0.940625 0.136111 0.0229167 0.0333333 0.317627
0 0.715625 0.135648 0.0197917 0.0342593 0.320312
2 0.377344 0.502778 0.149479 0.244444 0.323975
9 0.426562 0.0236111 0.0135417 0.0453704 0.392578
9 0.449219 0.0240741 0.0140625 0.0462963 0.473877
7 0.375781 0.501852 0.144271 0.238889 0.54541
2 0.422135 0.416667 0.106771 0.159259 0.834473
2 0.346615 0.646296 0.134896 0.231481 0.88623
2 0.275 0.70463 0.216667 0.255556 0.895508
2 0.0776042 0.712037 0.155208 0.331481 0.899414
2 0.144271 0.537037 0.184375 0.253704 0.901855
2 0.93125 0.163889 0.1375 0.127778 0.904297
2 0.735156 0.162963 0.176563 0.12963 0.90625
2 0.197396 0.870833 0.303125 0.24537 0.916504
2 0.233594 0.456019 0.127604 0.171296 0.917969
