0 0.715885 0.134722 0.0203125 0.0361111 0.255127
2 0.376563 0.499537 0.148958 0.234259 0.342285
9 0.449219 0.0240741 0.0130208 0.0462963 0.404053
9 0.425781 0.0240741 0.0140625 0.0481481 0.425049
7 0.37526 0.499074 0.145313 0.235185 0.571777
2 0.373177 0.0740741 0.0682292 0.114815 0.76123
2 0.422396 0.416667 0.10625 0.159259 0.854004
2 0.344792 0.644907 0.141667 0.228704 0.855957
2 0.272917 0.77963 0.215625 0.355556 0.880859
2 0.939844 0.164352 0.120312 0.130556 0.892578
2 0.0643229 0.759259 0.127604 0.355556 0.902344
2 0.734896 0.163426 0.177083 0.130556 0.90332
2 0.194271 0.895833 0.298958 0.197222 0.915039
2 0.232812 0.456481 0.130208 0.172222 0.924316
2 0.13724 0.550926 0.186979 0.268519 0.9375
