9 0.438542 0.0240741 0.0333333 0.0481481 0.314209
7 0.376563 0.500926 0.155208 0.248148 0.361572
0 0.907812 0.134259 0.0239583 0.037037 0.468994
2 0.375521 0.502315 0.152083 0.247222 0.580078
9 0.449219 0.0240741 0.0151042 0.0481481 0.65625
9 0.426042 0.0236111 0.0125 0.0472222 0.659668
2 0.416667 0.422222 0.1 0.144444 0.769043
2 0.916146 0.165278 0.167708 0.126852 0.897949
2 0.0734375 0.723611 0.146875 0.34537 0.909668
2 0.709896 0.175 0.1375 0.103704 0.914062
2 0.215625 0.437963 0.152083 0.224074 0.928223
2 0.139323 0.593518 0.150521 0.212963 0.934082
