9 0.608333 0.0796296 0.0125 0.0722222 0.291016
7 0.0307292 0.0115741 0.053125 0.0231481 0.292725
0 0.940104 0.137037 0.021875 0.0314815 0.30542
0 0.00859375 0.879167 0.0171875 0.241667 0.310059
7 0.4125 0.413426 0.121875 0.213889 0.712891
2 0.508594 0.0296296 0.0473958 0.0592593 0.847656
2 0.382031 0.543519 0.120312 0.196296 0.861328
2 0.93125 0.164815 0.1375 0.12963 0.904297
2 0.721875 0.1625 0.177083 0.128704 0.907227
2 0.322656 0.643056 0.181771 0.312037 0.911133
2 0.233594 0.446296 0.115104 0.168519 0.91748
2 0.0770833 0.713889 0.153125 0.335185 0.917969
2 0.216927 0.861574 0.279687 0.262037 0.927734
2 0.145573 0.542593 0.185937 0.266667 0.929199
