9 0.438542 0.0240741 0.0395833 0.0481481 0.349121
9 0.45 0.0240741 0.0145833 0.0462963 0.417969
0 0.907031 0.134722 0.0234375 0.0361111 0.438477
9 0.608333 0.0796296 0.0125 0.0703704 0.443359
9 0.426042 0.0240741 0.0145833 0.0462963 0.445801
2 0.173177 0.958796 0.265104 0.0768519 0.70166
2 0.916146 0.165278 0.167708 0.126852 0.899902
2 0.723698 0.174537 0.138021 0.106481 0.909668
2 0.446875 0.308796 0.0885417 0.132407 0.912109
2 0.402865 0.460185 0.117188 0.168519 0.916016
2 0.121875 0.610185 0.165625 0.222222 0.92627
2 0.208594 0.448148 0.154687 0.225926 0.932129
