9 0.434115 0.0240741 0.0286458 0.0481481 0.276367
9 0.608333 0.0796296 0.0125 0.0722222 0.335938
9 0.45 0.0240741 0.0145833 0.0462963 0.452148
9 0.426302 0.0236111 0.0130208 0.0472222 0.47583
7 0.415885 0.404167 0.128646 0.217593 0.487305
2 0.383594 0.534259 0.117188 0.175926 0.720215
2 0.415104 0.404167 0.128125 0.208333 0.736816
2 0.333333 0.628241 0.191667 0.321296 0.875
2 0.713542 0.162963 0.177083 0.131481 0.90332
2 0.919792 0.16713 0.160417 0.130556 0.908691
2 0.0770833 0.713426 0.153125 0.334259 0.909668
2 0.248437 0.832407 0.255208 0.322222 0.914551
2 0.231771 0.438889 0.110417 0.159259 0.917969
2 0.145833 0.542593 0.186458 0.264815 0.928711
