9 0.438021 0.0236111 0.0385417 0.0472222 0.3125
9 0.608333 0.0800926 0.0125 0.0712963 0.417969
0 0.907031 0.134722 0.0234375 0.0361111 0.42627
9 0.45 0.0240741 0.0145833 0.0462963 0.440918
9 0.426302 0.0236111 0.0140625 0.0472222 0.453613
2 0.0369792 0.833333 0.0739583 0.32963 0.883789
2 0.464583 0.223611 0.075 0.115741 0.895508
2 0.916146 0.165278 0.167708 0.126852 0.899414
2 0.723698 0.175 0.139062 0.105556 0.90918
2 0.411198 0.442593 0.113021 0.17037 0.919922
2 0.302083 0.70787 0.202083 0.330556 0.923828
2 0.122135 0.611574 0.165104 0.223148 0.929688
2 0.208594 0.440741 0.153646 0.209259 0.932617
