9 0.43776 0.0240741 0.0348958 0.0481481 0.278809
2 0.377083 0.5 0.15 0.237037 0.381348
7 0.375781 0.499074 0.146354 0.235185 0.52002
9 0.44974 0.024537 0.0151042 0.0472222 0.531738
9 0.426042 0.0236111 0.0125 0.0472222 0.548828
2 0.0299479 0.843056 0.0598958 0.306481 0.855957
2 0.422135 0.418056 0.104687 0.158333 0.870117
2 0.344271 0.645833 0.140625 0.230556 0.882812
2 0.31875 0.217593 0.09375 0.153704 0.892578
2 0.940625 0.164352 0.11875 0.130556 0.895996
2 0.277344 0.783796 0.218229 0.358333 0.914551
2 0.189063 0.890278 0.29375 0.206481 0.916504
2 0.74401 0.1625 0.177604 0.128704 0.92041
2 0.209635 0.476389 0.127604 0.178704 0.922363
2 0.105729 0.598611 0.204167 0.287963 0.938965
