9 0.449219 0.0240741 0.0130208 0.0462963 0.366455
9 0.426302 0.0236111 0.0130208 0.0472222 0.399902
7 0.375521 0.499074 0.145833 0.235185 0.406982
2 0.375781 0.499537 0.146354 0.236111 0.484131
2 0.344271 0.673148 0.140625 0.287037 0.844727
2 0.0302083 0.844907 0.0604167 0.30463 0.847656
2 0.422135 0.418056 0.104687 0.158333 0.873535
2 0.940625 0.163889 0.11875 0.12963 0.896973
2 0.273438 0.783333 0.211458 0.366667 0.897949
2 0.195052 0.891667 0.283854 0.205556 0.902344
2 0.307292 0.247222 0.0979167 0.164815 0.902832
2 0.74401 0.1625 0.177604 0.128704 0.919922
2 0.206771 0.476389 0.132292 0.178704 0.926758
2 0.0960938 0.627778 0.192188 0.298148 0.928223
