2 0.0184896 0.0189815 0.0359375 0.037963 0.254395
9 0.4375 0.0240741 0.0375 0.0481481 0.269775
0 0.940625 0.1375 0.021875 0.0305556 0.297363
0 0.00859375 0.876852 0.0171875 0.246296 0.399414
9 0.426302 0.0236111 0.0130208 0.0472222 0.437744
9 0.608333 0.0796296 0.0125 0.0722222 0.446533
9 0.449479 0.0236111 0.0135417 0.0453704 0.449219
2 0.410156 0.418981 0.124479 0.226852 0.637207
2 0.475521 0.176389 0.0697917 0.106481 0.88916
2 0.277604 0.769444 0.228125 0.348148 0.894043
2 0.0770833 0.713426 0.154167 0.336111 0.899902
2 0.93125 0.164815 0.1375 0.12963 0.904297
2 0.727865 0.163889 0.177604 0.131481 0.905762
2 0.195312 0.891667 0.298958 0.203704 0.918945
2 0.232552 0.446296 0.113021 0.168519 0.919434
2 0.364583 0.578704 0.139583 0.209259 0.927246
2 0.145833 0.539352 0.186458 0.260185 0.930176
