9 0.449219 0.0240741 0.0130208 0.0462963 0.345703
9 0.426302 0.0236111 0.0130208 0.0472222 0.374268
2 0.376823 0.5 0.149479 0.237037 0.38208
7 0.375781 0.499074 0.145313 0.235185 0.509277
2 0.0302083 0.843518 0.0604167 0.305556 0.838379
2 0.344271 0.646759 0.140625 0.232407 0.84375
2 0.422656 0.418056 0.104687 0.158333 0.87207
2 0.308594 0.243056 0.0984375 0.165741 0.875977
2 0.27526 0.783333 0.217187 0.362963 0.897461
2 0.940625 0.163889 0.11875 0.12963 0.897461
2 0.19375 0.890741 0.284375 0.203704 0.90332
2 0.74401 0.162037 0.177604 0.12963 0.919922
2 0.207292 0.476852 0.132292 0.17963 0.924316
2 0.096875 0.626389 0.19375 0.29537 0.925293
