9 0.438021 0.025 0.0364583 0.0481481 0.326172
7 0.416406 0.404167 0.128646 0.219444 0.518066
9 0.426302 0.0240741 0.0140625 0.0481481 0.52832
9 0.44974 0.025463 0.0161458 0.0472222 0.554688
2 0.415104 0.404167 0.128125 0.208333 0.71582
2 0.383854 0.533333 0.117708 0.174074 0.75293
2 0.332812 0.628704 0.190625 0.32037 0.873535
2 0.713021 0.1625 0.178125 0.130556 0.898926
2 0.0768229 0.712963 0.153646 0.335185 0.90918
2 0.919792 0.166204 0.160417 0.132407 0.90918
2 0.248177 0.832407 0.255729 0.322222 0.912598
2 0.232031 0.439352 0.110937 0.160185 0.919434
2 0.145833 0.542593 0.186458 0.264815 0.928223
