0 0.940625 0.137037 0.021875 0.0314815 0.317871
0 0.7125 0.136111 0.0229167 0.0351852 0.362061
0 0.00859375 0.876852 0.0171875 0.246296 0.386719
9 0.449219 0.0236111 0.0130208 0.0472222 0.423828
9 0.426042 0.0236111 0.0125 0.0472222 0.445801
2 0.376823 0.501852 0.149479 0.237037 0.825684
2 0.344792 0.646759 0.141667 0.230556 0.884766
2 0.275 0.777315 0.217708 0.349074 0.885742
2 0.426562 0.393519 0.101042 0.144444 0.898926
2 0.733333 0.162963 0.177083 0.12963 0.902344
2 0.93125 0.164815 0.1375 0.12963 0.905762
2 0.0770833 0.712963 0.154167 0.335185 0.908203
2 0.232552 0.452315 0.120312 0.169444 0.914551
2 0.197135 0.891667 0.302604 0.205556 0.918945
2 0.145573 0.540278 0.185937 0.260185 0.922363
