0 0.940625 0.137963 0.021875 0.0314815 0.260742
0 0.00859375 0.876389 0.0171875 0.24537 0.378418
2 0.38151 0.5 0.149479 0.253704 0.51123
9 0.44974 0.024537 0.0140625 0.0472222 0.516113
7 0.38151 0.5 0.149479 0.255556 0.582031
9 0.426302 0.024537 0.0140625 0.0490741 0.599121
2 0.434375 0.365278 0.0958333 0.141667 0.874023
2 0.346875 0.646759 0.145833 0.228704 0.882812
2 0.274219 0.777778 0.220313 0.344444 0.893555
2 0.93125 0.164815 0.1375 0.12963 0.905762
2 0.727865 0.163889 0.178646 0.127778 0.905762
2 0.0770833 0.713889 0.154167 0.335185 0.910645
2 0.232552 0.451389 0.121354 0.169444 0.912598
2 0.195052 0.89537 0.299479 0.198148 0.920898
2 0.146094 0.540278 0.186979 0.260185 0.923828
