9 0.435937 0.0236111 0.0322917 0.0472222 0.281006
2 0.379427 0.501389 0.151562 0.247222 0.338379
9 0.449219 0.0236111 0.0151042 0.0453704 0.485352
9 0.426042 0.0236111 0.0125 0.0472222 0.57373
7 0.376563 0.499537 0.144792 0.237963 0.648438
2 0.0302083 0.845833 0.0604167 0.308333 0.781738
2 0.41875 0.419907 0.103125 0.156481 0.865234
2 0.947656 0.166667 0.104687 0.131481 0.894531
2 0.76224 0.162963 0.178646 0.127778 0.906738
2 0.153906 0.572685 0.139062 0.20463 0.909668
2 0.223177 0.421759 0.147396 0.212037 0.916504
2 0.0848958 0.674537 0.169792 0.319444 0.922363
2 0.338021 0.648611 0.155208 0.236111 0.92334
