0 0.940625 0.137963 0.021875 0.0314815 0.266602
9 0.438021 0.024537 0.0375 0.0472222 0.343994
0 0.00859375 0.876852 0.0171875 0.246296 0.388428
9 0.426302 0.0240741 0.0140625 0.0481481 0.531738
9 0.44974 0.025463 0.0161458 0.0472222 0.555176
2 0.410417 0.422222 0.13125 0.209259 0.819824
2 0.273438 0.769444 0.219792 0.335185 0.881348
2 0.466406 0.218981 0.0755208 0.115741 0.895508
2 0.727604 0.164352 0.178125 0.128704 0.90332
2 0.93125 0.164815 0.1375 0.12963 0.904785
2 0.0770833 0.713889 0.154167 0.335185 0.913574
2 0.195312 0.89537 0.3 0.198148 0.921875
2 0.232292 0.452778 0.119792 0.172222 0.924316
2 0.354427 0.618981 0.145313 0.223148 0.926758
2 0.146094 0.538889 0.185937 0.259259 0.926758
