9 0.435937 0.0236111 0.0322917 0.0472222 0.255127
2 0.378385 0.501852 0.149479 0.242593 0.328613
2 0.0171875 0.844444 0.034375 0.305556 0.510254
9 0.449219 0.0236111 0.0130208 0.0472222 0.547852
9 0.426042 0.0236111 0.0125 0.0472222 0.572754
7 0.376563 0.500463 0.14375 0.237963 0.677734
2 0.421615 0.420833 0.104687 0.15463 0.869629
2 0.947656 0.16713 0.104687 0.132407 0.895508
2 0.76224 0.163426 0.178646 0.128704 0.909668
2 0.221094 0.427315 0.148438 0.217593 0.919922
2 0.154167 0.573148 0.138542 0.205556 0.922363
2 0.33776 0.647685 0.154687 0.236111 0.924805
2 0.084375 0.675 0.16875 0.32037 0.929199
