9 0.4375 0.0236111 0.0364583 0.0472222 0.273193
0 0.906771 0.1375 0.021875 0.0342593 0.289307
2 0.0114583 0.0236111 0.0229167 0.0472222 0.347412
9 0.608333 0.0805556 0.0125 0.0703704 0.458252
9 0.426302 0.0236111 0.0130208 0.0472222 0.460205
9 0.449479 0.0236111 0.0135417 0.0472222 0.473145
2 0.36276 0.127315 0.0723958 0.126852 0.730957
2 0.916406 0.165278 0.167187 0.126852 0.900391
2 0.0747396 0.719444 0.149479 0.251852 0.914062
2 0.733854 0.174537 0.138542 0.102778 0.916016
2 0.202083 0.4625 0.161458 0.234259 0.933105
2 0.420052 0.41713 0.108854 0.160185 0.935547
2 0.316406 0.703241 0.166146 0.24537 0.9375
