0 0.917188 0.135648 0.0239583 0.0324074 0.287109
9 0.4375 0.025 0.0364583 0.0481481 0.324707
7 0.416406 0.404167 0.128646 0.219444 0.521484
9 0.426302 0.0240741 0.0140625 0.0481481 0.533203
9 0.44974 0.025463 0.0161458 0.0472222 0.560547
2 0.415104 0.404167 0.128125 0.210185 0.72998
2 0.383594 0.533333 0.118229 0.174074 0.739258
2 0.333333 0.628704 0.191667 0.32037 0.875488
2 0.713021 0.1625 0.178125 0.130556 0.898926
2 0.919531 0.166204 0.160938 0.132407 0.908203
2 0.0770833 0.713426 0.153125 0.334259 0.909668
2 0.248177 0.832407 0.255729 0.322222 0.913574
2 0.231771 0.438889 0.110417 0.159259 0.919434
2 0.145833 0.542593 0.186458 0.264815 0.928223
