9 0.448958 0.0236111 0.0125 0.0472222 0.251709
9 0.426302 0.0240741 0.0130208 0.0481481 0.418457
0 0.907292 0.134722 0.025 0.0361111 0.453857
2 0.415625 0.423148 0.101042 0.146296 0.541992
2 0.376823 0.5 0.154687 0.251852 0.661133
2 0.5125 0.0226852 0.04375 0.0453704 0.752441
2 0.916146 0.165278 0.167708 0.126852 0.897461
2 0.0734375 0.723611 0.146875 0.349074 0.90918
2 0.709896 0.175 0.1375 0.103704 0.915039
2 0.215625 0.4375 0.154167 0.221296 0.930664
2 0.1375 0.593056 0.146875 0.212037 0.936523
