9 0.440625 0.0240741 0.0322917 0.0481481 0.342041
2 0.908594 0.138426 0.148438 0.0638889 0.376953
0 0.907812 0.134259 0.0239583 0.037037 0.476562
9 0.426302 0.0236111 0.0130208 0.0472222 0.504883
9 0.44974 0.024537 0.0151042 0.0472222 0.598145
2 0.371875 0.0939815 0.0677083 0.113889 0.85498
2 0.916406 0.164815 0.167187 0.125926 0.894531
2 0.733854 0.174537 0.138542 0.102778 0.915039
2 0.103906 0.637037 0.175521 0.225926 0.923828
2 0.201823 0.463889 0.159896 0.235185 0.928711
2 0.34974 0.606944 0.147396 0.217593 0.929199
2 0.419531 0.414352 0.107813 0.156481 0.931152
