0 0.00833333 0.880556 0.0166667 0.238889 0.253418
9 0.608333 0.0796296 0.0125 0.0722222 0.29126
9 0.425781 0.0236111 0.0130208 0.0472222 0.394287
9 0.44974 0.0236111 0.0140625 0.0472222 0.405029
2 0.420312 0.400463 0.13125 0.206481 0.653809
2 0.383854 0.532407 0.121875 0.174074 0.845703
2 0.33151 0.631019 0.188021 0.313889 0.889648
2 0.71224 0.163426 0.177604 0.130556 0.900879
2 0.919792 0.166204 0.160417 0.132407 0.910645
2 0.0768229 0.713889 0.153646 0.335185 0.910645
2 0.248177 0.833333 0.255729 0.322222 0.914062
2 0.236719 0.423611 0.110937 0.158333 0.914062
2 0.145573 0.54213 0.185937 0.263889 0.927734
