0 0.917188 0.135648 0.021875 0.0324074 0.256104
9 0.608333 0.0796296 0.0125 0.0722222 0.322754
9 0.45 0.0240741 0.0145833 0.0462963 0.455078
9 0.426302 0.0236111 0.0130208 0.0472222 0.480713
7 0.416146 0.40463 0.128125 0.218519 0.495605
2 0.383854 0.535185 0.117708 0.177778 0.712891
2 0.414844 0.404167 0.127604 0.208333 0.728027
2 0.333333 0.627778 0.191667 0.322222 0.874023
2 0.713542 0.162963 0.177083 0.131481 0.903809
2 0.919531 0.166204 0.160938 0.132407 0.90918
2 0.0770833 0.712963 0.153125 0.335185 0.90918
2 0.247917 0.833333 0.254167 0.32037 0.914551
2 0.231771 0.438889 0.110417 0.159259 0.918945
2 0.145833 0.542593 0.186458 0.264815 0.928223
