0 0.747135 0.160185 0.177604 0.12963 0.263672
0 0.729167 0.135648 0.025 0.037963 0.298584
2 0.378646 0.502315 0.151042 0.247222 0.376953
9 0.449219 0.0236111 0.0130208 0.0472222 0.517578
7 0.376302 0.500926 0.144271 0.238889 0.533691
9 0.426042 0.0236111 0.0125 0.0472222 0.55957
2 0.0299479 0.843982 0.0598958 0.306481 0.854004
2 0.420312 0.419444 0.10625 0.155556 0.875
2 0.946875 0.167593 0.103125 0.133333 0.894043
2 0.343229 0.646759 0.142708 0.232407 0.901855
2 0.153906 0.572222 0.140104 0.205556 0.905273
2 0.223958 0.421296 0.148958 0.211111 0.906738
2 0.0851562 0.673611 0.170312 0.315741 0.906738
2 0.75 0.1625 0.178125 0.130556 0.910645
2 0.26849 0.799074 0.217187 0.372222 0.917969
