9 0.438021 0.0236111 0.0385417 0.0472222 0.257324
0 0.940104 0.1375 0.021875 0.0305556 0.278076
9 0.608333 0.0805556 0.0125 0.0703704 0.378906
9 0.425781 0.0236111 0.0130208 0.0472222 0.396484
9 0.449479 0.0240741 0.0135417 0.0462963 0.402832
0 0.00859375 0.876389 0.0171875 0.247222 0.406738
7 0.410937 0.411574 0.121875 0.228704 0.561035
2 0.411719 0.41713 0.122396 0.221296 0.570801
2 0.480469 0.150463 0.0661458 0.100926 0.899414
2 0.727083 0.163889 0.177083 0.131481 0.903809
2 0.93125 0.164815 0.1375 0.12963 0.904785
2 0.0770833 0.712963 0.154167 0.337037 0.908203
2 0.282031 0.756481 0.219271 0.35 0.908691
2 0.145833 0.541204 0.186458 0.263889 0.922363
2 0.232812 0.446296 0.113542 0.168519 0.92334
2 0.370052 0.563889 0.136979 0.209259 0.927246
2 0.19375 0.890278 0.294792 0.208333 0.927246
