9 0.45026 0.0240741 0.0151042 0.0462963 0.276367
9 0.426302 0.0240741 0.0140625 0.0462963 0.303223
0 0.492969 0.206944 0.0307292 0.0416667 0.413086
2 0.386719 0.530556 0.122396 0.187037 0.869141
2 0.421094 0.397685 0.129688 0.20463 0.89502
2 0.703125 0.163889 0.179167 0.131481 0.899414
2 0.078125 0.708333 0.155208 0.338889 0.90625
2 0.274219 0.333333 0.0963542 0.12963 0.907715
2 0.33125 0.630556 0.1875 0.316667 0.908691
2 0.919792 0.166204 0.160417 0.132407 0.910645
2 0.248437 0.83287 0.255208 0.321296 0.916992
2 0.467969 0.238426 0.208854 0.15463 0.92041
2 0.186198 0.478704 0.163021 0.237037 0.936035
