0 0.742969 0.135648 0.0213542 0.0342593 0.317871
2 0.378125 0.5 0.148958 0.240741 0.366455
0 0.188802 0.8125 0.0567708 0.0657407 0.367188
9 0.449219 0.0236111 0.0130208 0.0472222 0.539551
9 0.426042 0.0236111 0.0125 0.0472222 0.563477
7 0.376302 0.499074 0.144271 0.237037 0.597168
2 0.0302083 0.844907 0.0604167 0.306481 0.851562
2 0.420573 0.419907 0.105729 0.156481 0.875
2 0.947656 0.166667 0.104687 0.133333 0.892578
2 0.761458 0.162963 0.179167 0.127778 0.899902
2 0.154167 0.572685 0.139583 0.20463 0.91748
2 0.223698 0.424074 0.148438 0.216667 0.918945
2 0.210417 0.868519 0.270833 0.255556 0.920898
2 0.0846354 0.674074 0.169271 0.318519 0.921387
2 0.338542 0.64537 0.155208 0.22963 0.925293
