9 0.43776 0.025 0.0411458 0.0481481 0.254639
0 0.940625 0.137037 0.021875 0.0314815 0.30957
9 0.608333 0.0796296 0.0125 0.0722222 0.359863
9 0.45 0.024537 0.0145833 0.0472222 0.486084
7 0.416406 0.40463 0.129688 0.218519 0.492676
9 0.426302 0.025 0.0140625 0.0481481 0.594727
2 0.383333 0.540741 0.117708 0.187037 0.668945
2 0.417188 0.40463 0.128125 0.209259 0.779785
2 0.334375 0.628241 0.19375 0.321296 0.868164
2 0.93125 0.164815 0.1375 0.12963 0.902832
2 0.713542 0.1625 0.176042 0.132407 0.903809
2 0.0770833 0.713426 0.153125 0.334259 0.907227
2 0.248177 0.832407 0.255729 0.32037 0.909668
2 0.231771 0.438889 0.110417 0.159259 0.918457
2 0.145833 0.542593 0.186458 0.264815 0.927734
