9 0.43776 0.0240741 0.0390625 0.0481481 0.260498
9 0.449479 0.0236111 0.015625 0.0453704 0.301025
9 0.425781 0.0236111 0.0130208 0.0472222 0.363037
0 0.907292 0.134722 0.025 0.0361111 0.412598
2 0.483333 0.134722 0.0625 0.0972222 0.875
2 0.351042 0.573148 0.164583 0.287037 0.894043
2 0.916146 0.165278 0.167708 0.126852 0.898438
2 0.071875 0.725 0.14375 0.344444 0.902832
2 0.723698 0.175 0.139062 0.105556 0.908691
2 0.411979 0.4375 0.108333 0.165741 0.913086
2 0.13099 0.60787 0.147396 0.215741 0.925781
2 0.210417 0.447685 0.15625 0.226852 0.927246
