0 0.703646 0.133796 0.01875 0.0361111 0.256348
0 0.940104 0.1375 0.021875 0.0305556 0.300293
9 0.4375 0.025 0.0364583 0.0481481 0.325928
2 0.41276 0.406481 0.122396 0.205556 0.458984
9 0.426302 0.0240741 0.0140625 0.0481481 0.518555
9 0.44974 0.025463 0.0161458 0.0472222 0.54541
7 0.413802 0.411111 0.123438 0.211111 0.610352
2 0.383333 0.549537 0.116667 0.208333 0.760742
2 0.33099 0.631019 0.186979 0.315741 0.882812
2 0.93125 0.164352 0.1375 0.128704 0.901855
2 0.721875 0.162963 0.177083 0.127778 0.902832
2 0.0770833 0.713889 0.154167 0.335185 0.914551
2 0.232812 0.444444 0.113542 0.166667 0.915527
2 0.247396 0.834722 0.253125 0.321296 0.924805
2 0.145833 0.542593 0.186458 0.264815 0.927734
