9 0.449219 0.0236111 0.0130208 0.0472222 0.366699
9 0.426042 0.0236111 0.0125 0.0472222 0.391602
2 0.375781 0.502315 0.145313 0.239815 0.437012
7 0.376042 0.5 0.145833 0.237037 0.487793
2 0.34401 0.672222 0.140104 0.285185 0.844727
2 0.0302083 0.845833 0.0604167 0.302778 0.846191
2 0.422656 0.418056 0.104687 0.158333 0.873535
2 0.303646 0.256019 0.102083 0.171296 0.880371
2 0.940625 0.163889 0.11875 0.12963 0.896973
2 0.273177 0.78287 0.213021 0.363889 0.904297
2 0.196615 0.891667 0.283854 0.203704 0.904785
2 0.74401 0.1625 0.177604 0.128704 0.919434
2 0.20625 0.475463 0.133333 0.176852 0.924316
2 0.0942708 0.636574 0.1875 0.30463 0.924316
