9 0.435156 0.0236111 0.0317708 0.0472222 0.27124
0 0.727344 0.134259 0.0234375 0.037037 0.294678
2 0.378385 0.502778 0.148438 0.242593 0.329834
9 0.449219 0.0236111 0.0151042 0.0453704 0.460205
9 0.426042 0.0236111 0.0125 0.0472222 0.552734
7 0.376302 0.501389 0.143229 0.237963 0.60498
2 0.344531 0.660185 0.139062 0.261111 0.824707
2 0.0299479 0.843056 0.0598958 0.308333 0.848145
2 0.422396 0.418519 0.105208 0.155556 0.850586
2 0.940625 0.164352 0.11875 0.130556 0.89502
2 0.74974 0.162963 0.177604 0.12963 0.897949
2 0.273177 0.781482 0.214062 0.366667 0.907227
2 0.153906 0.572685 0.139062 0.20463 0.909668
2 0.224479 0.419444 0.146875 0.207407 0.913086
2 0.0851562 0.674074 0.170312 0.316667 0.92041
