9 0.435677 0.0236111 0.0328125 0.0472222 0.303223
0 0.904688 0.131481 0.0239583 0.037037 0.329834
2 0.0276042 0.0125 0.0552083 0.025 0.443848
9 0.608333 0.0805556 0.0125 0.0703704 0.447754
9 0.45 0.0240741 0.0135417 0.0462963 0.506348
9 0.426302 0.0236111 0.0130208 0.0472222 0.519531
2 0.0247396 0.866204 0.0494792 0.262037 0.705078
2 0.349479 0.184259 0.0822917 0.144444 0.759277
2 0.916667 0.158333 0.166667 0.135185 0.894531
2 0.247917 0.875 0.2125 0.238889 0.912109
2 0.733854 0.174537 0.138542 0.102778 0.916016
2 0.201823 0.462963 0.161979 0.233333 0.930176
2 0.420312 0.416667 0.109375 0.159259 0.932617
