0 0.965625 0.1375 0.021875 0.0324074 0.29126
2 0.378385 0.501389 0.149479 0.243519 0.372803
9 0.449219 0.0236111 0.0130208 0.0472222 0.512207
9 0.426042 0.0236111 0.0125 0.0472222 0.547852
7 0.376302 0.5 0.144271 0.238889 0.560059
2 0.0299479 0.843982 0.0598958 0.306481 0.853516
2 0.420312 0.419444 0.10625 0.155556 0.874512
2 0.94375 0.165278 0.1125 0.132407 0.889648
2 0.344271 0.64537 0.140625 0.22963 0.899902
2 0.224219 0.420833 0.149479 0.212037 0.906738
2 0.74974 0.161574 0.177604 0.132407 0.907227
2 0.271615 0.790741 0.218229 0.37037 0.90918
2 0.154167 0.572685 0.139583 0.20463 0.90918
2 0.0851562 0.674074 0.170312 0.316667 0.913574
