9 0.449219 0.0236111 0.0151042 0.0453704 0.338135
2 0.377083 0.499537 0.148958 0.237963 0.351807
9 0.426302 0.0236111 0.0130208 0.0472222 0.4375
7 0.375781 0.499537 0.144271 0.236111 0.57666
2 0.329167 0.188426 0.0875 0.14537 0.830078
2 0.0330729 0.838889 0.0661458 0.318519 0.853516
2 0.421875 0.417593 0.104167 0.157407 0.872559
2 0.344531 0.646759 0.138021 0.232407 0.891602
2 0.940625 0.163889 0.11875 0.12963 0.895996
2 0.19349 0.884259 0.300521 0.222222 0.899414
2 0.276302 0.780556 0.214062 0.368519 0.905273
2 0.74401 0.1625 0.177604 0.128704 0.91748
2 0.219531 0.469907 0.133854 0.176852 0.918945
2 0.121875 0.575926 0.19375 0.277778 0.937988
