9 0.449219 0.0236111 0.0130208 0.0472222 0.474854
2 0.376302 0.500926 0.145313 0.238889 0.525879
9 0.426042 0.0236111 0.0125 0.0472222 0.526855
2 0.0302083 0.843056 0.0604167 0.312037 0.819824
2 0.344531 0.660648 0.140104 0.260185 0.833984
2 0.422656 0.418056 0.103646 0.158333 0.876953
2 0.939583 0.164352 0.11875 0.130556 0.894043
2 0.748958 0.1625 0.179167 0.130556 0.904785
2 0.153906 0.572222 0.139062 0.205556 0.908691
2 0.273958 0.781482 0.214583 0.366667 0.917969
2 0.0848958 0.674537 0.169792 0.317593 0.919922
2 0.236198 0.402315 0.138021 0.206481 0.927246
