9 0.43724 0.0236111 0.0359375 0.0472222 0.2771
0 0.724479 0.13287 0.025 0.0398148 0.385986
2 0.376563 0.505556 0.144792 0.248148 0.465088
7 0.376302 0.504167 0.145313 0.24537 0.46582
9 0.426302 0.0240741 0.0140625 0.0462963 0.468994
9 0.449219 0.0240741 0.0130208 0.0462963 0.47998
2 0.0302083 0.843518 0.0604167 0.311111 0.816406
2 0.344792 0.641667 0.138542 0.222222 0.838867
2 0.169792 0.938889 0.26875 0.114815 0.857422
2 0.422656 0.41713 0.103646 0.156481 0.875
2 0.939844 0.164815 0.120312 0.12963 0.894043
2 0.275521 0.781482 0.219792 0.366667 0.913086
2 0.74401 0.1625 0.177604 0.130556 0.919434
2 0.265104 0.348611 0.120833 0.191667 0.922852
2 0.0848958 0.674074 0.169792 0.318519 0.927246
2 0.166927 0.543519 0.140104 0.198148 0.927246
