0 0.940625 0.136574 0.021875 0.0324074 0.299316
0 0.715625 0.135648 0.0197917 0.0342593 0.343506
7 0.375521 0.504167 0.144792 0.243519 0.449951
2 0.376042 0.506481 0.14375 0.248148 0.455322
9 0.426302 0.0236111 0.0130208 0.0453704 0.476807
9 0.449219 0.0240741 0.0151042 0.0462963 0.532227
2 0.422396 0.416667 0.10625 0.159259 0.839844
2 0.14401 0.534722 0.184896 0.249074 0.87207
2 0.35026 0.646759 0.128646 0.232407 0.899902
2 0.0773437 0.712037 0.154687 0.331481 0.903809
2 0.930208 0.163889 0.1375 0.127778 0.904297
2 0.735156 0.162963 0.176563 0.12963 0.905273
2 0.273438 0.696296 0.213542 0.261111 0.906738
2 0.233594 0.455556 0.127604 0.17037 0.913574
2 0.197656 0.86713 0.305729 0.252778 0.918945
