9 0.608333 0.0800926 0.0125 0.0712963 0.266846
0 0.689062 0.135185 0.0239583 0.0351852 0.334961
9 0.426042 0.0236111 0.0125 0.0472222 0.427979
9 0.449479 0.0236111 0.0135417 0.0472222 0.433838
2 0.420312 0.399537 0.130208 0.208333 0.709473
2 0.383073 0.534722 0.118229 0.182407 0.819336
2 0.33125 0.631019 0.1875 0.313889 0.894043
2 0.709896 0.163426 0.178125 0.130556 0.895508
2 0.23776 0.419444 0.109896 0.153704 0.908691
2 0.0768229 0.712963 0.153646 0.335185 0.908691
2 0.919792 0.166204 0.160417 0.132407 0.910645
2 0.248177 0.833333 0.255729 0.322222 0.915527
2 0.145573 0.541667 0.185937 0.264815 0.928223
