0 0.940625 0.1375 0.021875 0.0305556 0.257812
9 0.438281 0.025 0.0380208 0.0481481 0.345947
0 0.00859375 0.877778 0.0171875 0.244444 0.371094
9 0.426302 0.024537 0.0140625 0.0472222 0.506348
9 0.44974 0.025463 0.0171875 0.0472222 0.529785
2 0.409375 0.421759 0.133333 0.208333 0.85791
2 0.273698 0.756944 0.219271 0.312037 0.873535
2 0.465885 0.223148 0.0776042 0.114815 0.890137
2 0.727604 0.164352 0.178125 0.128704 0.90332
2 0.93125 0.164815 0.1375 0.12963 0.904297
2 0.0770833 0.713889 0.154167 0.335185 0.910156
2 0.353385 0.622222 0.145313 0.224074 0.917969
2 0.194792 0.89537 0.3 0.198148 0.923828
2 0.232292 0.452778 0.119792 0.17037 0.924805
2 0.146094 0.539352 0.185937 0.258333 0.925781
