9 0.436719 0.0236111 0.0359375 0.0472222 0.290771
9 0.449479 0.0240741 0.0135417 0.0462963 0.451416
9 0.608333 0.0800926 0.0125 0.0712963 0.453369
0 0.907812 0.134259 0.0239583 0.037037 0.467529
9 0.426302 0.0236111 0.0130208 0.0472222 0.470947
2 0.916406 0.164352 0.167187 0.126852 0.897461
2 0.46875 0.198611 0.071875 0.112037 0.902832
2 0.324479 0.641204 0.1875 0.300926 0.90625
2 0.723698 0.175 0.139062 0.105556 0.908691
2 0.411719 0.440741 0.114063 0.166667 0.90918
2 0.0526042 0.80463 0.105208 0.37963 0.909668
2 0.122917 0.608796 0.1625 0.219444 0.931641
2 0.207813 0.44213 0.153125 0.212037 0.933105
