2 0.0179687 0.0166667 0.0359375 0.0333333 0.25415
0 0.728125 0.135185 0.0270833 0.0407407 0.313477
2 0.38099 0.5 0.154687 0.25 0.351562
9 0.449219 0.0240741 0.0140625 0.0481481 0.571777
7 0.376302 0.50463 0.144271 0.248148 0.634277
9 0.426302 0.024537 0.0140625 0.0490741 0.641113
2 0.0302083 0.844444 0.0604167 0.307407 0.856934
2 0.420833 0.419444 0.10625 0.155556 0.87207
2 0.947656 0.16713 0.104687 0.132407 0.887207
2 0.153906 0.572222 0.140104 0.203704 0.88916
2 0.0846354 0.673148 0.169271 0.316667 0.898438
2 0.749479 0.1625 0.178125 0.130556 0.904297
2 0.339323 0.647222 0.148438 0.235185 0.911133
2 0.224479 0.422222 0.15 0.214815 0.914551
2 0.257552 0.816204 0.228646 0.352778 0.92041
