9 0.434115 0.0240741 0.0286458 0.0481481 0.262451
9 0.608333 0.0796296 0.0125 0.0722222 0.309082
9 0.45 0.0240741 0.0145833 0.0462963 0.4375
9 0.426302 0.0236111 0.0130208 0.0472222 0.458008
7 0.416406 0.40463 0.128646 0.218519 0.52002
2 0.383333 0.5375 0.117708 0.180556 0.722656
2 0.415104 0.40463 0.128125 0.209259 0.737305
2 0.332812 0.628241 0.190625 0.319444 0.873535
2 0.925781 0.165741 0.148438 0.131481 0.90332
2 0.0770833 0.713426 0.153125 0.334259 0.907715
2 0.713281 0.162037 0.176563 0.133333 0.911133
2 0.248437 0.832407 0.255208 0.322222 0.914551
2 0.231771 0.439352 0.110417 0.160185 0.918945
2 0.145833 0.542593 0.186458 0.264815 0.929688
