0 0.726562 0.13287 0.0239583 0.037963 0.332275
2 0.378646 0.50463 0.151042 0.248148 0.380615
9 0.449219 0.0236111 0.0130208 0.0472222 0.513672
9 0.426042 0.0231481 0.0125 0.0462963 0.528809
7 0.376302 0.503704 0.145313 0.244444 0.533691
2 0.0302083 0.844444 0.0604167 0.309259 0.819824
2 0.344271 0.644907 0.138542 0.228704 0.835938
2 0.422656 0.417593 0.103646 0.157407 0.874512
2 0.939844 0.164815 0.120312 0.12963 0.895508
2 0.154948 0.567593 0.136979 0.203704 0.913086
2 0.27526 0.781944 0.217187 0.367593 0.915527
2 0.744271 0.1625 0.177083 0.128704 0.92041
2 0.0854167 0.674537 0.170833 0.319444 0.924316
2 0.242708 0.385648 0.133333 0.19537 0.929199
