9 0.438021 0.0240741 0.034375 0.0481481 0.278076
2 0.377083 0.5 0.15 0.237037 0.375488
9 0.44974 0.024537 0.0151042 0.0472222 0.523926
9 0.426042 0.0236111 0.0125 0.0472222 0.532715
7 0.375781 0.499074 0.145313 0.235185 0.539551
2 0.0302083 0.841667 0.0604167 0.312963 0.84668
2 0.422656 0.418056 0.104687 0.158333 0.868164
2 0.319531 0.215278 0.0932292 0.152778 0.876465
2 0.344271 0.646759 0.140625 0.232407 0.894043
2 0.940625 0.164352 0.11875 0.130556 0.895508
2 0.188542 0.889352 0.295833 0.208333 0.915039
2 0.277344 0.784259 0.216146 0.361111 0.919922
2 0.74401 0.1625 0.177604 0.128704 0.919922
2 0.209635 0.475926 0.127604 0.177778 0.921875
2 0.107292 0.597222 0.203125 0.288889 0.937988
