0 0.727344 0.135648 0.0244792 0.0361111 0.352539
2 0.378385 0.503704 0.150521 0.25 0.354248
9 0.449219 0.0240741 0.0140625 0.0481481 0.577637
7 0.376042 0.502315 0.14375 0.241667 0.588379
9 0.426302 0.024537 0.0140625 0.0490741 0.648438
2 0.0299479 0.844444 0.0598958 0.307407 0.856445
2 0.420833 0.419444 0.10625 0.155556 0.874023
2 0.947396 0.166667 0.105208 0.133333 0.89209
2 0.75 0.162963 0.178125 0.12963 0.896973
2 0.341667 0.646296 0.14375 0.231481 0.903809
2 0.153646 0.572222 0.139583 0.205556 0.904297
2 0.0848958 0.673611 0.169792 0.315741 0.90625
2 0.223698 0.421759 0.148438 0.212037 0.908203
2 0.265625 0.805093 0.219792 0.373148 0.92041
