9 0.439063 0.0240741 0.0333333 0.0481481 0.32251
2 0.416406 0.422685 0.0984375 0.143519 0.411133
0 0.908594 0.133333 0.0234375 0.037037 0.509766
2 0.378906 0.498148 0.158854 0.257407 0.608398
9 0.449479 0.024537 0.015625 0.0490741 0.655762
9 0.426042 0.0236111 0.0125 0.0472222 0.667969
2 0.916146 0.165278 0.167708 0.126852 0.896973
2 0.0734375 0.723148 0.146875 0.344444 0.910645
2 0.709896 0.175 0.1375 0.103704 0.915039
2 0.215625 0.437037 0.154167 0.222222 0.931641
2 0.139323 0.593056 0.150521 0.210185 0.935059
