9 0.426042 0.0231481 0.0125 0.0462963 0.316406
9 0.449219 0.0236111 0.0130208 0.0472222 0.330078
2 0.376563 0.500463 0.148958 0.236111 0.334473
7 0.37526 0.499537 0.145313 0.236111 0.60791
2 0.360938 0.109259 0.0739583 0.122222 0.66748
2 0.422396 0.416667 0.10625 0.159259 0.849609
2 0.0619792 0.773148 0.123958 0.372222 0.864746
2 0.344271 0.644444 0.140625 0.227778 0.881348
2 0.940625 0.163889 0.11875 0.12963 0.895508
2 0.275781 0.779167 0.221354 0.347222 0.90625
2 0.192448 0.89537 0.294271 0.198148 0.912109
2 0.741146 0.162963 0.177083 0.12963 0.915527
2 0.232031 0.456019 0.130729 0.171296 0.924805
2 0.135937 0.55463 0.191667 0.275926 0.935059
