9 0.440885 0.024537 0.0463542 0.0472222 0.27832
9 0.449219 0.0240741 0.0192708 0.0462963 0.339111
9 0.608333 0.0800926 0.0125 0.0712963 0.339844
9 0.426042 0.0240741 0.0145833 0.0462963 0.396973
7 0.416406 0.40463 0.128646 0.218519 0.518066
2 0.383333 0.536111 0.117708 0.177778 0.689453
2 0.415104 0.404167 0.128125 0.208333 0.738281
2 0.334115 0.628241 0.193229 0.321296 0.870117
2 0.713021 0.162963 0.177083 0.131481 0.903809
2 0.0770833 0.713426 0.153125 0.334259 0.907227
2 0.926562 0.165741 0.144792 0.131481 0.910156
2 0.248177 0.832407 0.255729 0.322222 0.913574
2 0.232031 0.439352 0.110937 0.160185 0.917969
2 0.145833 0.542593 0.186458 0.264815 0.929199
