9 0.435677 0.0236111 0.0317708 0.0472222 0.25415
7 0.377083 0.502315 0.155208 0.247222 0.398193
0 0.907812 0.135185 0.0239583 0.0351852 0.405518
2 0.377344 0.503241 0.158854 0.256481 0.510742
9 0.449219 0.0236111 0.0130208 0.0472222 0.536621
9 0.426042 0.0236111 0.0125 0.0472222 0.577637
2 0.41875 0.420833 0.10625 0.147222 0.787109
2 0.916146 0.165278 0.167708 0.126852 0.899902
2 0.0734375 0.721759 0.146875 0.341667 0.909668
2 0.70026 0.175463 0.139062 0.106481 0.916504
2 0.21875 0.43287 0.15 0.219444 0.92627
2 0.139323 0.593518 0.150521 0.211111 0.93457
