9 0.434375 0.0240741 0.0291667 0.0481481 0.254395
2 0.0179687 0.0171296 0.0359375 0.0342593 0.293701
0 0.726823 0.134722 0.0244792 0.0361111 0.336914
2 0.378385 0.501852 0.150521 0.246296 0.377686
9 0.449219 0.0236111 0.0130208 0.0472222 0.519531
7 0.376302 0.500926 0.144271 0.238889 0.537109
9 0.426042 0.0236111 0.0125 0.0472222 0.568359
2 0.0302083 0.843982 0.0604167 0.306481 0.855469
2 0.420312 0.419444 0.10625 0.155556 0.875488
2 0.945312 0.166667 0.107292 0.135185 0.895508
2 0.344531 0.646759 0.142188 0.232407 0.898926
2 0.269792 0.794907 0.216667 0.373148 0.902344
2 0.75 0.162963 0.178125 0.12963 0.902832
2 0.223958 0.420833 0.148958 0.210185 0.90625
2 0.153646 0.571759 0.139583 0.20463 0.906738
2 0.0851562 0.673611 0.170312 0.315741 0.912598
