9 0.434115 0.0240741 0.0296875 0.0481481 0.284668
0 0.940104 0.137963 0.021875 0.0314815 0.306152
0 0.00859375 0.876389 0.0171875 0.247222 0.35498
9 0.608333 0.0800926 0.0125 0.0712963 0.363525
9 0.45 0.0240741 0.0145833 0.0462963 0.500977
9 0.426302 0.0236111 0.0130208 0.0472222 0.506836
2 0.407031 0.433333 0.134896 0.214815 0.861328
2 0.452344 0.276852 0.0828125 0.118519 0.887207
2 0.273698 0.77037 0.215104 0.346296 0.88916
2 0.348177 0.646759 0.145313 0.232407 0.896973
2 0.93125 0.164815 0.1375 0.12963 0.903809
2 0.727865 0.164352 0.177604 0.130556 0.905273
2 0.0770833 0.712963 0.154167 0.335185 0.913086
2 0.195573 0.890278 0.299479 0.208333 0.922363
2 0.232292 0.453241 0.120833 0.171296 0.924805
2 0.146094 0.537037 0.185937 0.253704 0.927734
