9 0.435156 0.0236111 0.0317708 0.0472222 0.291748
0 0.905469 0.136574 0.0203125 0.0361111 0.357422
7 0.0177083 0.0189815 0.0354167 0.037963 0.456299
9 0.608333 0.0805556 0.0125 0.0703704 0.459473
9 0.449479 0.0236111 0.0135417 0.0472222 0.499268
9 0.426302 0.0236111 0.0130208 0.0472222 0.514648
2 0.357031 0.151852 0.0765625 0.135185 0.800781
2 0.916406 0.162963 0.167187 0.133333 0.899902
2 0.0536458 0.80463 0.107292 0.27963 0.910645
2 0.734115 0.174537 0.140104 0.102778 0.916504
2 0.201562 0.461574 0.161458 0.232407 0.929199
2 0.420052 0.416667 0.108854 0.159259 0.933105
2 0.286198 0.796759 0.184896 0.276852 0.933594
