0 0.727083 0.134722 0.025 0.0342593 0.262451
9 0.436458 0.0236111 0.034375 0.0472222 0.279541
2 0.378646 0.501852 0.151042 0.246296 0.364014
9 0.449219 0.0240741 0.0130208 0.0462963 0.512695
9 0.426302 0.0240741 0.0130208 0.0462963 0.525879
7 0.376302 0.500926 0.144271 0.238889 0.564453
2 0.0302083 0.844444 0.0604167 0.307407 0.858887
2 0.420573 0.419444 0.105729 0.155556 0.873535
2 0.75026 0.163889 0.178646 0.127778 0.891602
2 0.947656 0.166204 0.104687 0.132407 0.893555
2 0.342187 0.645833 0.142708 0.230556 0.905762
2 0.153906 0.572222 0.139062 0.203704 0.905762
2 0.223698 0.420833 0.148438 0.212037 0.907227
2 0.0848958 0.674074 0.169792 0.316667 0.909668
2 0.267188 0.800926 0.21875 0.372222 0.921875
