9 0.438542 0.0240741 0.034375 0.0481481 0.311768
0 0.907292 0.134259 0.025 0.037037 0.493408
2 0.416146 0.422222 0.1 0.144444 0.543945
2 0.376823 0.500463 0.154687 0.250926 0.611328
9 0.44974 0.024537 0.0151042 0.0490741 0.65918
9 0.426042 0.0236111 0.0125 0.0472222 0.666016
2 0.916146 0.165278 0.167708 0.126852 0.895508
2 0.0734375 0.722222 0.146875 0.342593 0.90918
2 0.709896 0.175 0.1375 0.103704 0.914551
2 0.215625 0.4375 0.154167 0.221296 0.929688
2 0.139323 0.593518 0.150521 0.211111 0.93457
