9 0.438542 0.0240741 0.034375 0.0481481 0.29834
2 0.377604 0.502315 0.15 0.243519 0.311523
0 0.715625 0.135648 0.0197917 0.0342593 0.334717
0 0.00859375 0.88287 0.0171875 0.234259 0.454834
7 0.375781 0.500463 0.144271 0.237963 0.534668
9 0.426042 0.0236111 0.0125 0.0472222 0.60791
9 0.449219 0.024537 0.0151042 0.0490741 0.613281
2 0.421094 0.416204 0.103646 0.158333 0.805176
2 0.344271 0.646759 0.138542 0.232407 0.874512
2 0.274479 0.718056 0.216667 0.269444 0.888184
2 0.0773437 0.7125 0.153646 0.330556 0.891113
2 0.735156 0.162963 0.176563 0.12963 0.904785
2 0.198437 0.877778 0.3 0.231481 0.90625
2 0.93125 0.163889 0.1375 0.127778 0.90625
2 0.233594 0.456019 0.127604 0.171296 0.919922
2 0.145833 0.535185 0.186458 0.25 0.926758
