0 0.940104 0.137963 0.021875 0.0314815 0.282471
0 0.00859375 0.876852 0.0171875 0.246296 0.38208
9 0.44974 0.024537 0.0140625 0.0472222 0.550293
9 0.426302 0.024537 0.0140625 0.0490741 0.587891
2 0.379167 0.498148 0.152083 0.235185 0.80957
2 0.430729 0.378241 0.0989583 0.149074 0.844238
2 0.345833 0.646296 0.14375 0.22963 0.883301
2 0.274219 0.780556 0.218229 0.353704 0.903809
2 0.93125 0.164815 0.1375 0.12963 0.904785
2 0.727865 0.163889 0.178646 0.12963 0.904785
2 0.0770833 0.713889 0.154167 0.335185 0.910645
2 0.232552 0.450926 0.121354 0.166667 0.910645
2 0.145833 0.540278 0.186458 0.260185 0.922363
2 0.194531 0.89537 0.297396 0.2 0.922363
