9 0.436979 0.0240741 0.0364583 0.0481481 0.320312
7 0.0190104 0.0189815 0.0380208 0.037963 0.385742
2 0.0190104 0.0189815 0.0380208 0.037963 0.389648
9 0.45 0.0240741 0.0145833 0.0462963 0.447021
9 0.426302 0.0236111 0.0140625 0.0472222 0.484375
9 0.608333 0.0800926 0.0125 0.0712963 0.494873
0 0.9125 0.135185 0.021875 0.037037 0.550293
2 0.918229 0.165741 0.163542 0.127778 0.897461
2 0.748698 0.173611 0.138021 0.10463 0.909668
2 0.345313 0.632407 0.155208 0.227778 0.925293
2 0.263021 0.391204 0.167708 0.202778 0.925293
