0 0.716146 0.135648 0.0197917 0.0361111 0.368652
2 0.376042 0.501389 0.14375 0.237963 0.422119
7 0.375521 0.499074 0.144792 0.235185 0.513672
2 0.388021 0.0458333 0.059375 0.0916667 0.767578
2 0.422396 0.416667 0.10625 0.159259 0.837402
2 0.34401 0.64537 0.140104 0.227778 0.855469
2 0.0713542 0.728704 0.141667 0.344444 0.870605
2 0.271875 0.77963 0.214583 0.359259 0.878906
2 0.938281 0.165278 0.123438 0.132407 0.887695
2 0.735156 0.163426 0.176563 0.128704 0.904297
2 0.195052 0.895833 0.300521 0.197222 0.916504
2 0.232552 0.456481 0.129688 0.172222 0.925781
2 0.139844 0.546759 0.185937 0.265741 0.927734
