0 0.740104 0.134722 0.0239583 0.0361111 0.280273
2 0.0145833 0.843056 0.0291667 0.308333 0.395264
2 0.38125 0.504167 0.155208 0.25463 0.399414
9 0.449219 0.0236111 0.0130208 0.0472222 0.527344
9 0.426042 0.0236111 0.0125 0.0472222 0.557129
7 0.376823 0.508333 0.145313 0.253704 0.689941
2 0.421615 0.420833 0.104687 0.15463 0.875
2 0.947656 0.16713 0.104687 0.132407 0.891602
2 0.761719 0.162963 0.176563 0.12963 0.905762
2 0.153385 0.573148 0.140104 0.205556 0.915039
2 0.221354 0.427315 0.147917 0.217593 0.919922
2 0.0838542 0.68287 0.167708 0.326852 0.925293
2 0.336458 0.649074 0.152083 0.237037 0.929199
