9 0.608333 0.0842593 0.0125 0.0592593 0.290039
9 0.434375 0.0236111 0.0291667 0.0472222 0.291992
2 0.0148437 0.880556 0.0296875 0.235185 0.364502
0 0.753906 0.135185 0.0213542 0.0388889 0.400146
7 0.373698 0.504167 0.149479 0.24537 0.401123
9 0.449219 0.0240741 0.0151042 0.0462963 0.497559
2 0.375781 0.505556 0.155729 0.251852 0.553711
9 0.426042 0.0236111 0.0125 0.0472222 0.599121
2 0.420573 0.421759 0.106771 0.149074 0.871094
2 0.0734375 0.721296 0.146875 0.338889 0.882812
2 0.219271 0.173611 0.138542 0.10463 0.899902
2 0.772396 0.163426 0.178125 0.128704 0.907227
2 0.239063 0.885648 0.21875 0.221296 0.911133
2 0.21875 0.431481 0.15 0.222222 0.928711
2 0.139323 0.593518 0.150521 0.211111 0.936035
