0 0.769531 0.132407 0.0223958 0.0277778 0.252197
0 0.726823 0.134259 0.0234375 0.0351852 0.26001
2 0.378385 0.503241 0.150521 0.24537 0.359131
9 0.449219 0.0236111 0.0130208 0.0472222 0.48584
7 0.376563 0.501852 0.144792 0.240741 0.530762
9 0.426042 0.0236111 0.0125 0.0472222 0.534668
2 0.344792 0.655093 0.139583 0.249074 0.82666
2 0.0302083 0.844444 0.0604167 0.311111 0.84375
2 0.422396 0.418056 0.103125 0.156481 0.866211
2 0.939844 0.164352 0.120312 0.130556 0.894043
2 0.74974 0.162963 0.178646 0.127778 0.899414
2 0.273698 0.781944 0.214062 0.365741 0.907715
2 0.154167 0.572222 0.138542 0.203704 0.910645
2 0.229948 0.412037 0.142188 0.205556 0.914551
2 0.0851562 0.674537 0.170312 0.317593 0.922852
