9 0.448698 0.0240741 0.0130208 0.0462963 0.262207
0 0.713281 0.135648 0.0244792 0.0361111 0.268555
9 0.426302 0.0240741 0.0130208 0.0481481 0.295166
2 0.376563 0.5 0.148958 0.237037 0.347412
7 0.37526 0.499537 0.145313 0.236111 0.567871
2 0.376042 0.0675926 0.0645833 0.111111 0.829102
2 0.344271 0.644907 0.140625 0.228704 0.84668
2 0.422396 0.41713 0.10625 0.158333 0.856934
2 0.271615 0.778704 0.214062 0.355556 0.882812
2 0.939844 0.164815 0.120312 0.12963 0.891602
2 0.0651042 0.756019 0.129167 0.360185 0.899414
2 0.735156 0.163889 0.176563 0.12963 0.902832
2 0.194531 0.895833 0.299479 0.197222 0.917969
2 0.232812 0.456019 0.129167 0.171296 0.923828
2 0.1375 0.550463 0.186458 0.269444 0.936523
