9 0.608333 0.0763889 0.0125 0.075 0.250244
0 0.724479 0.133796 0.021875 0.0398148 0.320312
2 0.381771 0.508333 0.159375 0.268519 0.45166
7 0.377344 0.518981 0.147396 0.278704 0.491211
9 0.449219 0.0240741 0.0140625 0.0481481 0.557617
9 0.426042 0.025 0.0145833 0.05 0.612793
2 0.344792 0.668519 0.139583 0.277778 0.815918
2 0.0299479 0.84537 0.0598958 0.309259 0.818848
2 0.422656 0.417593 0.103646 0.157407 0.873047
2 0.939844 0.164815 0.120312 0.12963 0.894531
2 0.255208 0.367593 0.128125 0.190741 0.909668
2 0.273177 0.78287 0.213021 0.367593 0.918457
2 0.74375 0.1625 0.178125 0.128704 0.919434
2 0.158854 0.559722 0.139583 0.200926 0.92334
2 0.0851562 0.673611 0.170312 0.319444 0.930176
