0 0.940625 0.137037 0.021875 0.0314815 0.298828
0 0.716146 0.135648 0.0197917 0.0342593 0.361328
0 0.00859375 0.877778 0.0171875 0.242593 0.397217
9 0.449219 0.0236111 0.0130208 0.0472222 0.466797
9 0.426042 0.0236111 0.0125 0.0472222 0.481201
2 0.377083 0.504167 0.145833 0.243519 0.634277
2 0.422917 0.40787 0.102083 0.156481 0.806152
2 0.344271 0.647222 0.139583 0.233333 0.863281
2 0.272656 0.768056 0.210938 0.34537 0.875488
2 0.93125 0.164815 0.1375 0.12963 0.905273
2 0.735156 0.162963 0.176563 0.12963 0.90625
2 0.0770833 0.713426 0.154167 0.334259 0.911621
2 0.232552 0.451852 0.121354 0.168519 0.914551
2 0.197396 0.888889 0.302083 0.211111 0.919434
2 0.145573 0.537963 0.185937 0.255556 0.927734
