9 0.435677 0.0236111 0.0328125 0.0472222 0.296875
2 0.0239583 0.0157407 0.0479167 0.0314815 0.322754
0 0.905469 0.134259 0.0234375 0.0388889 0.421875
9 0.608333 0.0805556 0.0125 0.0703704 0.436279
9 0.449479 0.0240741 0.0135417 0.0462963 0.51416
9 0.426302 0.0236111 0.0130208 0.0472222 0.52002
2 0.352083 0.171759 0.08125 0.141667 0.80127
2 0.0346354 0.864352 0.0692708 0.263889 0.884277
2 0.916667 0.159722 0.166667 0.136111 0.897949
2 0.261458 0.858333 0.202083 0.274074 0.905762
2 0.734375 0.174537 0.139583 0.102778 0.916504
2 0.201823 0.462963 0.161979 0.233333 0.929688
2 0.420312 0.41713 0.109375 0.160185 0.932129
