9 0.438021 0.0240741 0.034375 0.0481481 0.302979
2 0.38125 0.5 0.153125 0.244444 0.319336
9 0.449219 0.024537 0.0151042 0.0490741 0.627441
9 0.426042 0.0236111 0.0125 0.0472222 0.63623
7 0.376823 0.500926 0.143229 0.238889 0.663574
2 0.0257812 0.83287 0.0515625 0.332407 0.762695
2 0.421615 0.420833 0.104687 0.15463 0.863281
2 0.947656 0.16713 0.104687 0.132407 0.896484
2 0.76224 0.162963 0.178646 0.127778 0.90918
2 0.154167 0.573148 0.138542 0.205556 0.917969
2 0.221094 0.426389 0.147396 0.215741 0.918945
2 0.338542 0.647685 0.15625 0.236111 0.924805
2 0.0848958 0.674537 0.169792 0.319444 0.925781
