9 0.438542 0.024537 0.0375 0.0472222 0.320557
0 0.907812 0.134722 0.021875 0.0361111 0.427979
9 0.426302 0.0240741 0.0130208 0.0481481 0.487793
9 0.44974 0.025463 0.0151042 0.0472222 0.527344
2 0.341927 0.591667 0.169271 0.27963 0.880371
2 0.476562 0.166204 0.0677083 0.102778 0.894043
2 0.916146 0.165278 0.167708 0.126852 0.898926
2 0.723698 0.175 0.139062 0.105556 0.907227
2 0.411719 0.441204 0.114063 0.167593 0.912598
2 0.0677083 0.743056 0.135417 0.349074 0.927734
2 0.207031 0.446759 0.151562 0.223148 0.932129
2 0.128906 0.609259 0.150521 0.218519 0.936035
