0 0.917188 0.135648 0.0197917 0.0324074 0.269531
9 0.608333 0.0796296 0.0125 0.0722222 0.319824
9 0.45 0.0240741 0.0145833 0.0462963 0.440674
9 0.426302 0.0236111 0.0130208 0.0472222 0.471191
7 0.415885 0.40463 0.128646 0.218519 0.494629
2 0.415104 0.404167 0.128125 0.208333 0.727051
2 0.383854 0.534259 0.117708 0.175926 0.736328
2 0.332812 0.628704 0.190625 0.32037 0.877441
2 0.713542 0.162963 0.177083 0.131481 0.902832
2 0.919531 0.166204 0.160938 0.132407 0.907715
2 0.0770833 0.713426 0.153125 0.334259 0.908203
2 0.248437 0.832407 0.255208 0.322222 0.914551
2 0.232031 0.439352 0.110937 0.160185 0.918945
2 0.145833 0.542593 0.186458 0.264815 0.927734
