0 0.940625 0.137037 0.021875 0.0314815 0.281982
9 0.438021 0.0240741 0.0375 0.0481481 0.304443
0 0.00859375 0.876389 0.0171875 0.24537 0.371826
9 0.44974 0.0240741 0.0151042 0.0462963 0.454346
9 0.426302 0.0240741 0.0140625 0.0462963 0.467773
7 0.386719 0.484259 0.145313 0.244444 0.505859
2 0.386719 0.483333 0.145313 0.244444 0.664551
2 0.273177 0.769907 0.220313 0.330556 0.874512
2 0.439844 0.339352 0.0932292 0.136111 0.88623
2 0.347396 0.646759 0.146875 0.230556 0.895508
2 0.93125 0.164815 0.1375 0.12963 0.904297
2 0.727865 0.163889 0.177604 0.131481 0.905762
2 0.0770833 0.713889 0.154167 0.335185 0.909668
2 0.195573 0.894444 0.300521 0.2 0.916016
2 0.145833 0.539352 0.186458 0.258333 0.920898
2 0.232292 0.452778 0.120833 0.17037 0.921387
