9 0.4375 0.0236111 0.0375 0.0472222 0.257568
0 0.940104 0.1375 0.021875 0.0305556 0.277832
0 0.00859375 0.876389 0.0171875 0.247222 0.387695
9 0.608333 0.0805556 0.0125 0.0703704 0.406738
9 0.426302 0.0236111 0.0130208 0.0472222 0.425049
9 0.45 0.0240741 0.0135417 0.0462963 0.436035
7 0.410417 0.410185 0.121875 0.227778 0.553223
2 0.411979 0.416204 0.121875 0.221296 0.595703
2 0.48125 0.148611 0.0666667 0.100926 0.898438
2 0.93125 0.164815 0.1375 0.12963 0.904297
2 0.728125 0.163889 0.177083 0.131481 0.90625
2 0.282813 0.755556 0.21875 0.35 0.908203
2 0.0770833 0.713889 0.154167 0.337037 0.910645
2 0.145833 0.541667 0.186458 0.264815 0.922363
2 0.370052 0.563889 0.136979 0.209259 0.922852
2 0.232812 0.446759 0.113542 0.169444 0.922852
2 0.19375 0.890278 0.294792 0.208333 0.927734
