9 0.434375 0.0240741 0.0302083 0.0481481 0.267822
9 0.608333 0.0796296 0.0125 0.0722222 0.325684
9 0.45 0.0240741 0.0145833 0.0462963 0.451172
9 0.426302 0.0236111 0.0130208 0.0472222 0.469482
7 0.416406 0.40463 0.128646 0.218519 0.506836
2 0.383333 0.5375 0.116667 0.180556 0.733398
2 0.415104 0.404167 0.128125 0.208333 0.74707
2 0.332292 0.628704 0.189583 0.318519 0.87793
2 0.713281 0.1625 0.176563 0.134259 0.908203
2 0.921354 0.166204 0.157292 0.132407 0.910156
2 0.0770833 0.712963 0.153125 0.335185 0.910645
2 0.248177 0.832407 0.255729 0.32037 0.914062
2 0.231771 0.439352 0.110417 0.160185 0.917969
2 0.145833 0.542593 0.186458 0.264815 0.927734
