9 0.608594 0.0796296 0.0119792 0.0722222 0.252197
0 0.907292 0.134259 0.025 0.037037 0.486084
2 0.416667 0.423148 0.0989583 0.146296 0.500977
9 0.449219 0.0236111 0.0130208 0.0472222 0.51123
9 0.426042 0.0231481 0.0125 0.0462963 0.51709
2 0.377344 0.500463 0.155729 0.252778 0.597656
2 0.916146 0.165278 0.167708 0.126852 0.897949
2 0.0734375 0.723611 0.146875 0.347222 0.912109
2 0.709896 0.175 0.1375 0.103704 0.915527
2 0.215625 0.4375 0.154167 0.221296 0.930664
2 0.139323 0.593056 0.150521 0.212037 0.935547
