9 0.434115 0.0240741 0.0286458 0.0481481 0.277832
9 0.608333 0.0796296 0.0125 0.0722222 0.339111
9 0.45 0.0240741 0.0145833 0.0462963 0.449707
9 0.426302 0.0236111 0.0130208 0.0472222 0.474121
7 0.415885 0.40463 0.128646 0.218519 0.490723
2 0.383594 0.534722 0.117188 0.176852 0.720703
2 0.415104 0.404167 0.128125 0.208333 0.731934
2 0.333333 0.628704 0.191667 0.32037 0.872559
2 0.713542 0.162963 0.177083 0.131481 0.904785
2 0.919792 0.166667 0.160417 0.12963 0.907227
2 0.0770833 0.713426 0.153125 0.334259 0.907715
2 0.248437 0.832407 0.255208 0.322222 0.913574
2 0.231771 0.438889 0.110417 0.159259 0.917969
2 0.145833 0.54213 0.186458 0.265741 0.928223
