9 0.436979 0.0236111 0.034375 0.0472222 0.262939
0 0.940104 0.1375 0.021875 0.0305556 0.276855
0 0.00885417 0.877778 0.0177083 0.244444 0.358154
0 0.716146 0.135648 0.01875 0.0342593 0.37207
9 0.449219 0.0236111 0.0151042 0.0453704 0.450439
7 0.375781 0.502778 0.145313 0.242593 0.475342
2 0.376302 0.50463 0.144271 0.244444 0.483643
9 0.426042 0.0236111 0.0125 0.0472222 0.513184
2 0.421615 0.412963 0.102604 0.153704 0.845703
2 0.273958 0.721759 0.215625 0.267593 0.880859
2 0.344531 0.646759 0.139062 0.232407 0.889648
2 0.0770833 0.7125 0.154167 0.334259 0.902832
2 0.93125 0.163889 0.1375 0.127778 0.904297
2 0.735156 0.162963 0.176563 0.12963 0.905273
2 0.197135 0.87963 0.301562 0.22963 0.911621
2 0.232552 0.453241 0.120312 0.171296 0.91748
2 0.145573 0.535185 0.185937 0.251852 0.930664
