0 0.941406 0.137963 0.0234375 0.0333333 0.305664
0 0.715625 0.135648 0.0197917 0.0342593 0.356201
7 0.37526 0.499074 0.145313 0.235185 0.358643
2 0.40599 0.0231481 0.0473958 0.0462963 0.36499
7 0.407292 0.0236111 0.05 0.0472222 0.390381
2 0.375521 0.501389 0.144792 0.237963 0.510254
2 0.422396 0.416667 0.10625 0.159259 0.836914
2 0.274479 0.785185 0.219792 0.355556 0.891113
2 0.34375 0.646296 0.140625 0.22963 0.895996
2 0.0747396 0.714352 0.149479 0.334259 0.902832
2 0.93125 0.164352 0.1375 0.128704 0.902832
2 0.735156 0.162963 0.176563 0.12963 0.908203
2 0.194792 0.893056 0.3 0.200926 0.911621
2 0.233854 0.456019 0.128125 0.171296 0.913574
2 0.144792 0.542593 0.1875 0.259259 0.91748
