0 0.689062 0.13287 0.025 0.0361111 0.250244
0 0.00833333 0.880556 0.0166667 0.238889 0.27417
9 0.608333 0.0800926 0.0125 0.0712963 0.318115
9 0.426042 0.0236111 0.0125 0.0472222 0.414551
9 0.44974 0.0236111 0.0140625 0.0472222 0.428711
2 0.420052 0.400463 0.130729 0.208333 0.619141
2 0.385156 0.53287 0.121354 0.173148 0.797852
2 0.333333 0.630556 0.191667 0.316667 0.866211
2 0.7125 0.162963 0.177083 0.131481 0.900879
2 0.0770833 0.713426 0.153125 0.336111 0.908691
2 0.235677 0.426389 0.110937 0.160185 0.90918
2 0.919792 0.166204 0.160417 0.132407 0.911133
2 0.248177 0.83287 0.255729 0.321296 0.913086
2 0.145833 0.543056 0.186458 0.263889 0.929688
