9 0.438802 0.025 0.0432292 0.0481481 0.252441
9 0.608594 0.0805556 0.0119792 0.0703704 0.356201
7 0.416406 0.404167 0.129688 0.217593 0.474121
9 0.45 0.024537 0.0145833 0.0472222 0.49585
9 0.426302 0.025 0.0140625 0.0481481 0.596191
2 0.383594 0.533796 0.118229 0.175 0.710938
2 0.414844 0.403704 0.128646 0.207407 0.750977
2 0.334115 0.628241 0.192188 0.321296 0.870605
2 0.93125 0.165278 0.1375 0.130556 0.904297
2 0.0770833 0.713426 0.153125 0.334259 0.910645
2 0.248177 0.83287 0.255729 0.321296 0.912109
2 0.713021 0.162037 0.177083 0.133333 0.914551
2 0.231771 0.439352 0.110417 0.160185 0.918457
2 0.145833 0.542593 0.186458 0.264815 0.928223
