7 0.376563 0.502778 0.154167 0.246296 0.343506
0 0.907812 0.134722 0.0239583 0.0361111 0.413086
2 0.37526 0.50463 0.151562 0.248148 0.53418
9 0.449219 0.0236111 0.0130208 0.0472222 0.536621
9 0.426042 0.0236111 0.0125 0.0472222 0.560547
2 0.41875 0.421296 0.10625 0.146296 0.81543
2 0.916146 0.165278 0.167708 0.126852 0.900391
2 0.0734375 0.723148 0.146875 0.344444 0.906738
2 0.708073 0.175463 0.138021 0.10463 0.915527
2 0.21849 0.433333 0.150521 0.218519 0.925781
2 0.139062 0.593982 0.151042 0.212037 0.934082
