9 0.435677 0.0236111 0.0317708 0.0472222 0.275879
9 0.608333 0.0842593 0.0125 0.0592593 0.279053
0 0.753646 0.134259 0.021875 0.0388889 0.351074
2 0.0148437 0.877778 0.0296875 0.240741 0.362061
2 0.992188 0.170833 0.015625 0.128704 0.393311
9 0.449219 0.0231481 0.0140625 0.0462963 0.474121
2 0.377604 0.506944 0.159375 0.258333 0.522949
7 0.375781 0.506481 0.151562 0.25 0.524902
9 0.426042 0.0236111 0.0125 0.0472222 0.574219
2 0.420312 0.422222 0.10625 0.151852 0.845703
2 0.0734375 0.721296 0.146875 0.338889 0.89502
2 0.772396 0.163889 0.178125 0.12963 0.90625
2 0.250781 0.87037 0.210938 0.248148 0.911133
2 0.192188 0.173148 0.138542 0.105556 0.916992
2 0.219531 0.42963 0.149479 0.218519 0.930176
2 0.139062 0.593518 0.151042 0.211111 0.936523
