2 0.00833333 0.025 0.0166667 0.05 0.270264
0 0.907812 0.134722 0.0239583 0.0361111 0.43457
7 0.375781 0.50463 0.152604 0.25 0.436279
2 0.376563 0.501389 0.15625 0.256481 0.561523
2 0.416146 0.431481 0.101042 0.162963 0.648926
2 0.49974 0.0578704 0.0526042 0.0805556 0.845703
2 0.916406 0.164815 0.167187 0.127778 0.897461
2 0.0734375 0.723611 0.146875 0.347222 0.906738
2 0.721094 0.175 0.139062 0.105556 0.913086
2 0.132552 0.605556 0.147396 0.216667 0.927734
2 0.215625 0.438426 0.154167 0.221296 0.929688
