0 0.940625 0.137037 0.0229167 0.0314815 0.335693
0 0.00859375 0.879167 0.0171875 0.241667 0.406494
0 0.714583 0.135648 0.021875 0.0361111 0.426025
9 0.449219 0.0236111 0.0130208 0.0472222 0.481445
9 0.426042 0.0236111 0.0125 0.0472222 0.486816
2 0.376563 0.503241 0.147917 0.239815 0.645996
2 0.424219 0.403704 0.101562 0.153704 0.82373
2 0.344271 0.647222 0.140625 0.231481 0.860352
2 0.273958 0.775 0.213542 0.353704 0.884766
2 0.734896 0.163426 0.177083 0.128704 0.901855
2 0.93125 0.164815 0.1375 0.12963 0.904297
2 0.0770833 0.713426 0.154167 0.334259 0.911133
2 0.232552 0.452778 0.121354 0.17037 0.916992
2 0.196875 0.889352 0.302083 0.208333 0.916992
2 0.145573 0.537963 0.185937 0.257407 0.926758
