9 0.438802 0.0240741 0.0359375 0.0481481 0.343994
0 0.907031 0.135648 0.0234375 0.0361111 0.366455
2 0.00755208 0.0217593 0.0151042 0.0435185 0.458984
9 0.426302 0.0236111 0.0140625 0.0472222 0.524414
9 0.449479 0.025 0.015625 0.0481481 0.583984
2 0.366146 0.114815 0.071875 0.122222 0.85791
2 0.916406 0.166204 0.167187 0.125 0.891113
2 0.734375 0.174537 0.139583 0.102778 0.915527
2 0.202083 0.460185 0.161458 0.22963 0.92627
2 0.0833333 0.686574 0.165625 0.241667 0.928223
2 0.419792 0.418056 0.109375 0.162037 0.935547
2 0.329167 0.66713 0.158333 0.234259 0.938477
