9 0.4375 0.025 0.0354167 0.0481481 0.32251
7 0.416406 0.40463 0.129688 0.22037 0.425049
9 0.426302 0.0240741 0.0130208 0.0481481 0.571777
9 0.45 0.025 0.015625 0.0481481 0.607422
2 0.383594 0.544444 0.117188 0.196296 0.741699
2 0.417969 0.405556 0.128646 0.212963 0.833496
2 0.33125 0.62963 0.186458 0.316667 0.870117
2 0.713281 0.162963 0.177604 0.131481 0.898926
2 0.0770833 0.713426 0.153125 0.334259 0.908691
2 0.919792 0.166204 0.160417 0.132407 0.910156
2 0.248177 0.83287 0.255729 0.321296 0.914062
2 0.23099 0.439352 0.108854 0.160185 0.916992
2 0.145833 0.542593 0.186458 0.264815 0.928223
