2 0.0148437 0.881019 0.0296875 0.237963 0.298584
9 0.438281 0.0240741 0.0348958 0.0481481 0.301025
0 0.767187 0.134259 0.0197917 0.0351852 0.459717
9 0.426042 0.0236111 0.0125 0.0472222 0.599121
9 0.44974 0.024537 0.0151042 0.0490741 0.599609
2 0.184375 0.973611 0.221875 0.0472222 0.646973
2 0.37474 0.506481 0.150521 0.248148 0.670898
2 0.418229 0.420833 0.107292 0.147222 0.834961
2 0.783594 0.162963 0.178646 0.12963 0.90332
2 0.0734375 0.721296 0.146875 0.338889 0.904785
2 0.330208 0.174074 0.1375 0.103704 0.916992
2 0.21875 0.433333 0.15 0.22037 0.928711
2 0.139062 0.593518 0.151042 0.211111 0.935547
