9 0.435156 0.0236111 0.0317708 0.0472222 0.296387
2 0.0348958 0.00972222 0.0583333 0.0194444 0.304688
0 0.907812 0.127778 0.01875 0.0351852 0.404053
0 0.00911458 0.902778 0.0182292 0.194444 0.41333
9 0.608333 0.0805556 0.0125 0.0703704 0.443115
9 0.45 0.0240741 0.0145833 0.0462963 0.503906
9 0.426302 0.0236111 0.0130208 0.0472222 0.51709
2 0.917188 0.15463 0.165625 0.138889 0.864258
2 0.345833 0.197222 0.0875 0.146296 0.870117
2 0.229948 0.902778 0.220313 0.187037 0.904785
2 0.734375 0.174537 0.139583 0.102778 0.916016
2 0.201562 0.461574 0.161458 0.232407 0.929688
2 0.420312 0.416667 0.109375 0.159259 0.932617
