0 0.726823 0.134259 0.0234375 0.037037 0.274658
2 0.377865 0.502315 0.148438 0.241667 0.327637
9 0.449219 0.0236111 0.0130208 0.0472222 0.512207
9 0.426042 0.0236111 0.0125 0.0472222 0.548828
7 0.376042 0.500463 0.14375 0.237963 0.57373
2 0.344531 0.650926 0.140104 0.242593 0.828125
2 0.0299479 0.84213 0.0598958 0.310185 0.842285
2 0.422396 0.418519 0.103125 0.157407 0.854004
2 0.940625 0.164352 0.11875 0.130556 0.896484
2 0.74974 0.1625 0.177604 0.130556 0.902344
2 0.274479 0.781944 0.215625 0.367593 0.907715
2 0.154167 0.572685 0.139583 0.20463 0.910645
2 0.226302 0.419444 0.144271 0.212963 0.913574
2 0.0848958 0.674074 0.169792 0.316667 0.918457
