2 0.0148437 0.873148 0.0296875 0.25 0.268066
2 0.377604 0.511574 0.159375 0.260185 0.497314
9 0.449219 0.0231481 0.0130208 0.0462963 0.547363
9 0.426042 0.0236111 0.0125 0.0472222 0.574219
7 0.376563 0.509722 0.154167 0.258333 0.582031
2 0.421615 0.420833 0.104687 0.152778 0.867188
2 0.0734375 0.720833 0.146875 0.337963 0.873047
2 0.95 0.166204 0.1 0.132407 0.901367
2 0.764063 0.162963 0.178125 0.12963 0.908203
2 0.221094 0.424537 0.147396 0.212037 0.922363
2 0.146615 0.575926 0.151562 0.207407 0.925781
2 0.304688 0.744444 0.173958 0.262963 0.933105
