9 0.436979 0.0236111 0.034375 0.0472222 0.253906
9 0.608333 0.0787037 0.0125 0.0740741 0.281494
0 0.907812 0.133796 0.0239583 0.037963 0.475098
2 0.416406 0.422685 0.0984375 0.14537 0.524414
9 0.449219 0.0236111 0.0130208 0.0472222 0.550293
9 0.426042 0.0231481 0.0125 0.0462963 0.564941
2 0.376823 0.500463 0.154687 0.250926 0.619141
2 0.916146 0.165741 0.167708 0.127778 0.897949
2 0.0734375 0.723148 0.146875 0.344444 0.90918
2 0.709896 0.175 0.1375 0.103704 0.916016
2 0.215625 0.436574 0.154167 0.221296 0.929199
2 0.139323 0.592593 0.150521 0.211111 0.93457
