0 0.726823 0.134259 0.0234375 0.037037 0.321289
2 0.379948 0.500463 0.154687 0.24537 0.356201
9 0.449219 0.0236111 0.0130208 0.0472222 0.509277
7 0.376302 0.502778 0.145313 0.242593 0.536133
9 0.426042 0.0236111 0.0125 0.0472222 0.538574
2 0.344531 0.661111 0.140104 0.262963 0.82959
2 0.0302083 0.843518 0.0604167 0.312963 0.835938
2 0.422396 0.418519 0.103125 0.157407 0.858887
2 0.939583 0.164352 0.11875 0.130556 0.89502
2 0.74974 0.162963 0.178646 0.127778 0.899902
2 0.273438 0.781482 0.213542 0.366667 0.90918
2 0.154167 0.572685 0.138542 0.20463 0.911133
2 0.0851562 0.674537 0.170312 0.317593 0.919434
2 0.230469 0.410648 0.141146 0.206481 0.919922
