0 0.940104 0.1375 0.021875 0.0305556 0.2771
9 0.434115 0.0240741 0.0286458 0.0481481 0.280273
9 0.608333 0.0796296 0.0125 0.0722222 0.329102
9 0.45 0.0240741 0.0145833 0.0462963 0.456055
7 0.416406 0.40463 0.128646 0.22037 0.474609
9 0.426302 0.0236111 0.0130208 0.0472222 0.480957
2 0.383594 0.534259 0.118229 0.175926 0.735352
2 0.415104 0.404167 0.128125 0.208333 0.76416
2 0.332812 0.628704 0.190625 0.32037 0.876465
2 0.93125 0.164815 0.1375 0.12963 0.901855
2 0.713802 0.1625 0.176563 0.130556 0.905762
2 0.0770833 0.713426 0.153125 0.334259 0.909668
2 0.248177 0.832407 0.255729 0.32037 0.914062
2 0.231771 0.438889 0.110417 0.159259 0.918457
2 0.145833 0.542593 0.186458 0.264815 0.926758
