0 0.940625 0.1375 0.021875 0.0305556 0.292236
9 0.425781 0.0236111 0.0130208 0.0472222 0.32666
9 0.449479 0.0236111 0.0125 0.0453704 0.350586
9 0.608333 0.0800926 0.0125 0.0712963 0.35083
0 0.00859375 0.878241 0.0171875 0.241667 0.39502
7 0.411719 0.415278 0.123438 0.219444 0.734375
2 0.486719 0.123611 0.0619792 0.0953704 0.85791
2 0.725 0.162963 0.178125 0.131481 0.899902
2 0.93125 0.164815 0.1375 0.12963 0.904297
2 0.0773437 0.713889 0.153646 0.337037 0.906738
2 0.295833 0.730093 0.207292 0.352778 0.915527
2 0.194792 0.890278 0.296875 0.206481 0.916016
2 0.372917 0.558796 0.13125 0.202778 0.919434
2 0.233333 0.446759 0.114583 0.169444 0.921875
2 0.146094 0.542593 0.185937 0.264815 0.929199
