9 0.434896 0.0236111 0.0302083 0.0472222 0.262939
2 0.0148437 0.877778 0.0296875 0.240741 0.338379
2 0.377604 0.513426 0.161458 0.263889 0.526367
9 0.449219 0.0236111 0.0130208 0.0472222 0.562012
7 0.377344 0.511574 0.155729 0.260185 0.580078
9 0.426042 0.0236111 0.0125 0.0472222 0.599609
2 0.976562 0.162963 0.046875 0.140741 0.765625
2 0.421094 0.420833 0.104687 0.152778 0.85791
2 0.0734375 0.72037 0.146875 0.337037 0.89209
2 0.0760417 0.172685 0.139583 0.10463 0.907227
2 0.772135 0.163426 0.178646 0.132407 0.915039
2 0.221094 0.427778 0.148438 0.218519 0.922363
2 0.139583 0.592593 0.152083 0.211111 0.932129
2 0.285677 0.803241 0.186979 0.278704 0.937988
