0 0.940625 0.137963 0.021875 0.0314815 0.299561
0 0.714844 0.135185 0.0203125 0.0351852 0.3479
0 0.00859375 0.876852 0.0171875 0.246296 0.38916
9 0.449219 0.0236111 0.0130208 0.0472222 0.473633
9 0.426042 0.0236111 0.0125 0.0472222 0.500977
2 0.376823 0.50463 0.148438 0.242593 0.727051
2 0.344271 0.647685 0.140625 0.232407 0.871094
2 0.274219 0.776389 0.216146 0.349074 0.882324
2 0.425521 0.398611 0.101042 0.150926 0.883789
2 0.734375 0.162963 0.177083 0.12963 0.904785
2 0.93125 0.164815 0.1375 0.12963 0.905273
2 0.0770833 0.712963 0.154167 0.335185 0.90918
2 0.232552 0.452778 0.120312 0.17037 0.914551
2 0.196875 0.890741 0.302083 0.205556 0.916992
2 0.145833 0.539815 0.186458 0.261111 0.922852
