9 0.608333 0.0777778 0.0125 0.0740741 0.265137
2 0.0286458 0.012963 0.040625 0.0259259 0.272705
9 0.439323 0.0240741 0.0432292 0.0481481 0.286621
9 0.426823 0.024537 0.0171875 0.0472222 0.292236
0 0.00833333 0.883796 0.0166667 0.232407 0.387695
0 0.179948 0.208333 0.0161458 0.0351852 0.542969
2 0.420312 0.399074 0.130208 0.207407 0.73584
2 0.386979 0.530556 0.123958 0.187037 0.856445
2 0.165885 0.237963 0.210938 0.153704 0.893555
2 0.0770833 0.713889 0.154167 0.335185 0.899902
2 0.331771 0.630093 0.188542 0.315741 0.902832
2 0.919792 0.165741 0.160417 0.131481 0.908691
2 0.702865 0.162963 0.178646 0.133333 0.910645
2 0.255208 0.375 0.105208 0.151852 0.91748
2 0.248177 0.833333 0.255729 0.322222 0.918457
2 0.15599 0.524537 0.177604 0.256481 0.940918
