0 0.726823 0.134259 0.0234375 0.037037 0.260498
2 0.378646 0.5 0.15 0.240741 0.367676
9 0.449219 0.0236111 0.0130208 0.0472222 0.453369
9 0.426042 0.0236111 0.0125 0.0472222 0.508301
7 0.376302 0.499537 0.144271 0.236111 0.552246
2 0.0299479 0.843518 0.0598958 0.305556 0.856445
2 0.420573 0.419907 0.105729 0.156481 0.877441
2 0.344792 0.644907 0.139583 0.228704 0.89502
2 0.939844 0.164815 0.120312 0.12963 0.896484
2 0.74974 0.1625 0.177604 0.130556 0.899902
2 0.223698 0.42037 0.148438 0.211111 0.907227
2 0.154167 0.572222 0.138542 0.203704 0.911621
2 0.0848958 0.674074 0.169792 0.316667 0.922363
2 0.274219 0.782407 0.216146 0.366667 0.922363
