2 0.0179687 0.0166667 0.0359375 0.0333333 0.267578
2 0.378125 0.499537 0.148958 0.239815 0.364258
0 0.21875 0.744907 0.0447917 0.0527778 0.436768
9 0.449219 0.0236111 0.0130208 0.0472222 0.511719
9 0.426042 0.0236111 0.0125 0.0472222 0.539551
7 0.376302 0.498611 0.144271 0.234259 0.558594
2 0.0299479 0.844907 0.0598958 0.30463 0.86084
2 0.420573 0.419907 0.105729 0.156481 0.872559
2 0.947656 0.16713 0.104687 0.132407 0.889648
2 0.757292 0.1625 0.179167 0.128704 0.905273
2 0.084375 0.673611 0.16875 0.317593 0.909668
2 0.234375 0.839815 0.245833 0.309259 0.910156
2 0.153906 0.572685 0.139062 0.20463 0.913086
2 0.223438 0.423148 0.146875 0.214815 0.917969
2 0.3375 0.647685 0.154167 0.236111 0.922363
