0 0.916406 0.135648 0.0234375 0.0324074 0.269287
9 0.4375 0.025 0.0364583 0.0481481 0.323486
7 0.416406 0.404167 0.128646 0.219444 0.521484
9 0.426302 0.0240741 0.0140625 0.0481481 0.538086
9 0.45 0.025463 0.0166667 0.0472222 0.561523
2 0.415104 0.404167 0.128125 0.210185 0.725586
2 0.383854 0.534722 0.117708 0.176852 0.746094
2 0.332552 0.628241 0.190104 0.319444 0.874512
2 0.713021 0.1625 0.178125 0.130556 0.900879
2 0.919792 0.166204 0.160417 0.132407 0.909668
2 0.0768229 0.713426 0.153646 0.336111 0.909668
2 0.247917 0.833333 0.254167 0.32037 0.914062
2 0.231771 0.438889 0.110417 0.159259 0.918945
2 0.145833 0.542593 0.186458 0.264815 0.928223
