2 0.0153646 0.831944 0.0307292 0.328704 0.250244
0 0.739844 0.136574 0.0255208 0.0342593 0.338379
2 0.381771 0.505556 0.161458 0.257407 0.445801
9 0.449219 0.0240741 0.0140625 0.0481481 0.578613
9 0.426302 0.0240741 0.0140625 0.0481481 0.645996
7 0.376563 0.508333 0.151042 0.253704 0.755859
2 0.421615 0.420833 0.104687 0.15463 0.882812
2 0.0742188 0.717593 0.148438 0.335185 0.887695
2 0.76224 0.163889 0.178646 0.127778 0.900879
2 0.947656 0.166667 0.104687 0.131481 0.904785
2 0.221094 0.425926 0.148438 0.214815 0.922363
2 0.148177 0.573611 0.151562 0.206481 0.928223
2 0.317187 0.705556 0.165625 0.251852 0.938477
