0 0.940625 0.137037 0.021875 0.0314815 0.307129
0 0.716406 0.135185 0.0192708 0.0351852 0.365479
0 0.00859375 0.878704 0.0171875 0.242593 0.391113
9 0.449219 0.0236111 0.0130208 0.0472222 0.459229
9 0.426042 0.0236111 0.0125 0.0472222 0.467529
2 0.376823 0.50463 0.145313 0.244444 0.623047
2 0.423438 0.40463 0.101042 0.153704 0.838379
2 0.344531 0.646759 0.140104 0.232407 0.884766
2 0.27526 0.772222 0.216146 0.35 0.886719
2 0.735156 0.163426 0.176563 0.128704 0.902832
2 0.93125 0.164815 0.1375 0.12963 0.905762
2 0.0770833 0.712963 0.154167 0.335185 0.913574
2 0.232812 0.452778 0.120833 0.17037 0.915527
2 0.196875 0.889352 0.302083 0.208333 0.922852
2 0.145573 0.5375 0.185937 0.256481 0.927734
