9 0.43724 0.0236111 0.0359375 0.0472222 0.291504
0 0.907031 0.134722 0.0234375 0.0361111 0.449219
9 0.608333 0.0800926 0.0125 0.0712963 0.449219
9 0.449479 0.0240741 0.0135417 0.0462963 0.462402
9 0.426302 0.0236111 0.0130208 0.0472222 0.47583
2 0.330729 0.622222 0.184375 0.296296 0.897949
2 0.916146 0.165278 0.167708 0.126852 0.898438
2 0.470833 0.191667 0.0708333 0.109259 0.904785
2 0.723698 0.175 0.138021 0.105556 0.908203
2 0.411719 0.438889 0.114063 0.162963 0.908203
2 0.0567708 0.7875 0.113542 0.375 0.919922
2 0.207552 0.44213 0.151562 0.212037 0.931641
2 0.124479 0.608796 0.159375 0.219444 0.932617
