9 0.43724 0.0236111 0.0348958 0.0472222 0.276367
2 0.377604 0.502315 0.15 0.239815 0.394287
9 0.426302 0.0236111 0.0140625 0.0472222 0.470947
9 0.449219 0.0240741 0.0140625 0.0462963 0.47583
7 0.376302 0.500926 0.145313 0.237037 0.532715
2 0.0302083 0.843982 0.0604167 0.312037 0.816406
2 0.344531 0.641204 0.138021 0.221296 0.860352
2 0.422396 0.417593 0.103125 0.157407 0.877441
2 0.182552 0.926852 0.285937 0.133333 0.891113
2 0.939844 0.164352 0.120312 0.130556 0.894043
2 0.277604 0.780556 0.222917 0.364815 0.914062
2 0.74401 0.1625 0.177604 0.128704 0.919434
2 0.170833 0.536574 0.140625 0.19537 0.922363
2 0.0848958 0.674537 0.169792 0.319444 0.923828
2 0.267708 0.338426 0.117708 0.186111 0.932617
