2 0.381771 0.503704 0.160417 0.251852 0.366211
9 0.44974 0.0240741 0.0140625 0.0481481 0.574707
9 0.426302 0.024537 0.0140625 0.0490741 0.63916
7 0.376823 0.506481 0.150521 0.248148 0.82666
2 0.421615 0.420833 0.104687 0.15463 0.873047
2 0.947656 0.166667 0.104687 0.12963 0.897949
2 0.0763021 0.708333 0.152604 0.335185 0.899414
2 0.761719 0.163426 0.176563 0.130556 0.905273
2 0.221094 0.425926 0.147396 0.214815 0.920898
2 0.327344 0.676389 0.159896 0.241667 0.921875
2 0.149479 0.573148 0.147917 0.207407 0.928223
