7 0.390885 0.0425926 0.0598958 0.0851852 0.253174
0 0.716667 0.135185 0.01875 0.0351852 0.39917
2 0.375521 0.499537 0.144792 0.236111 0.465576
7 0.375521 0.499537 0.144792 0.236111 0.477539
2 0.390625 0.0412037 0.059375 0.0824074 0.625
2 0.422917 0.416667 0.10625 0.159259 0.825684
2 0.344531 0.645833 0.141146 0.228704 0.867188
2 0.272396 0.779167 0.215625 0.358333 0.882324
2 0.9375 0.164815 0.125 0.131481 0.89209
2 0.0726563 0.720833 0.145313 0.339815 0.897461
2 0.735156 0.162963 0.176563 0.12963 0.905762
2 0.194792 0.894907 0.301042 0.197222 0.917969
2 0.233073 0.456481 0.129688 0.172222 0.921875
2 0.142188 0.545833 0.188542 0.263889 0.929688
