9 0.435937 0.0236111 0.0322917 0.0472222 0.291748
0 0.905469 0.136111 0.0203125 0.037037 0.361572
9 0.608333 0.0805556 0.0125 0.0703704 0.460205
9 0.449479 0.0231481 0.0135417 0.0462963 0.524414
9 0.426302 0.0236111 0.0130208 0.0472222 0.524902
2 0.0166667 0.0208333 0.0333333 0.0416667 0.550293
2 0.357812 0.146759 0.075 0.134259 0.679199
2 0.916406 0.163426 0.167187 0.130556 0.894043
2 0.0578125 0.785648 0.115625 0.275 0.912109
2 0.734375 0.174537 0.139583 0.102778 0.916016
2 0.201562 0.462037 0.161458 0.233333 0.930176
2 0.420312 0.41713 0.109375 0.160185 0.933105
2 0.292448 0.775926 0.180729 0.266667 0.941406
