0 0.726562 0.134259 0.0239583 0.037037 0.273438
2 0.377865 0.502315 0.149479 0.243519 0.343018
9 0.449219 0.0236111 0.0130208 0.0472222 0.513184
7 0.376302 0.500463 0.144271 0.237963 0.536621
9 0.426042 0.0236111 0.0125 0.0472222 0.546387
2 0.344531 0.653704 0.139062 0.248148 0.825195
2 0.0299479 0.843518 0.0598958 0.311111 0.843262
2 0.422396 0.418519 0.103125 0.157407 0.856445
2 0.940625 0.164352 0.11875 0.130556 0.894531
2 0.74974 0.1625 0.177604 0.130556 0.902344
2 0.273958 0.782407 0.214583 0.368519 0.909668
2 0.227344 0.418056 0.144271 0.213889 0.909668
2 0.153906 0.573148 0.139062 0.203704 0.910156
2 0.0848958 0.673611 0.169792 0.315741 0.920898
