2 0.0148437 0.842593 0.0296875 0.307407 0.25708
7 0.377083 0.503241 0.155208 0.249074 0.368896
9 0.449219 0.0236111 0.0130208 0.0472222 0.370605
9 0.426042 0.0236111 0.0125 0.0472222 0.418701
2 0.37526 0.505093 0.151562 0.249074 0.537109
2 0.41875 0.421759 0.10625 0.147222 0.804688
2 0.0734375 0.721296 0.146875 0.338889 0.881348
2 0.550521 0.175463 0.138542 0.10463 0.90918
2 0.892187 0.164352 0.180208 0.130556 0.916992
2 0.21875 0.43287 0.15 0.219444 0.925293
2 0.139323 0.593056 0.150521 0.210185 0.933594
