0 0.70026 0.133796 0.0213542 0.037963 0.255859
9 0.449479 0.024537 0.0135417 0.0472222 0.270996
9 0.608333 0.0800926 0.0125 0.0731481 0.286865
0 0.940104 0.1375 0.021875 0.0305556 0.292236
2 0.413542 0.415741 0.125 0.212963 0.356689
0 0.00859375 0.877778 0.0171875 0.244444 0.396729
9 0.426302 0.024537 0.0140625 0.0472222 0.400146
7 0.4125 0.4125 0.122917 0.213889 0.770508
2 0.492448 0.0925926 0.0578125 0.087037 0.887207
2 0.37526 0.548148 0.124479 0.203704 0.890625
2 0.233594 0.44537 0.114063 0.164815 0.902344
2 0.93125 0.164815 0.1375 0.12963 0.903809
2 0.721875 0.1625 0.177083 0.126852 0.90625
2 0.0773437 0.714815 0.153646 0.337037 0.912598
2 0.309375 0.693519 0.197917 0.325926 0.922363
2 0.194792 0.890278 0.295833 0.206481 0.92334
2 0.145573 0.543056 0.185937 0.267593 0.926758
