9 0.435937 0.0240741 0.0333333 0.0481481 0.279053
0 0.940625 0.137037 0.021875 0.0314815 0.293701
0 0.00859375 0.875926 0.0171875 0.248148 0.366699
9 0.608333 0.0800926 0.0125 0.0712963 0.392334
9 0.45 0.0240741 0.0145833 0.0462963 0.452393
9 0.426302 0.0236111 0.0140625 0.0472222 0.459229
2 0.396615 0.4625 0.139062 0.239815 0.808105
2 0.272917 0.74537 0.216667 0.305556 0.875977
2 0.347135 0.648148 0.146354 0.233333 0.898438
2 0.446354 0.308333 0.0885417 0.131481 0.903809
2 0.727865 0.164352 0.177604 0.130556 0.904297
2 0.93125 0.164815 0.1375 0.12963 0.904297
2 0.0770833 0.712963 0.154167 0.335185 0.913574
2 0.196875 0.887963 0.3 0.212963 0.921387
2 0.232292 0.453241 0.120833 0.171296 0.921875
2 0.146094 0.536574 0.186979 0.252778 0.927734
