0 0.917188 0.135648 0.021875 0.0324074 0.293457
9 0.608333 0.0796296 0.0125 0.0722222 0.320557
9 0.45 0.0240741 0.0145833 0.0462963 0.454102
9 0.426302 0.0236111 0.0130208 0.0472222 0.479736
7 0.416406 0.40463 0.128646 0.218519 0.496826
2 0.383854 0.535648 0.117708 0.178704 0.720215
2 0.414844 0.404167 0.127604 0.208333 0.729492
2 0.333073 0.627315 0.191146 0.321296 0.874512
2 0.713542 0.162963 0.177083 0.131481 0.904297
2 0.919531 0.166204 0.160938 0.132407 0.907715
2 0.0770833 0.713889 0.153125 0.335185 0.908691
2 0.247917 0.833333 0.254167 0.32037 0.914551
2 0.231771 0.438889 0.110417 0.159259 0.918457
2 0.145833 0.542593 0.186458 0.264815 0.928223
