9 0.438021 0.0240741 0.034375 0.0481481 0.272461
2 0.377083 0.5 0.15 0.237037 0.370117
9 0.44974 0.024537 0.0151042 0.0472222 0.523926
9 0.426042 0.0236111 0.0125 0.0472222 0.539062
7 0.375781 0.499537 0.145313 0.236111 0.539551
2 0.0302083 0.82037 0.0604167 0.359259 0.765625
2 0.344271 0.64537 0.140625 0.227778 0.856934
2 0.422135 0.418056 0.104687 0.158333 0.870605
2 0.314583 0.226852 0.09375 0.157407 0.872559
2 0.940625 0.163889 0.11875 0.12963 0.895508
2 0.276823 0.784259 0.215104 0.357407 0.907715
2 0.191406 0.889815 0.292188 0.205556 0.917969
2 0.74401 0.1625 0.177604 0.128704 0.918945
2 0.208594 0.476389 0.128646 0.178704 0.925781
2 0.101302 0.608333 0.202604 0.294444 0.931152
