9 0.435937 0.0236111 0.0333333 0.0472222 0.280029
2 0.378906 0.501389 0.149479 0.243519 0.296631
9 0.449219 0.0236111 0.0151042 0.0453704 0.496094
9 0.426042 0.0236111 0.0125 0.0472222 0.571289
7 0.376563 0.499537 0.14375 0.236111 0.696777
2 0.0299479 0.838889 0.0598958 0.318519 0.807617
2 0.420312 0.419907 0.104167 0.15463 0.853027
2 0.947656 0.16713 0.104687 0.132407 0.891113
2 0.761719 0.163426 0.176563 0.128704 0.905762
2 0.221875 0.424074 0.147917 0.211111 0.916992
2 0.153906 0.572222 0.139062 0.205556 0.918457
2 0.338281 0.647685 0.155729 0.234259 0.925293
2 0.0848958 0.675463 0.169792 0.319444 0.927246
