9 0.449219 0.0236111 0.0130208 0.0472222 0.357666
9 0.426042 0.0236111 0.0125 0.0472222 0.390869
2 0.376042 0.5 0.146875 0.237037 0.516602
2 0.0302083 0.841667 0.0604167 0.312963 0.862305
2 0.422135 0.418056 0.104687 0.158333 0.873535
2 0.345313 0.644444 0.140625 0.227778 0.881836
2 0.940625 0.164352 0.11875 0.130556 0.896484
2 0.196615 0.890741 0.280729 0.205556 0.908203
2 0.277083 0.781482 0.219792 0.366667 0.913574
2 0.296615 0.272222 0.102604 0.172222 0.914551
2 0.74401 0.1625 0.177604 0.128704 0.92041
2 0.202865 0.48287 0.134896 0.180556 0.924805
2 0.090625 0.65 0.18125 0.311111 0.934082
