9 0.438021 0.0240741 0.034375 0.0481481 0.313477
0 0.907292 0.134259 0.025 0.037037 0.473145
2 0.415625 0.422685 0.102083 0.14537 0.604492
2 0.376302 0.500926 0.153646 0.25 0.608887
9 0.44974 0.024537 0.0151042 0.0490741 0.662598
9 0.426042 0.0236111 0.0125 0.0472222 0.671875
2 0.916146 0.165278 0.167708 0.126852 0.894531
2 0.0734375 0.722222 0.146875 0.344444 0.909668
2 0.709896 0.175 0.1375 0.103704 0.913574
2 0.215625 0.437037 0.154167 0.222222 0.929688
2 0.139062 0.593056 0.151042 0.212037 0.935059
