0 0.770312 0.131944 0.021875 0.0287037 0.256104
2 0.378385 0.500926 0.149479 0.242593 0.360107
9 0.449219 0.0236111 0.0130208 0.0472222 0.473877
9 0.426042 0.0236111 0.0125 0.0472222 0.508301
7 0.376302 0.5 0.144271 0.237037 0.570801
2 0.0296875 0.843056 0.059375 0.308333 0.848145
2 0.420573 0.419444 0.105729 0.155556 0.875977
2 0.344531 0.644907 0.140104 0.228704 0.895508
2 0.940625 0.164815 0.11875 0.12963 0.898438
2 0.74974 0.162963 0.178646 0.127778 0.900391
2 0.223698 0.420833 0.148438 0.212037 0.907227
2 0.154167 0.572685 0.138542 0.20463 0.912109
2 0.274219 0.78287 0.216146 0.363889 0.919922
2 0.0848958 0.674074 0.169792 0.316667 0.921387
