9 0.45 0.0240741 0.015625 0.0462963 0.266846
2 0.0283854 0.012963 0.0411458 0.0259259 0.270752
9 0.426302 0.0240741 0.0130208 0.0462963 0.294922
0 0.685156 0.136111 0.0223958 0.0351852 0.311035
2 0.346875 0.232407 0.209375 0.146296 0.84668
2 0.386719 0.531018 0.122396 0.187963 0.872559
2 0.0776042 0.7125 0.155208 0.336111 0.896484
2 0.703125 0.163889 0.179167 0.131481 0.899902
2 0.421094 0.396296 0.129688 0.211111 0.904785
2 0.331771 0.630556 0.1875 0.318519 0.906738
2 0.269271 0.345833 0.0979167 0.137963 0.910156
2 0.919792 0.166204 0.160417 0.132407 0.910156
2 0.248177 0.832407 0.255729 0.32037 0.917969
2 0.172917 0.499537 0.170833 0.250926 0.926758
