9 0.435677 0.0236111 0.0317708 0.0472222 0.250488
2 0.378646 0.500463 0.15 0.241667 0.316162
9 0.449219 0.0236111 0.0130208 0.0472222 0.52832
9 0.426042 0.0236111 0.0125 0.0472222 0.5625
7 0.376302 0.499537 0.144271 0.236111 0.674805
2 0.0299479 0.84537 0.0598958 0.305556 0.859863
2 0.420573 0.419907 0.105729 0.156481 0.871094
2 0.947656 0.166667 0.104687 0.133333 0.892578
2 0.153906 0.571296 0.140104 0.203704 0.900391
2 0.754427 0.162963 0.178646 0.12963 0.906738
2 0.245312 0.829167 0.24375 0.330556 0.906738
2 0.084375 0.673611 0.16875 0.315741 0.90918
2 0.223698 0.422222 0.148438 0.214815 0.916016
2 0.338281 0.645833 0.152604 0.230556 0.924805
