2 0.0122396 0.0259259 0.0244792 0.0518519 0.259521
9 0.43724 0.0236111 0.0348958 0.0472222 0.29834
0 0.901563 0.136111 0.01875 0.0351852 0.391846
9 0.449219 0.0240741 0.0140625 0.0462963 0.562988
9 0.426302 0.0240741 0.0130208 0.0462963 0.56543
2 0.375 0.505556 0.151042 0.248148 0.606445
2 0.41875 0.420833 0.10625 0.14537 0.832031
2 0.0734375 0.721759 0.146875 0.339815 0.877441
2 0.911979 0.164815 0.176042 0.12963 0.900879
2 0.609896 0.176389 0.1375 0.102778 0.911621
2 0.21849 0.43287 0.150521 0.219444 0.926758
2 0.139323 0.593518 0.150521 0.211111 0.93457
