9 0.436458 0.0236111 0.034375 0.0472222 0.289795
2 0.0151042 0.840278 0.0302083 0.312037 0.327393
2 0.382031 0.50463 0.160938 0.255556 0.42334
9 0.449219 0.0236111 0.0140625 0.0472222 0.542969
9 0.426302 0.0236111 0.0130208 0.0472222 0.5625
7 0.377344 0.507407 0.150521 0.251852 0.739746
2 0.421615 0.420833 0.104687 0.152778 0.875488
2 0.947396 0.166667 0.105208 0.131481 0.898926
2 0.76224 0.162963 0.178646 0.127778 0.902832
2 0.221354 0.425926 0.147917 0.214815 0.92041
2 0.0794271 0.698148 0.157813 0.333333 0.920898
2 0.150781 0.573611 0.146354 0.208333 0.930176
2 0.332031 0.661574 0.155729 0.232407 0.936035
