9 0.436458 0.0236111 0.0333333 0.0472222 0.288574
0 0.90625 0.136111 0.021875 0.037037 0.296387
9 0.608333 0.0805556 0.0125 0.0703704 0.467041
2 0.0145833 0.0231481 0.0291667 0.0462963 0.476807
9 0.426302 0.0236111 0.0130208 0.0472222 0.512695
9 0.449479 0.0231481 0.0135417 0.0462963 0.51416
2 0.359115 0.140741 0.0755208 0.131481 0.80957
2 0.916406 0.164352 0.167187 0.128704 0.90332
2 0.733854 0.174537 0.138542 0.102778 0.916016
2 0.0651042 0.758333 0.130208 0.264815 0.925781
2 0.201562 0.460185 0.161458 0.22963 0.930664
2 0.420312 0.41713 0.109375 0.160185 0.933105
2 0.301562 0.749537 0.175 0.262037 0.936523
