0 0.940625 0.137037 0.021875 0.0314815 0.283447
0 0.00859375 0.875463 0.0171875 0.247222 0.367188
9 0.44974 0.0240741 0.0140625 0.0481481 0.545898
9 0.426302 0.024537 0.0140625 0.0490741 0.602051
2 0.38099 0.502778 0.149479 0.257407 0.701172
2 0.346615 0.645833 0.145313 0.230556 0.881836
2 0.433333 0.37037 0.096875 0.146296 0.890625
2 0.27474 0.77963 0.221354 0.348148 0.898926
2 0.93125 0.164815 0.1375 0.12963 0.904785
2 0.0770833 0.713889 0.154167 0.335185 0.90918
2 0.727865 0.1625 0.177604 0.130556 0.910156
2 0.232552 0.450463 0.121354 0.165741 0.912598
2 0.145833 0.540278 0.186458 0.260185 0.921875
2 0.195052 0.894444 0.298438 0.198148 0.921875
