9 0.434375 0.0240741 0.0302083 0.0481481 0.261963
0 0.702604 0.134259 0.0197917 0.0351852 0.277588
0 0.940104 0.137037 0.021875 0.0314815 0.309326
9 0.608333 0.0791667 0.0125 0.0731481 0.332764
7 0.415365 0.404167 0.127604 0.219444 0.418213
9 0.45 0.0240741 0.0145833 0.0462963 0.430176
9 0.426302 0.0236111 0.0140625 0.0472222 0.447754
2 0.383594 0.537963 0.118229 0.181481 0.706055
2 0.417188 0.40463 0.127083 0.209259 0.828125
2 0.333073 0.629167 0.191146 0.317593 0.869629
2 0.93125 0.164352 0.1375 0.128704 0.90332
2 0.721875 0.1625 0.177083 0.128704 0.906738
2 0.0768229 0.712963 0.153646 0.335185 0.910156
2 0.23151 0.438426 0.109896 0.158333 0.916016
2 0.247917 0.833333 0.254167 0.32037 0.916992
2 0.145833 0.542593 0.186458 0.264815 0.926758
