2 0.0244792 0.0148148 0.0489583 0.0296296 0.304199
7 0.377083 0.502315 0.155208 0.247222 0.395264
0 0.907292 0.134259 0.025 0.037037 0.467285
2 0.377083 0.502778 0.158333 0.255556 0.511719
9 0.449219 0.0240741 0.0140625 0.0481481 0.599609
9 0.426302 0.024537 0.0130208 0.0490741 0.662109
2 0.418229 0.420833 0.107292 0.147222 0.794922
2 0.0734375 0.725 0.146875 0.346296 0.870117
2 0.916146 0.165278 0.167708 0.126852 0.896973
2 0.679688 0.175463 0.136458 0.10463 0.913574
2 0.21875 0.43287 0.15 0.219444 0.925781
2 0.139323 0.593518 0.150521 0.211111 0.933594
