9 0.608333 0.0796296 0.0125 0.0722222 0.283447
0 0.940625 0.137037 0.021875 0.0314815 0.300293
2 0.41276 0.415741 0.125521 0.214815 0.391602
0 0.00859375 0.877778 0.0171875 0.244444 0.425293
7 0.4125 0.413889 0.122917 0.216667 0.768555
2 0.497656 0.0712963 0.0536458 0.0833333 0.869629
2 0.375781 0.546759 0.123438 0.200926 0.887207
2 0.93125 0.164815 0.1375 0.12963 0.904297
2 0.721875 0.162037 0.177083 0.127778 0.908691
2 0.233594 0.44537 0.115104 0.166667 0.90918
2 0.0773437 0.714815 0.153646 0.337037 0.912598
2 0.195312 0.887963 0.29375 0.209259 0.916016
2 0.145573 0.543056 0.185937 0.267593 0.926758
2 0.310156 0.690278 0.196354 0.326852 0.929199
