9 0.608333 0.0800926 0.0125 0.0712963 0.312012
9 0.45 0.0240741 0.0145833 0.0462963 0.414062
9 0.426302 0.0236111 0.0130208 0.0472222 0.436523
7 0.415885 0.40463 0.128646 0.216667 0.48999
2 0.383073 0.537963 0.117188 0.181481 0.734375
2 0.417188 0.40463 0.127083 0.209259 0.759766
2 0.332292 0.628704 0.189583 0.318519 0.876465
2 0.713281 0.1625 0.176563 0.134259 0.907227
2 0.0770833 0.712963 0.153125 0.335185 0.910645
2 0.921875 0.166204 0.15625 0.132407 0.912109
2 0.248177 0.832407 0.255729 0.32037 0.914551
2 0.231771 0.439352 0.110417 0.160185 0.917969
2 0.145833 0.542593 0.186458 0.264815 0.928223
