0 0.940625 0.137963 0.021875 0.0314815 0.280762
9 0.438021 0.024537 0.0375 0.0472222 0.342285
0 0.00859375 0.879167 0.0171875 0.241667 0.405029
9 0.426302 0.0240741 0.0140625 0.0481481 0.530762
9 0.44974 0.025463 0.0161458 0.0472222 0.54834
2 0.410677 0.424537 0.130729 0.225 0.875488
2 0.273177 0.764352 0.219271 0.323148 0.879395
2 0.467969 0.209722 0.0744792 0.112037 0.89502
2 0.727865 0.164352 0.178646 0.128704 0.901855
2 0.93125 0.164815 0.1375 0.12963 0.904297
2 0.0770833 0.713889 0.154167 0.335185 0.913574
2 0.195312 0.89537 0.3 0.2 0.917969
2 0.232292 0.452778 0.11875 0.17037 0.924316
2 0.146094 0.538889 0.185937 0.259259 0.92627
2 0.355208 0.611574 0.144792 0.219444 0.930176
