9 0.426042 0.0231481 0.0125 0.0462963 0.425293
9 0.448698 0.0236111 0.0130208 0.0472222 0.431396
2 0.38125 0.508333 0.157292 0.262963 0.435791
7 0.376823 0.515278 0.147396 0.269444 0.541992
2 0.344531 0.657407 0.138021 0.255556 0.817383
2 0.0296875 0.84213 0.059375 0.312037 0.845215
2 0.422135 0.417593 0.104687 0.157407 0.87793
2 0.193229 0.907407 0.284375 0.172222 0.889648
2 0.275 0.328241 0.114583 0.193519 0.894043
2 0.939583 0.164352 0.11875 0.130556 0.897461
2 0.273698 0.778241 0.214062 0.362037 0.908203
2 0.74401 0.1625 0.177604 0.128704 0.919922
2 0.177604 0.519444 0.140625 0.190741 0.926758
2 0.0854167 0.672222 0.170833 0.318519 0.928223
