0 0.941406 0.1375 0.0234375 0.0342593 0.336182
2 0.378906 0.501852 0.152604 0.246296 0.358398
0 0.715625 0.136111 0.0197917 0.0351852 0.38501
9 0.449219 0.0236111 0.0130208 0.0453704 0.399414
7 0.375781 0.50463 0.144271 0.246296 0.510742
2 0.422917 0.416667 0.10625 0.159259 0.839355
2 0.34375 0.646759 0.139583 0.230556 0.893555
2 0.272396 0.780556 0.215625 0.344444 0.897461
2 0.93125 0.164352 0.1375 0.128704 0.899414
2 0.0757812 0.713889 0.151562 0.335185 0.904297
2 0.735156 0.162963 0.176563 0.12963 0.907715
2 0.196875 0.89213 0.304167 0.202778 0.912109
2 0.144271 0.542593 0.186458 0.261111 0.913086
2 0.233594 0.456019 0.127604 0.171296 0.915527
