9 0.608333 0.0800926 0.0125 0.0712963 0.309326
9 0.425781 0.0236111 0.0130208 0.0472222 0.394287
9 0.449479 0.0236111 0.0135417 0.0472222 0.417969
2 0.420052 0.400463 0.130729 0.206481 0.654785
2 0.384115 0.53287 0.122396 0.173148 0.82666
2 0.332031 0.630556 0.189063 0.314815 0.87207
2 0.71224 0.163426 0.177604 0.130556 0.898926
2 0.235938 0.424537 0.109375 0.158333 0.905762
2 0.0768229 0.712963 0.153646 0.335185 0.909668
2 0.919792 0.166204 0.160417 0.132407 0.910645
2 0.248177 0.833333 0.255729 0.322222 0.914551
2 0.145833 0.542593 0.186458 0.264815 0.929199
