0 0.726823 0.134259 0.0234375 0.037037 0.277344
9 0.438021 0.0240741 0.034375 0.0481481 0.293701
2 0.378125 0.500463 0.15 0.241667 0.344727
7 0.376302 0.499537 0.144271 0.236111 0.594238
9 0.44974 0.024537 0.0151042 0.0490741 0.613281
9 0.426042 0.0236111 0.0125 0.0472222 0.625977
2 0.344531 0.66713 0.139062 0.275 0.831543
2 0.0302083 0.841667 0.0604167 0.309259 0.848633
2 0.421354 0.418981 0.105208 0.15463 0.869141
2 0.939844 0.164352 0.120312 0.130556 0.893066
2 0.74974 0.1625 0.177604 0.130556 0.901855
2 0.272917 0.78287 0.2125 0.367593 0.908691
2 0.153906 0.572685 0.139062 0.20463 0.909668
2 0.224219 0.420833 0.148438 0.210185 0.915039
2 0.0851562 0.674074 0.170312 0.316667 0.919922
