9 0.439063 0.0240741 0.0333333 0.0481481 0.318604
7 0.377083 0.500463 0.15625 0.249074 0.406494
0 0.907292 0.134259 0.025 0.037037 0.449951
2 0.377865 0.5 0.158854 0.255556 0.562988
9 0.449219 0.024537 0.0151042 0.0490741 0.65918
9 0.426042 0.0236111 0.0125 0.0472222 0.666016
2 0.417188 0.423148 0.1 0.146296 0.725098
2 0.916146 0.165278 0.167708 0.126852 0.898438
2 0.0734375 0.723148 0.146875 0.344444 0.912109
2 0.709896 0.175 0.1375 0.103704 0.914551
2 0.215625 0.437963 0.153125 0.224074 0.929688
2 0.139323 0.593518 0.150521 0.212963 0.934082
