9 0.608333 0.0800926 0.0125 0.0731481 0.273193
9 0.449479 0.024537 0.0135417 0.0472222 0.278564
0 0.940625 0.1375 0.021875 0.0324074 0.298584
0 0.00859375 0.879167 0.0171875 0.241667 0.391602
9 0.426302 0.024537 0.0140625 0.0472222 0.436279
7 0.4125 0.413889 0.122917 0.216667 0.711914
2 0.373958 0.551852 0.125 0.201852 0.893555
2 0.490625 0.103704 0.0604167 0.0888889 0.897461
2 0.93125 0.164352 0.1375 0.128704 0.90332
2 0.722135 0.162037 0.177604 0.12963 0.90625
2 0.233594 0.444907 0.115104 0.165741 0.908691
2 0.0773437 0.714815 0.153646 0.337037 0.913086
2 0.194531 0.890278 0.296354 0.206481 0.921875
2 0.30651 0.704167 0.201562 0.336111 0.925293
2 0.145573 0.543056 0.185937 0.265741 0.926758
