9 0.608333 0.0791667 0.0125 0.0731481 0.255859
2 0.415625 0.422685 0.0989583 0.14537 0.468262
0 0.907292 0.133796 0.025 0.037963 0.486816
9 0.449219 0.0236111 0.0130208 0.0472222 0.515625
9 0.426042 0.0231481 0.0125 0.0462963 0.558105
2 0.377344 0.501389 0.155729 0.252778 0.617676
2 0.916146 0.165278 0.167708 0.126852 0.897949
2 0.0734375 0.724537 0.146875 0.347222 0.911133
2 0.709896 0.175 0.1375 0.103704 0.916504
2 0.215625 0.437037 0.154167 0.222222 0.930664
2 0.139323 0.593056 0.150521 0.212037 0.93457
