9 0.438542 0.0240741 0.0333333 0.0481481 0.319824
0 0.907292 0.134259 0.025 0.037037 0.479736
2 0.376823 0.501389 0.154687 0.249074 0.599121
9 0.449219 0.024537 0.0151042 0.0490741 0.65918
9 0.426042 0.0236111 0.0125 0.0472222 0.66748
2 0.415885 0.422685 0.101562 0.14537 0.683594
2 0.916146 0.165278 0.167708 0.126852 0.895996
2 0.0734375 0.723148 0.146875 0.344444 0.913086
2 0.709896 0.175 0.1375 0.103704 0.915039
2 0.215625 0.437037 0.153125 0.222222 0.933105
2 0.139323 0.593518 0.150521 0.212963 0.933594
