0 0.747656 0.160648 0.177604 0.128704 0.251953
0 0.726823 0.134259 0.0244792 0.037037 0.298584
9 0.439063 0.0240741 0.0333333 0.0481481 0.30542
2 0.378646 0.500463 0.15 0.243519 0.348389
7 0.376302 0.499537 0.144271 0.236111 0.563477
9 0.426042 0.0236111 0.0125 0.0472222 0.623047
9 0.44974 0.024537 0.0151042 0.0490741 0.625488
2 0.344531 0.64213 0.139062 0.223148 0.84668
2 0.0299479 0.843056 0.0598958 0.308333 0.851562
2 0.420312 0.419444 0.10625 0.155556 0.879395
2 0.939844 0.164352 0.120312 0.130556 0.89502
2 0.74974 0.1625 0.177604 0.130556 0.902344
2 0.27526 0.781482 0.218229 0.366667 0.903809
2 0.223698 0.420833 0.148438 0.210185 0.907715
2 0.153906 0.572685 0.139062 0.20463 0.910156
2 0.0851562 0.673611 0.170312 0.317593 0.918945
