9 0.45 0.0240741 0.0145833 0.0462963 0.454102
9 0.426302 0.0240741 0.0140625 0.0462963 0.479248
2 0.421094 0.398611 0.128646 0.206481 0.750488
2 0.703906 0.152778 0.179688 0.112963 0.813965
2 0.386719 0.530556 0.123438 0.187037 0.865723
2 0.709115 0.242593 0.197396 0.15 0.883789
2 0.275521 0.33287 0.0947917 0.136111 0.888672
2 0.919792 0.166204 0.160417 0.132407 0.908203
2 0.33151 0.63287 0.188021 0.310185 0.910645
2 0.202344 0.45463 0.155729 0.227778 0.91748
2 0.248177 0.832407 0.255729 0.322222 0.918457
2 0.0822917 0.6875 0.163542 0.328704 0.919922
