9 0.436458 0.0236111 0.0354167 0.0472222 0.29126
0 0.723698 0.133333 0.0265625 0.0407407 0.380615
2 0.38151 0.505556 0.157813 0.259259 0.438721
7 0.376823 0.511574 0.146354 0.262037 0.469727
9 0.449219 0.0240741 0.0130208 0.0462963 0.493896
9 0.426302 0.0240741 0.0140625 0.0462963 0.496826
2 0.171875 0.947222 0.272917 0.0962963 0.799316
2 0.0299479 0.84537 0.0598958 0.309259 0.822266
2 0.344792 0.647685 0.138542 0.234259 0.823242
2 0.422656 0.417593 0.104687 0.157407 0.875
2 0.939844 0.164815 0.120312 0.12963 0.89502
2 0.27474 0.782407 0.217187 0.368519 0.916504
2 0.74375 0.1625 0.178125 0.130556 0.916992
2 0.263021 0.352778 0.121875 0.190741 0.922363
2 0.165104 0.546759 0.139583 0.200926 0.922852
2 0.0851562 0.674537 0.170312 0.319444 0.927734
