0 0.727344 0.134259 0.0234375 0.037037 0.297852
2 0.378646 0.500463 0.15 0.241667 0.369141
9 0.449219 0.0236111 0.0130208 0.0472222 0.441406
9 0.426042 0.0236111 0.0125 0.0472222 0.494873
7 0.376302 0.5 0.144271 0.237037 0.540527
2 0.0299479 0.843982 0.0598958 0.306481 0.856934
2 0.420833 0.419444 0.10625 0.155556 0.874512
2 0.344792 0.644444 0.139583 0.227778 0.885742
2 0.939844 0.164352 0.120312 0.130556 0.890625
2 0.74974 0.1625 0.177604 0.130556 0.901855
2 0.223958 0.420833 0.148958 0.210185 0.905762
2 0.153906 0.572685 0.139062 0.20463 0.907715
2 0.276042 0.781482 0.21875 0.366667 0.919922
2 0.0848958 0.674074 0.169792 0.316667 0.92041
