9 0.435417 0.0236111 0.03125 0.0472222 0.25708
7 0.376823 0.502315 0.154687 0.247222 0.377197
0 0.907812 0.134259 0.0239583 0.037037 0.435547
2 0.376823 0.503241 0.157813 0.25463 0.514648
9 0.449219 0.0236111 0.0130208 0.0472222 0.54248
9 0.426042 0.0236111 0.0125 0.0472222 0.586914
2 0.41875 0.420833 0.10625 0.147222 0.796875
2 0.916146 0.165278 0.167708 0.126852 0.898438
2 0.0734375 0.720833 0.146875 0.339815 0.905762
2 0.692448 0.175463 0.139062 0.106481 0.916016
2 0.21875 0.43287 0.15 0.219444 0.924805
2 0.139323 0.593982 0.150521 0.212037 0.934082
