9 0.436458 0.0236111 0.034375 0.0472222 0.299805
0 0.90625 0.137963 0.0270833 0.0333333 0.342285
9 0.608333 0.0805556 0.0125 0.0703704 0.447021
9 0.44974 0.0240741 0.0140625 0.0462963 0.500488
9 0.426302 0.0236111 0.0130208 0.0472222 0.504883
2 0.339063 0.225 0.090625 0.155556 0.835449
2 0.20599 0.955093 0.220313 0.0842593 0.86377
2 0.917708 0.163426 0.164583 0.128704 0.893555
2 0.733854 0.174537 0.138542 0.102778 0.916016
2 0.201823 0.462963 0.161979 0.233333 0.929199
2 0.420312 0.41713 0.109375 0.160185 0.931641
