2 0.377865 0.500926 0.149479 0.242593 0.373291
9 0.449219 0.0236111 0.0130208 0.0472222 0.503906
7 0.376302 0.499537 0.144271 0.237963 0.514648
9 0.426042 0.0236111 0.0125 0.0472222 0.543945
2 0.344531 0.660185 0.139062 0.261111 0.827637
2 0.0302083 0.843056 0.0604167 0.308333 0.853027
2 0.420833 0.419444 0.10625 0.155556 0.875488
2 0.939844 0.163889 0.120312 0.12963 0.893555
2 0.74974 0.1625 0.177604 0.130556 0.902344
2 0.223958 0.42037 0.148958 0.209259 0.904297
2 0.273958 0.782407 0.214583 0.366667 0.904297
2 0.153906 0.572685 0.139062 0.20463 0.909668
2 0.0851562 0.674074 0.170312 0.316667 0.92041
