7 0.375 0.498148 0.145833 0.233333 0.30835
9 0.449219 0.0236111 0.0130208 0.0472222 0.366455
9 0.426042 0.0236111 0.0125 0.0472222 0.374268
2 0.376042 0.499537 0.145833 0.236111 0.495605
2 0.0302083 0.841204 0.0604167 0.313889 0.85791
2 0.422656 0.418056 0.104687 0.158333 0.871582
2 0.344792 0.644444 0.139583 0.227778 0.885742
2 0.940625 0.164352 0.11875 0.130556 0.897461
2 0.295833 0.274537 0.104167 0.175 0.905762
2 0.196615 0.890741 0.280729 0.205556 0.905762
2 0.276302 0.781018 0.219271 0.365741 0.910645
2 0.201302 0.48287 0.135937 0.182407 0.918457
2 0.74401 0.1625 0.177604 0.128704 0.92041
2 0.0901042 0.651389 0.180208 0.312037 0.933105
