2 0.38099 0.500463 0.153646 0.247222 0.331055
9 0.449219 0.0236111 0.0130208 0.0472222 0.530762
9 0.426042 0.0236111 0.0125 0.0472222 0.551758
2 0.0203125 0.847685 0.040625 0.299074 0.591797
7 0.376302 0.502778 0.143229 0.242593 0.652344
2 0.421615 0.420833 0.104687 0.15463 0.871582
2 0.947656 0.16713 0.104687 0.132407 0.894531
2 0.76224 0.162963 0.178646 0.127778 0.909668
2 0.221094 0.426389 0.148438 0.215741 0.918945
2 0.154167 0.573148 0.138542 0.205556 0.92041
2 0.338542 0.646759 0.15625 0.236111 0.921387
2 0.0846354 0.674537 0.169271 0.317593 0.924316
