2 0.378646 0.500926 0.15 0.242593 0.375244
9 0.449219 0.0236111 0.0130208 0.0472222 0.468018
9 0.426042 0.0236111 0.0125 0.0472222 0.52002
7 0.376302 0.499537 0.144271 0.237963 0.535156
2 0.0299479 0.844444 0.0598958 0.305556 0.855957
2 0.420573 0.419444 0.105729 0.155556 0.877441
2 0.940625 0.164815 0.11875 0.131481 0.896484
2 0.344531 0.645833 0.140104 0.228704 0.897949
2 0.74974 0.1625 0.177604 0.130556 0.905762
2 0.223698 0.421296 0.148438 0.211111 0.90625
2 0.153906 0.572685 0.139062 0.20463 0.909668
2 0.0848958 0.673611 0.169792 0.315741 0.921387
2 0.273177 0.783333 0.214062 0.366667 0.922852
