0 0.9875 0.135185 0.021875 0.0296296 0.252197
9 0.43724 0.024537 0.0390625 0.0490741 0.26709
7 0.0289063 0.012037 0.0578125 0.0240741 0.363281
2 0.0289063 0.012037 0.0578125 0.0240741 0.37207
0 0.957031 0.136574 0.0203125 0.0342593 0.439697
9 0.608333 0.0800926 0.0125 0.0712963 0.474121
9 0.45026 0.0240741 0.0151042 0.0481481 0.527832
9 0.426302 0.024537 0.0140625 0.0490741 0.645508
2 0.939583 0.164352 0.120833 0.125 0.884766
2 0.748438 0.174074 0.1375 0.105556 0.911133
2 0.263021 0.389815 0.167708 0.201852 0.927734
2 0.321875 0.69213 0.164583 0.241667 0.930664
