0 0.703125 0.133796 0.0197917 0.0361111 0.254639
0 0.940104 0.1375 0.021875 0.0305556 0.274658
9 0.608333 0.0800926 0.0125 0.0712963 0.332764
9 0.426302 0.0236111 0.0130208 0.0472222 0.417725
9 0.516667 0.0162037 0.040625 0.0305556 0.430908
9 0.449479 0.0236111 0.0125 0.0453704 0.45459
7 0.413021 0.413889 0.121875 0.216667 0.675781
2 0.383854 0.543056 0.115625 0.193519 0.844727
2 0.93125 0.164352 0.1375 0.128704 0.904785
2 0.721875 0.1625 0.177083 0.128704 0.905273
2 0.327604 0.632407 0.180208 0.314815 0.906738
2 0.0770833 0.713426 0.154167 0.336111 0.907227
2 0.233333 0.446759 0.114583 0.169444 0.916016
2 0.145833 0.54213 0.186458 0.265741 0.928223
2 0.244271 0.838889 0.259375 0.311111 0.934082
