9 0.439063 0.0240741 0.0333333 0.0481481 0.326904
2 0.416406 0.423148 0.0984375 0.144444 0.491211
0 0.908594 0.133796 0.0234375 0.037963 0.535156
2 0.377344 0.5 0.155729 0.251852 0.62207
9 0.449479 0.024537 0.015625 0.0490741 0.660156
9 0.426042 0.0236111 0.0125 0.0472222 0.668945
2 0.916146 0.165278 0.167708 0.126852 0.895508
2 0.0734375 0.722222 0.146875 0.344444 0.911621
2 0.709896 0.175 0.1375 0.103704 0.915039
2 0.215625 0.437037 0.154167 0.222222 0.931152
2 0.139323 0.593056 0.150521 0.210185 0.93457
