9 0.438021 0.0240741 0.034375 0.0481481 0.313477
7 0.378906 0.498148 0.158854 0.255556 0.411865
2 0.416406 0.423148 0.0984375 0.144444 0.465332
0 0.907812 0.134259 0.0239583 0.037037 0.482178
2 0.378906 0.498148 0.158854 0.257407 0.576172
9 0.44974 0.024537 0.0151042 0.0490741 0.649414
9 0.426042 0.0236111 0.0125 0.0472222 0.663574
2 0.916146 0.165278 0.167708 0.126852 0.897949
2 0.0734375 0.722222 0.146875 0.344444 0.911133
2 0.709896 0.175 0.1375 0.103704 0.914551
2 0.215625 0.436574 0.154167 0.221296 0.931152
2 0.139323 0.593056 0.150521 0.212037 0.935059
