0 0.916406 0.136111 0.0234375 0.0314815 0.264648
7 0.416667 0.403241 0.13125 0.219444 0.30835
9 0.438021 0.0240741 0.0385417 0.0481481 0.314697
9 0.449219 0.0240741 0.0171875 0.0462963 0.37915
9 0.426302 0.0240741 0.0140625 0.0481481 0.446289
2 0.383854 0.540741 0.117708 0.190741 0.762695
2 0.41849 0.403704 0.129688 0.209259 0.772461
2 0.33125 0.631019 0.186458 0.313889 0.874512
2 0.713281 0.162963 0.177604 0.131481 0.901367
2 0.919792 0.166204 0.160417 0.132407 0.90918
2 0.0770833 0.713426 0.154167 0.336111 0.909668
2 0.248177 0.832407 0.255729 0.322222 0.913574
2 0.23099 0.440741 0.108854 0.162963 0.916016
2 0.145833 0.542593 0.186458 0.264815 0.928711
