9 0.436458 0.0236111 0.0333333 0.0472222 0.286133
2 0.382552 0.503241 0.161979 0.252778 0.414795
9 0.449219 0.0236111 0.0140625 0.0472222 0.518066
9 0.426302 0.0236111 0.0130208 0.0472222 0.556641
7 0.377344 0.506019 0.150521 0.247222 0.703613
2 0.421615 0.420833 0.104687 0.15463 0.876953
2 0.947396 0.166667 0.105208 0.131481 0.895508
2 0.76224 0.163426 0.178646 0.128704 0.90918
2 0.221094 0.424074 0.147396 0.211111 0.919434
2 0.0778646 0.704167 0.154687 0.337963 0.92041
2 0.15026 0.573148 0.146354 0.207407 0.930176
2 0.329948 0.667593 0.156771 0.238889 0.935059
