0 0.940104 0.1375 0.021875 0.0305556 0.286621
9 0.438281 0.024537 0.0359375 0.0472222 0.340332
9 0.517969 0.0101852 0.0390625 0.0166667 0.397461
9 0.426302 0.0240741 0.0130208 0.0481481 0.564941
9 0.44974 0.025 0.0151042 0.0462963 0.60498
7 0.413021 0.413889 0.121875 0.214815 0.678711
2 0.384115 0.541204 0.117188 0.189815 0.850098
2 0.93125 0.164352 0.1375 0.128704 0.90332
2 0.721875 0.162963 0.177083 0.127778 0.904297
2 0.328646 0.63287 0.182292 0.315741 0.908691
2 0.0770833 0.713426 0.154167 0.336111 0.910645
2 0.233333 0.447222 0.114583 0.17037 0.915527
2 0.145833 0.54213 0.186458 0.265741 0.924316
2 0.247135 0.834722 0.252604 0.321296 0.928223
