9 0.43776 0.0240741 0.0348958 0.0481481 0.298096
3 0.0151042 0.870833 0.0302083 0.256481 0.307861
0 0.778125 0.135648 0.0197917 0.0342593 0.308105
9 0.44974 0.024537 0.0151042 0.0490741 0.598633
9 0.426042 0.0236111 0.0125 0.0472222 0.60791
2 0.37474 0.506019 0.150521 0.249074 0.609375
2 0.418229 0.420833 0.107292 0.147222 0.821777
2 0.0734375 0.719907 0.146875 0.337963 0.896973
2 0.36224 0.173611 0.136979 0.102778 0.916504
2 0.794792 0.163426 0.179167 0.128704 0.920898
2 0.218229 0.433333 0.15 0.218519 0.927246
2 0.139323 0.593518 0.150521 0.211111 0.93457
