0 0.940104 0.1375 0.021875 0.0305556 0.265869
9 0.438021 0.024537 0.0364583 0.0472222 0.326172
9 0.426302 0.0240741 0.0140625 0.0481481 0.516602
7 0.413802 0.411111 0.123438 0.211111 0.522461
9 0.44974 0.025463 0.0161458 0.0472222 0.539551
2 0.4125 0.407407 0.127083 0.205556 0.59375
2 0.383333 0.556944 0.116667 0.225 0.782227
2 0.330729 0.631481 0.186458 0.316667 0.882812
2 0.93125 0.164815 0.1375 0.12963 0.90332
2 0.721875 0.162963 0.177083 0.127778 0.904297
2 0.0770833 0.713889 0.154167 0.335185 0.913086
2 0.233073 0.443981 0.114063 0.163889 0.915527
2 0.247135 0.834722 0.252604 0.321296 0.92334
2 0.145833 0.542593 0.186458 0.264815 0.925293
