9 0.43776 0.024537 0.0411458 0.0490741 0.260498
0 0.957812 0.134722 0.025 0.0305556 0.337402
0 0.925 0.134722 0.01875 0.0342593 0.436279
9 0.608333 0.0800926 0.0125 0.0712963 0.496094
9 0.45026 0.0240741 0.0151042 0.0481481 0.536621
2 0.0221354 0.0171296 0.0442708 0.0342593 0.574219
9 0.426302 0.024537 0.0140625 0.0490741 0.650391
2 0.923437 0.165741 0.153125 0.127778 0.890137
2 0.748698 0.174074 0.138021 0.103704 0.909668
2 0.263021 0.390278 0.167708 0.202778 0.924805
2 0.336198 0.654167 0.158854 0.236111 0.927246
