9 0.438021 0.0240741 0.034375 0.0481481 0.316406
0 0.907812 0.133796 0.0239583 0.037963 0.491455
2 0.415625 0.422222 0.1 0.144444 0.529785
2 0.376563 0.500926 0.154167 0.25 0.629883
9 0.449219 0.024537 0.0151042 0.0490741 0.657227
9 0.426042 0.0236111 0.0125 0.0472222 0.676758
2 0.916146 0.165278 0.167708 0.126852 0.894531
2 0.0734375 0.720833 0.146875 0.339815 0.914551
2 0.709896 0.175 0.1375 0.103704 0.915039
2 0.215625 0.4375 0.154167 0.221296 0.930664
2 0.139323 0.593982 0.150521 0.212037 0.935059
