0 0.941406 0.1375 0.0234375 0.0342593 0.294922
0 0.715365 0.135648 0.0203125 0.0342593 0.35083
2 0.375521 0.500463 0.144792 0.237963 0.534668
7 0.408073 0.024537 0.0546875 0.0490741 0.605469
2 0.422135 0.416667 0.106771 0.159259 0.839355
2 0.274219 0.785648 0.219271 0.358333 0.885742
2 0.34375 0.64537 0.140625 0.22963 0.894531
2 0.93125 0.164352 0.1375 0.128704 0.901367
2 0.0747396 0.713889 0.149479 0.333333 0.903809
2 0.735156 0.162963 0.176563 0.12963 0.907715
2 0.195833 0.893056 0.302083 0.200926 0.913086
2 0.233854 0.456481 0.128125 0.172222 0.916504
2 0.144792 0.543519 0.1875 0.261111 0.916504
