9 0.608594 0.0800926 0.0119792 0.0712963 0.341309
9 0.449479 0.0236111 0.0135417 0.0472222 0.434082
9 0.426042 0.0236111 0.0125 0.0472222 0.45166
2 0.383594 0.547685 0.117188 0.200926 0.741211
2 0.420312 0.399537 0.130208 0.206481 0.819824
2 0.332031 0.630556 0.188021 0.314815 0.869141
2 0.713281 0.162963 0.177604 0.131481 0.902832
2 0.0770833 0.713426 0.153125 0.334259 0.90625
2 0.919792 0.166204 0.160417 0.132407 0.909668
2 0.248177 0.833333 0.255729 0.322222 0.914062
2 0.23125 0.437037 0.109375 0.155556 0.915039
2 0.145833 0.54213 0.186458 0.265741 0.927734
