0 0.748177 0.160648 0.178646 0.128704 0.25293
0 0.727344 0.133796 0.0244792 0.037963 0.274902
2 0.378385 0.500926 0.149479 0.242593 0.371094
9 0.449219 0.0236111 0.0130208 0.0472222 0.486328
9 0.426042 0.0236111 0.0125 0.0472222 0.508789
7 0.376302 0.499537 0.144271 0.237963 0.547363
2 0.0296875 0.843056 0.059375 0.306481 0.852051
2 0.420573 0.419444 0.105729 0.155556 0.875
2 0.344531 0.64537 0.139062 0.22963 0.895508
2 0.74974 0.162963 0.178646 0.127778 0.899902
2 0.940625 0.164352 0.11875 0.130556 0.900879
2 0.223698 0.420833 0.148438 0.210185 0.906738
2 0.153906 0.572685 0.139062 0.20463 0.910645
2 0.0851562 0.674074 0.170312 0.316667 0.919434
2 0.274219 0.78287 0.216146 0.363889 0.919434
