9 0.438021 0.0236111 0.0385417 0.0472222 0.258789
0 0.940625 0.1375 0.021875 0.0305556 0.282471
0 0.00859375 0.875926 0.0171875 0.248148 0.386963
9 0.45 0.0240741 0.0135417 0.0462963 0.394531
9 0.426302 0.0236111 0.0130208 0.0472222 0.394775
9 0.608333 0.0805556 0.0125 0.0703704 0.406738
2 0.411719 0.416204 0.122396 0.219444 0.512207
7 0.410417 0.411111 0.120833 0.227778 0.604004
2 0.479688 0.154167 0.0666667 0.102778 0.901855
2 0.93125 0.164815 0.1375 0.12963 0.903809
2 0.28151 0.760185 0.219271 0.35 0.905762
2 0.727865 0.163889 0.177604 0.131481 0.906738
2 0.0770833 0.713889 0.154167 0.337037 0.908203
2 0.232812 0.446759 0.113542 0.167593 0.920898
2 0.145833 0.541667 0.186458 0.264815 0.924316
2 0.194271 0.890278 0.296875 0.206481 0.92627
2 0.370052 0.563889 0.136979 0.209259 0.92627
