2 0.0148437 0.875926 0.0296875 0.244444 0.33374
2 0.382292 0.508333 0.164583 0.268519 0.464844
9 0.449219 0.0236111 0.0130208 0.0472222 0.521484
9 0.426042 0.0236111 0.0125 0.0472222 0.553711
7 0.376823 0.5125 0.154687 0.263889 0.65625
2 0.96875 0.166667 0.0625 0.135185 0.826172
2 0.421094 0.420833 0.104687 0.152778 0.84082
2 0.0734375 0.720833 0.146875 0.337963 0.887695
2 0.0473958 0.171296 0.0947917 0.105556 0.908203
2 0.772135 0.1625 0.178646 0.132407 0.916504
2 0.221354 0.427315 0.147917 0.217593 0.919922
2 0.140365 0.59213 0.150521 0.212037 0.928223
2 0.292188 0.783796 0.182292 0.271296 0.937012
