0 0.753646 0.135185 0.021875 0.037037 0.338623
2 0.0148437 0.875926 0.0296875 0.244444 0.349121
2 0.377344 0.510185 0.160938 0.259259 0.481201
9 0.449219 0.0236111 0.0130208 0.0472222 0.537109
9 0.426042 0.0236111 0.0125 0.0472222 0.561523
7 0.376823 0.50787 0.154687 0.252778 0.625488
2 0.98125 0.163889 0.0375 0.144444 0.740234
2 0.421094 0.420833 0.104687 0.152778 0.848633
2 0.0734375 0.72037 0.146875 0.337037 0.900391
2 0.772135 0.163889 0.178646 0.12963 0.907227
2 0.105469 0.173148 0.140104 0.105556 0.910645
2 0.221354 0.427778 0.147917 0.218519 0.923828
2 0.139323 0.593056 0.151562 0.210185 0.931641
2 0.279427 0.818056 0.190104 0.282407 0.932617
