9 0.449219 0.0236111 0.0151042 0.0453704 0.322021
9 0.426302 0.0236111 0.0130208 0.0472222 0.419434
2 0.376563 0.501389 0.144792 0.237963 0.463623
7 0.376302 0.499537 0.145313 0.236111 0.498047
2 0.330469 0.184722 0.0859375 0.147222 0.839355
2 0.0341146 0.834259 0.0682292 0.327778 0.849121
2 0.276563 0.736111 0.213542 0.309259 0.867188
2 0.421875 0.416204 0.104167 0.15463 0.873535
2 0.346094 0.646759 0.135937 0.232407 0.88916
2 0.940625 0.163889 0.11875 0.12963 0.89502
2 0.19349 0.870833 0.297396 0.247222 0.90918
2 0.222396 0.46713 0.136458 0.173148 0.910645
2 0.74401 0.1625 0.177604 0.128704 0.918457
2 0.123438 0.573148 0.192708 0.275926 0.929199
