9 0.435417 0.0236111 0.03125 0.0472222 0.25708
0 0.009375 0.877778 0.01875 0.242593 0.350342
7 0.376823 0.503241 0.154687 0.249074 0.366943
0 0.907031 0.134259 0.0234375 0.037037 0.457764
2 0.376563 0.50463 0.157292 0.257407 0.51709
9 0.449219 0.0236111 0.0130208 0.0472222 0.538574
9 0.426042 0.0236111 0.0125 0.0472222 0.580566
2 0.41875 0.421296 0.10625 0.146296 0.804688
2 0.916146 0.165278 0.167708 0.126852 0.896484
2 0.0734375 0.721759 0.146875 0.341667 0.90332
2 0.689062 0.175926 0.138542 0.103704 0.918457
2 0.21875 0.433333 0.15 0.22037 0.924805
2 0.139323 0.593518 0.150521 0.211111 0.933105
