9 0.438021 0.0240741 0.034375 0.0481481 0.296387
0 0.726823 0.134259 0.0234375 0.037037 0.312012
2 0.378125 0.5 0.148958 0.242593 0.354248
7 0.376302 0.499537 0.144271 0.236111 0.557617
9 0.44974 0.024537 0.0151042 0.0490741 0.628906
9 0.426042 0.0236111 0.0125 0.0472222 0.642578
2 0.344531 0.667593 0.139062 0.275926 0.831055
2 0.0299479 0.843056 0.0598958 0.308333 0.850586
2 0.420573 0.419907 0.105729 0.156481 0.876953
2 0.940625 0.164352 0.11875 0.130556 0.894531
2 0.74974 0.1625 0.177604 0.130556 0.901855
2 0.272656 0.782407 0.213021 0.364815 0.90332
2 0.223958 0.419907 0.148958 0.210185 0.90625
2 0.153906 0.572685 0.139062 0.20463 0.908203
2 0.0848958 0.674074 0.169792 0.316667 0.919922
