9 0.608333 0.0800926 0.0125 0.0712963 0.260986
0 0.940104 0.137037 0.021875 0.0314815 0.305176
0 0.00859375 0.88287 0.0171875 0.234259 0.374268
7 0.413021 0.414352 0.121875 0.217593 0.711426
2 0.509635 0.0268519 0.0463542 0.0537037 0.848145
2 0.382552 0.543981 0.117188 0.19537 0.86377
2 0.325 0.636111 0.18125 0.318519 0.90332
2 0.93125 0.164815 0.1375 0.12963 0.904297
2 0.721875 0.1625 0.177083 0.128704 0.907227
2 0.0773437 0.713889 0.153646 0.335185 0.913086
2 0.233333 0.446296 0.114583 0.168519 0.915039
2 0.145833 0.542593 0.186458 0.266667 0.929199
2 0.223438 0.856481 0.273958 0.272222 0.929199
