9 0.439063 0.0240741 0.0354167 0.0481481 0.3396
2 0.00598958 0.0226852 0.0119792 0.0453704 0.343994
0 0.90625 0.135185 0.025 0.037037 0.408691
9 0.426302 0.0236111 0.0130208 0.0472222 0.515137
9 0.44974 0.024537 0.0151042 0.0472222 0.586914
2 0.367448 0.110648 0.0703125 0.119444 0.765625
2 0.916406 0.165278 0.167187 0.126852 0.897461
2 0.734115 0.174537 0.140104 0.102778 0.915527
2 0.0856771 0.674074 0.171354 0.235185 0.919434
2 0.201562 0.461574 0.161458 0.232407 0.929688
2 0.333854 0.652315 0.155208 0.230556 0.933594
2 0.420052 0.417593 0.108854 0.161111 0.935547
