9 0.449479 0.0236111 0.0125 0.0453704 0.252686
0 0.704167 0.13287 0.021875 0.0342593 0.28418
0 0.940625 0.1375 0.0229167 0.0324074 0.304199
0 0.00859375 0.877778 0.0171875 0.242593 0.381104
9 0.608333 0.0800926 0.0125 0.0712963 0.398926
7 0.41224 0.414815 0.123438 0.218519 0.68457
2 0.4875 0.118519 0.0614583 0.0944444 0.874512
2 0.723177 0.1625 0.176563 0.130556 0.901367
2 0.93125 0.164815 0.1375 0.12963 0.903809
2 0.0773437 0.714352 0.153646 0.337963 0.910156
2 0.298438 0.719907 0.20625 0.343519 0.916504
2 0.19401 0.890278 0.295312 0.206481 0.917969
2 0.372656 0.55787 0.128646 0.202778 0.918457
2 0.233333 0.446296 0.114583 0.168519 0.919922
2 0.145833 0.542593 0.186458 0.266667 0.928711
