0 0.703646 0.133796 0.0177083 0.0361111 0.26123
0 0.940104 0.1375 0.021875 0.0305556 0.286377
9 0.4375 0.025 0.0364583 0.0481481 0.32959
9 0.426302 0.0240741 0.0140625 0.0481481 0.522461
9 0.44974 0.025463 0.0161458 0.0472222 0.547363
7 0.413802 0.410648 0.123438 0.210185 0.653809
2 0.383333 0.550463 0.116667 0.210185 0.741699
2 0.33151 0.630556 0.188021 0.318519 0.878906
2 0.93125 0.164352 0.1375 0.128704 0.901367
2 0.721875 0.1625 0.177083 0.128704 0.904297
2 0.233073 0.443519 0.113021 0.164815 0.90625
2 0.0770833 0.713426 0.154167 0.336111 0.913086
2 0.247396 0.833796 0.253125 0.321296 0.924316
2 0.145833 0.54213 0.186458 0.265741 0.927246
