0 0.940625 0.1375 0.0229167 0.0342593 0.3125
2 0.377083 0.502778 0.15 0.242593 0.347412
9 0.448958 0.0236111 0.0125 0.0453704 0.364014
0 0.715625 0.135185 0.0197917 0.0351852 0.381348
7 0.375521 0.501852 0.144792 0.238889 0.487793
2 0.422135 0.416667 0.106771 0.159259 0.838867
2 0.272656 0.756944 0.215104 0.299074 0.869629
2 0.34401 0.646759 0.141146 0.230556 0.891113
2 0.930469 0.164815 0.139062 0.12963 0.898926
2 0.0752604 0.713889 0.150521 0.335185 0.905762
2 0.735156 0.162963 0.176563 0.12963 0.908691
2 0.233594 0.456019 0.127604 0.171296 0.911133
2 0.144792 0.543056 0.186458 0.260185 0.914062
2 0.197135 0.893056 0.303646 0.20463 0.914062
