9 0.43776 0.025 0.0411458 0.0481481 0.253906
0 0.689844 0.133796 0.0276042 0.0361111 0.262939
0 0.940625 0.1375 0.021875 0.0305556 0.293945
9 0.608333 0.0796296 0.0125 0.0722222 0.361084
9 0.45 0.024537 0.0145833 0.0472222 0.482178
7 0.416406 0.404167 0.129688 0.217593 0.48877
9 0.426302 0.025 0.0140625 0.0481481 0.592773
2 0.383594 0.5375 0.118229 0.180556 0.679688
2 0.417188 0.40463 0.128125 0.209259 0.787109
2 0.334896 0.628241 0.19375 0.321296 0.869141
2 0.93125 0.164815 0.1375 0.12963 0.902832
2 0.713281 0.162963 0.176563 0.131481 0.904297
2 0.0770833 0.713426 0.153125 0.334259 0.90918
2 0.248177 0.832407 0.255729 0.32037 0.910645
2 0.232031 0.438889 0.110937 0.159259 0.918457
2 0.145833 0.542593 0.186458 0.264815 0.926758
