9 0.438021 0.0240741 0.034375 0.0481481 0.301758
2 0.379167 0.503704 0.151042 0.248148 0.34375
7 0.376302 0.500926 0.144271 0.238889 0.634277
9 0.44974 0.024537 0.0151042 0.0490741 0.635254
9 0.426042 0.0236111 0.0125 0.0472222 0.648438
2 0.0296875 0.832407 0.059375 0.333333 0.794922
2 0.421094 0.420833 0.104687 0.152778 0.870605
2 0.947656 0.166667 0.104687 0.133333 0.893555
2 0.76224 0.162963 0.178646 0.127778 0.908691
2 0.221615 0.426389 0.147396 0.215741 0.920898
2 0.154167 0.572685 0.138542 0.20463 0.921875
2 0.338021 0.647685 0.155208 0.234259 0.924805
2 0.0848958 0.674537 0.169792 0.319444 0.926758
