9 0.448958 0.0240741 0.0125 0.0462963 0.342285
0 0.907292 0.134722 0.025 0.0361111 0.439453
9 0.426302 0.0240741 0.0130208 0.0481481 0.484131
2 0.415625 0.422685 0.101042 0.14537 0.553711
2 0.376823 0.501389 0.154687 0.252778 0.65918
2 0.513281 0.0222222 0.0442708 0.0425926 0.674805
2 0.916146 0.165278 0.167708 0.126852 0.896973
2 0.0734375 0.723611 0.146875 0.347222 0.909668
2 0.709896 0.175 0.1375 0.103704 0.914551
2 0.215625 0.437037 0.154167 0.22037 0.929199
2 0.13776 0.593518 0.147396 0.211111 0.936523
