0 0.908854 0.138426 0.159375 0.130556 0.251709
9 0.435156 0.0236111 0.0317708 0.0472222 0.298828
0 0.00625 0.914815 0.0125 0.17037 0.374512
9 0.608333 0.0805556 0.0125 0.0703704 0.447021
0 0.907812 0.127315 0.01875 0.037963 0.456299
9 0.44974 0.0240741 0.0140625 0.0462963 0.496338
9 0.426302 0.0236111 0.0130208 0.0472222 0.513184
2 0.345313 0.2 0.0875 0.148148 0.775391
2 0.917188 0.15463 0.165625 0.140741 0.865723
2 0.227344 0.90787 0.219271 0.176852 0.890625
2 0.733854 0.174537 0.138542 0.102778 0.914551
2 0.201562 0.461574 0.161458 0.232407 0.928711
2 0.420052 0.416667 0.108854 0.159259 0.932129
