9 0.436979 0.0236111 0.034375 0.0472222 0.257568
2 0.377604 0.5 0.151042 0.240741 0.324951
9 0.449219 0.0236111 0.0151042 0.0453704 0.333984
9 0.426302 0.0236111 0.0130208 0.0472222 0.445557
7 0.375781 0.499074 0.146354 0.235185 0.600098
2 0.332812 0.179167 0.0833333 0.141667 0.816406
2 0.27526 0.69537 0.215104 0.275926 0.845703
2 0.0359375 0.834259 0.071875 0.327778 0.872559
2 0.421094 0.416667 0.103646 0.155556 0.873535
2 0.351823 0.644907 0.125521 0.230556 0.883789
2 0.940625 0.163889 0.11875 0.12963 0.896484
2 0.191667 0.862963 0.29375 0.266667 0.899902
2 0.224219 0.466667 0.135937 0.175926 0.912109
2 0.74401 0.1625 0.177604 0.128704 0.917969
2 0.123958 0.565741 0.191667 0.27037 0.918945
