0 0.940625 0.137037 0.021875 0.0314815 0.314453
9 0.43776 0.024537 0.0359375 0.0472222 0.337891
9 0.426302 0.0240741 0.0140625 0.0481481 0.5625
9 0.449479 0.025463 0.015625 0.0472222 0.589844
7 0.413021 0.413426 0.121875 0.215741 0.638672
2 0.382292 0.536574 0.114583 0.180556 0.793457
2 0.330208 0.631481 0.185417 0.316667 0.900391
2 0.93125 0.164815 0.1375 0.12963 0.902832
2 0.721875 0.162963 0.177083 0.127778 0.903809
2 0.0770833 0.713889 0.154167 0.335185 0.910156
2 0.233333 0.446759 0.114583 0.169444 0.916992
2 0.145833 0.542593 0.186458 0.266667 0.923828
2 0.247396 0.835648 0.253125 0.321296 0.923828
