0 0.725521 0.13287 0.021875 0.0398148 0.283691
2 0.378385 0.504167 0.151562 0.247222 0.373047
9 0.449219 0.0236111 0.0130208 0.0472222 0.509766
9 0.426042 0.0231481 0.0125 0.0462963 0.521973
7 0.376042 0.502778 0.145833 0.242593 0.559082
2 0.0302083 0.844444 0.0604167 0.311111 0.828125
2 0.344792 0.671296 0.138542 0.283333 0.833984
2 0.422135 0.417593 0.103646 0.157407 0.875
2 0.939844 0.164815 0.120312 0.12963 0.894531
2 0.154948 0.567593 0.136979 0.205556 0.910156
2 0.745052 0.1625 0.176563 0.128704 0.919922
2 0.273177 0.781944 0.214062 0.369444 0.92041
2 0.0851562 0.674074 0.170312 0.318519 0.92627
2 0.24375 0.389352 0.134375 0.202778 0.927246
