9 0.434896 0.0236111 0.0302083 0.0472222 0.252686
7 0.376823 0.503241 0.154687 0.247222 0.367188
0 0.907812 0.134722 0.0239583 0.0361111 0.433594
9 0.449219 0.0236111 0.0130208 0.0472222 0.530762
2 0.37526 0.505093 0.151562 0.249074 0.535645
9 0.426042 0.0236111 0.0125 0.0472222 0.582031
2 0.41875 0.420833 0.10625 0.147222 0.809082
2 0.916146 0.165278 0.167708 0.126852 0.900879
2 0.0734375 0.721759 0.146875 0.339815 0.904297
2 0.697135 0.175463 0.139062 0.106481 0.917969
2 0.21849 0.433333 0.150521 0.22037 0.925293
2 0.139323 0.593518 0.150521 0.211111 0.934082
