0 0.00859375 0.875926 0.0171875 0.248148 0.321777
0 0.940104 0.137037 0.021875 0.0314815 0.325439
9 0.608333 0.0800926 0.0125 0.0712963 0.385742
9 0.45 0.0240741 0.0145833 0.0462963 0.486572
9 0.426302 0.0236111 0.0140625 0.0472222 0.498535
2 0.273438 0.753241 0.214583 0.312037 0.880371
2 0.406771 0.435185 0.136458 0.214815 0.882324
2 0.452604 0.280556 0.084375 0.12037 0.885254
2 0.347656 0.646759 0.145313 0.232407 0.896973
2 0.93125 0.164815 0.1375 0.12963 0.90332
2 0.727865 0.164352 0.177604 0.130556 0.905762
2 0.0770833 0.712963 0.154167 0.335185 0.913574
2 0.195573 0.889352 0.298438 0.208333 0.920898
2 0.232552 0.452778 0.121354 0.17037 0.924316
2 0.146094 0.537037 0.185937 0.253704 0.926758
