9 0.435156 0.0236111 0.0317708 0.0472222 0.254395
2 0.381771 0.505556 0.155208 0.257407 0.37915
2 0.0148437 0.844907 0.0296875 0.30463 0.418213
9 0.449219 0.0236111 0.0130208 0.0472222 0.540039
9 0.426042 0.0236111 0.0125 0.0472222 0.571289
7 0.376823 0.510185 0.144271 0.257407 0.720703
2 0.421615 0.420833 0.104687 0.15463 0.864258
2 0.947656 0.16713 0.104687 0.132407 0.893066
2 0.761719 0.162963 0.176563 0.12963 0.907715
2 0.221094 0.426389 0.148438 0.215741 0.918945
2 0.153906 0.573148 0.139062 0.205556 0.920898
2 0.0848958 0.676852 0.169792 0.318519 0.928711
2 0.336458 0.648148 0.152083 0.237037 0.930176
