0 0.716667 0.135185 0.01875 0.0351852 0.396484
7 0.375521 0.498148 0.144792 0.233333 0.415527
2 0.375781 0.499537 0.144271 0.236111 0.492188
2 0.392708 0.0393519 0.0572917 0.0787037 0.620117
2 0.422656 0.416667 0.106771 0.159259 0.830566
2 0.344271 0.64537 0.140625 0.227778 0.875977
2 0.935938 0.164352 0.128125 0.132407 0.891602
2 0.272656 0.782407 0.216146 0.361111 0.893066
2 0.0736979 0.717593 0.147396 0.338889 0.900879
2 0.735156 0.162963 0.176563 0.12963 0.904297
2 0.233333 0.456481 0.129167 0.172222 0.918945
2 0.194792 0.895833 0.3 0.197222 0.918945
2 0.144271 0.544444 0.191667 0.264815 0.924805
