2 0.378385 0.501389 0.149479 0.243519 0.367188
7 0.376042 0.5 0.14375 0.237037 0.522949
9 0.449219 0.0236111 0.0130208 0.0472222 0.524414
9 0.426042 0.0236111 0.0125 0.0472222 0.55957
2 0.0302083 0.843056 0.0604167 0.308333 0.852051
2 0.344531 0.643981 0.139062 0.226852 0.86084
2 0.420573 0.419444 0.105729 0.155556 0.875488
2 0.939844 0.164815 0.120312 0.12963 0.889648
2 0.75 0.1625 0.178125 0.130556 0.902832
2 0.223698 0.42037 0.148438 0.209259 0.905273
2 0.153906 0.572685 0.139062 0.20463 0.911621
2 0.276042 0.78287 0.219792 0.367593 0.913574
2 0.0851562 0.674074 0.170312 0.316667 0.922852
