9 0.436979 0.0236111 0.034375 0.0472222 0.288086
2 0.0151042 0.0226852 0.0302083 0.0453704 0.375
0 0.907292 0.135185 0.01875 0.0351852 0.434082
9 0.449219 0.0240741 0.0140625 0.0462963 0.547363
9 0.426302 0.0240741 0.0130208 0.0462963 0.564941
2 0.375 0.505556 0.151042 0.248148 0.602539
2 0.41875 0.420833 0.10625 0.147222 0.817871
2 0.0731771 0.721296 0.146354 0.338889 0.882812
2 0.914583 0.164352 0.170833 0.126852 0.89502
2 0.63125 0.177315 0.138542 0.100926 0.912598
2 0.21875 0.43287 0.15 0.219444 0.927246
2 0.139323 0.593518 0.150521 0.211111 0.934082
