2 0.0148437 0.843056 0.0296875 0.306481 0.256348
0 0.886979 0.137963 0.021875 0.0314815 0.289551
9 0.449219 0.0236111 0.0130208 0.0472222 0.458252
9 0.426042 0.0231481 0.0125 0.0462963 0.493896
2 0.375521 0.505093 0.152083 0.249074 0.599121
2 0.41875 0.420833 0.10625 0.147222 0.818359
2 0.0734375 0.720833 0.146875 0.337963 0.882812
2 0.900781 0.164352 0.179688 0.130556 0.90625
2 0.571615 0.176389 0.135937 0.10463 0.910156
2 0.21849 0.43287 0.150521 0.219444 0.92627
2 0.139323 0.593518 0.150521 0.211111 0.932617
