7 0.377604 0.502778 0.157292 0.248148 0.415527
0 0.907031 0.134259 0.0234375 0.037037 0.423096
2 0.377865 0.503704 0.158854 0.255556 0.515625
9 0.449219 0.0236111 0.0130208 0.0472222 0.537598
9 0.426042 0.0231481 0.0125 0.0462963 0.565918
2 0.416667 0.420833 0.103125 0.14537 0.78125
2 0.916146 0.165278 0.167708 0.126852 0.900879
2 0.0734375 0.724537 0.146875 0.34537 0.911621
2 0.709896 0.175 0.1375 0.103704 0.915039
2 0.217969 0.431481 0.149479 0.216667 0.928711
2 0.139062 0.593518 0.151042 0.212963 0.934082
