0 0.00859375 0.878704 0.0171875 0.242593 0.259277
9 0.608594 0.0800926 0.0119792 0.0712963 0.344482
9 0.449479 0.0236111 0.0135417 0.0472222 0.384033
9 0.426042 0.0236111 0.0125 0.0472222 0.413818
7 0.420833 0.399537 0.130208 0.206481 0.522949
2 0.41875 0.399074 0.130208 0.205556 0.588379
2 0.383333 0.538889 0.117708 0.181481 0.736328
2 0.332292 0.630556 0.188542 0.316667 0.873047
2 0.713021 0.162963 0.178125 0.131481 0.903809
2 0.0768229 0.712963 0.153646 0.335185 0.904785
2 0.23151 0.439815 0.109896 0.161111 0.90625
2 0.919792 0.166204 0.160417 0.132407 0.909668
2 0.248437 0.833333 0.255208 0.322222 0.913086
2 0.145833 0.54213 0.186458 0.265741 0.928223
