9 0.434896 0.0240741 0.0302083 0.0481481 0.273682
0 0.940625 0.137037 0.0229167 0.0314815 0.298584
9 0.608333 0.0791667 0.0125 0.0731481 0.333496
7 0.415104 0.403704 0.126042 0.212963 0.342041
9 0.45 0.0240741 0.0145833 0.0462963 0.442871
9 0.426302 0.0236111 0.0140625 0.0472222 0.462158
2 0.416406 0.40463 0.126563 0.205556 0.768555
2 0.383854 0.536111 0.117708 0.181481 0.780762
2 0.330729 0.630556 0.186458 0.312963 0.888184
2 0.93125 0.164815 0.1375 0.12963 0.904297
2 0.721875 0.162963 0.177083 0.127778 0.906738
2 0.0770833 0.713426 0.153125 0.334259 0.909668
2 0.23099 0.438426 0.108854 0.158333 0.913086
2 0.247917 0.833796 0.254167 0.321296 0.919434
2 0.145833 0.542593 0.186458 0.264815 0.927734
