9 0.438021 0.0240741 0.034375 0.0481481 0.312988
7 0.379687 0.497222 0.160417 0.257407 0.449463
2 0.416927 0.423611 0.0994792 0.14537 0.453125
0 0.907812 0.133796 0.0239583 0.037963 0.495605
2 0.380208 0.49537 0.1625 0.262963 0.574707
9 0.449479 0.024537 0.015625 0.0490741 0.641113
9 0.426042 0.0236111 0.0125 0.0472222 0.654297
2 0.916146 0.164815 0.167708 0.127778 0.895996
2 0.0734375 0.722222 0.146875 0.342593 0.911621
2 0.709896 0.175 0.1375 0.103704 0.915527
2 0.215625 0.437037 0.154167 0.222222 0.931152
2 0.139323 0.592593 0.150521 0.211111 0.93457
