2 0.0151042 0.84213 0.0302083 0.308333 0.271973
9 0.449219 0.0236111 0.0130208 0.0472222 0.43042
0 0.867188 0.134722 0.021875 0.0361111 0.439941
9 0.426042 0.0231481 0.0125 0.0462963 0.460938
2 0.375 0.505556 0.151042 0.248148 0.64209
2 0.41875 0.420833 0.10625 0.147222 0.833008
2 0.0734375 0.720833 0.146875 0.337963 0.886719
2 0.880469 0.164352 0.182812 0.128704 0.905762
2 0.526563 0.175 0.136458 0.103704 0.916504
2 0.21875 0.433333 0.15 0.22037 0.928223
2 0.139323 0.593518 0.150521 0.211111 0.933594
