2 0.378385 0.5 0.149479 0.240741 0.363525
9 0.449219 0.0236111 0.0130208 0.0472222 0.468994
9 0.426042 0.0236111 0.0125 0.0472222 0.507812
7 0.376302 0.499537 0.144271 0.236111 0.550293
2 0.0299479 0.844444 0.0598958 0.307407 0.856445
2 0.420833 0.419444 0.10625 0.155556 0.875977
2 0.344531 0.645833 0.139062 0.230556 0.896484
2 0.939583 0.165278 0.11875 0.130556 0.897461
2 0.74974 0.161574 0.177604 0.132407 0.905762
2 0.223698 0.42037 0.148438 0.209259 0.90625
2 0.154167 0.572685 0.138542 0.20463 0.911133
2 0.0848958 0.673611 0.169792 0.315741 0.921387
2 0.273177 0.78287 0.215104 0.367593 0.922363
