0 0.940625 0.137963 0.021875 0.0314815 0.269043
0 0.709635 0.135648 0.0223958 0.0361111 0.340576
0 0.00859375 0.877778 0.0171875 0.244444 0.387695
9 0.426042 0.0236111 0.0125 0.0472222 0.387939
9 0.449219 0.0236111 0.0130208 0.0472222 0.437256
2 0.377604 0.502315 0.15 0.241667 0.790527
2 0.344531 0.647685 0.141146 0.232407 0.855957
2 0.271875 0.777315 0.2125 0.349074 0.890625
2 0.429167 0.389352 0.1 0.149074 0.896484
2 0.93125 0.164815 0.1375 0.12963 0.905273
2 0.727865 0.163889 0.178646 0.12963 0.906738
2 0.0770833 0.712963 0.154167 0.335185 0.910645
2 0.232552 0.452315 0.120312 0.169444 0.911621
2 0.195312 0.893056 0.298958 0.200926 0.915527
2 0.145833 0.540278 0.186458 0.260185 0.924316
