0 0.940104 0.1375 0.021875 0.0305556 0.271973
0 0.703646 0.133796 0.01875 0.0361111 0.280029
9 0.608333 0.0796296 0.0125 0.0722222 0.293213
2 0.410156 0.415278 0.124479 0.215741 0.363037
0 0.00859375 0.880556 0.0171875 0.238889 0.381592
7 0.4125 0.413889 0.122917 0.216667 0.782715
2 0.501562 0.05 0.05 0.0759259 0.882812
2 0.233594 0.445833 0.115104 0.167593 0.890625
2 0.378906 0.545833 0.125521 0.199074 0.896484
2 0.202083 0.881481 0.29375 0.225926 0.90332
2 0.93125 0.164815 0.1375 0.12963 0.903809
2 0.721875 0.1625 0.177083 0.128704 0.907227
2 0.0773437 0.7125 0.153646 0.334259 0.916992
2 0.31276 0.677315 0.191146 0.319444 0.926758
2 0.145052 0.542593 0.184896 0.266667 0.929199
