0 0.725 0.135648 0.01875 0.0342593 0.265137
2 0.376823 0.5 0.149479 0.237037 0.314453
9 0.425781 0.0236111 0.0130208 0.0472222 0.432861
9 0.449219 0.0236111 0.0130208 0.0472222 0.440674
7 0.37526 0.499537 0.145313 0.236111 0.621094
2 0.358594 0.113426 0.0734375 0.121296 0.75293
2 0.422396 0.416667 0.10625 0.159259 0.844727
2 0.344271 0.64537 0.140625 0.227778 0.871582
2 0.0609375 0.77963 0.121875 0.374074 0.873047
2 0.940625 0.163889 0.11875 0.12963 0.895508
2 0.191146 0.895833 0.290625 0.197222 0.900391
2 0.27474 0.77963 0.219271 0.348148 0.904785
2 0.742708 0.1625 0.177083 0.128704 0.918945
2 0.232031 0.456481 0.130729 0.172222 0.925293
2 0.135677 0.555093 0.191146 0.275 0.937012
