9 0.439063 0.0240741 0.0333333 0.0481481 0.311279
2 0.379427 0.503704 0.150521 0.248148 0.327881
9 0.426042 0.0236111 0.0125 0.0472222 0.637695
9 0.449219 0.024537 0.0151042 0.0490741 0.638184
7 0.376563 0.500926 0.14375 0.238889 0.640625
2 0.025 0.8375 0.05 0.325 0.741699
2 0.421615 0.421296 0.104687 0.153704 0.866699
2 0.947656 0.16713 0.104687 0.132407 0.89502
2 0.76224 0.162963 0.178646 0.127778 0.908691
2 0.153906 0.573148 0.139062 0.205556 0.916016
2 0.221094 0.426852 0.148438 0.216667 0.919434
2 0.0848958 0.674537 0.169792 0.319444 0.92627
2 0.338021 0.647222 0.155208 0.235185 0.926758
