9 0.436979 0.0236111 0.034375 0.0472222 0.254883
9 0.608333 0.0791667 0.0125 0.0731481 0.266113
2 0.416146 0.422685 0.1 0.14537 0.478271
0 0.907812 0.134259 0.0239583 0.037037 0.481689
9 0.449219 0.0236111 0.0130208 0.0472222 0.562988
9 0.426042 0.0236111 0.0125 0.0472222 0.574707
2 0.377083 0.5 0.154167 0.251852 0.61084
2 0.916146 0.165278 0.167708 0.126852 0.897949
2 0.0734375 0.723611 0.146875 0.347222 0.913574
2 0.709896 0.175 0.1375 0.103704 0.916016
2 0.215625 0.437037 0.154167 0.22037 0.930664
2 0.139323 0.593518 0.150521 0.212963 0.935059
