9 0.434115 0.0240741 0.0286458 0.0481481 0.277588
9 0.608333 0.0796296 0.0125 0.0722222 0.338867
9 0.45 0.0240741 0.0145833 0.0462963 0.449707
9 0.426302 0.0236111 0.0130208 0.0472222 0.474854
7 0.415885 0.40463 0.128646 0.218519 0.492188
2 0.415104 0.404167 0.128125 0.208333 0.730957
2 0.383854 0.535185 0.117708 0.177778 0.741211
2 0.332292 0.628704 0.189583 0.32037 0.876465
2 0.713542 0.162963 0.177083 0.131481 0.904785
2 0.0768229 0.712963 0.153646 0.335185 0.906738
2 0.919792 0.166204 0.160417 0.130556 0.910156
2 0.248437 0.832407 0.255208 0.322222 0.913574
2 0.231771 0.438889 0.110417 0.159259 0.917969
2 0.145833 0.54213 0.186458 0.265741 0.928223
