9 0.438021 0.0236111 0.0385417 0.0472222 0.290771
9 0.608333 0.0800926 0.0125 0.0712963 0.4021
0 0.907031 0.134722 0.0234375 0.0361111 0.405273
9 0.45 0.0240741 0.0145833 0.0462963 0.427002
9 0.426302 0.0236111 0.0140625 0.0472222 0.427246
2 0.0255208 0.836111 0.0510417 0.32037 0.816406
2 0.461719 0.236111 0.0765625 0.12037 0.895508
2 0.916146 0.165278 0.167708 0.126852 0.900879
2 0.723698 0.175 0.138021 0.105556 0.90918
2 0.410937 0.443056 0.113542 0.169444 0.919922
2 0.285937 0.754167 0.213542 0.35463 0.929688
2 0.121615 0.610185 0.165104 0.22037 0.930664
2 0.208594 0.446296 0.154687 0.222222 0.931641
