0 0.940104 0.1375 0.021875 0.0305556 0.328857
9 0.425781 0.0236111 0.0130208 0.0472222 0.376953
9 0.608333 0.0805556 0.0125 0.0703704 0.381104
9 0.449479 0.0236111 0.0135417 0.0453704 0.385254
0 0.00859375 0.876852 0.0171875 0.246296 0.391602
7 0.41224 0.416204 0.123438 0.221296 0.704102
2 0.484896 0.131481 0.0635417 0.0962963 0.868652
2 0.726562 0.163426 0.178125 0.132407 0.899414
2 0.93125 0.164815 0.1375 0.12963 0.903809
2 0.0770833 0.713889 0.154167 0.337037 0.90625
2 0.291146 0.738426 0.213542 0.349074 0.910156
2 0.371354 0.564815 0.134375 0.211111 0.919434
2 0.19401 0.888889 0.295312 0.211111 0.922852
2 0.233333 0.446759 0.114583 0.169444 0.923828
2 0.145833 0.54213 0.186458 0.265741 0.927246
