9 0.436458 0.0236111 0.0354167 0.0472222 0.296875
9 0.608333 0.0800926 0.0125 0.0712963 0.446777
0 0.907292 0.134259 0.025 0.037037 0.469482
9 0.449479 0.0240741 0.0135417 0.0462963 0.47876
9 0.426302 0.0236111 0.0130208 0.0472222 0.491943
2 0.916146 0.165278 0.167708 0.126852 0.897949
2 0.0507812 0.80787 0.101562 0.376852 0.902832
2 0.723698 0.175 0.138021 0.105556 0.908203
2 0.468229 0.201852 0.071875 0.112963 0.908203
2 0.411719 0.440741 0.114063 0.166667 0.912598
2 0.322135 0.648611 0.189063 0.306481 0.921875
2 0.122917 0.608796 0.163542 0.219444 0.931641
2 0.208333 0.441667 0.153125 0.211111 0.933105
