9 0.608333 0.0796296 0.0125 0.0722222 0.250732
9 0.450521 0.0240741 0.015625 0.0462963 0.292725
2 0.0283854 0.0125 0.0411458 0.025 0.297119
9 0.426302 0.0240741 0.0140625 0.0462963 0.324219
0 0.507812 0.207407 0.0302083 0.0407407 0.453613
2 0.386458 0.531018 0.122917 0.187963 0.871582
2 0.421094 0.397685 0.129688 0.206481 0.881836
2 0.0776042 0.706944 0.154167 0.337963 0.887207
2 0.703125 0.163889 0.179167 0.131481 0.899414
2 0.274219 0.333333 0.0963542 0.127778 0.908203
2 0.331771 0.630093 0.188542 0.315741 0.908691
2 0.919792 0.166204 0.160417 0.132407 0.909668
2 0.483073 0.239815 0.206771 0.153704 0.917969
2 0.248437 0.833333 0.255208 0.322222 0.917969
2 0.18776 0.474537 0.163021 0.234259 0.934082
