9 0.435417 0.0236111 0.03125 0.0472222 0.256592
2 0.0356771 0.00740741 0.0453125 0.0148148 0.262207
2 0.38125 0.503704 0.153125 0.251852 0.363525
2 0.0148437 0.843982 0.0296875 0.306481 0.408447
9 0.449219 0.0236111 0.0130208 0.0472222 0.52832
9 0.426042 0.0236111 0.0125 0.0472222 0.566406
7 0.376823 0.507407 0.144271 0.251852 0.712891
2 0.421615 0.420833 0.104687 0.15463 0.86084
2 0.947656 0.167593 0.104687 0.133333 0.891113
2 0.761719 0.162963 0.176563 0.12963 0.907715
2 0.153646 0.572222 0.139583 0.205556 0.91748
2 0.221094 0.426852 0.148438 0.216667 0.919434
2 0.0846354 0.677778 0.169271 0.318519 0.930664
2 0.336458 0.648611 0.152083 0.236111 0.930664
