9 0.435937 0.0236111 0.0333333 0.0472222 0.289551
0 0.906771 0.134722 0.021875 0.0361111 0.406006
9 0.449219 0.0240741 0.0140625 0.0462963 0.49707
9 0.426302 0.0240741 0.0130208 0.0462963 0.532227
2 0.37474 0.505556 0.150521 0.248148 0.598145
2 0.41875 0.420833 0.10625 0.147222 0.813477
2 0.915104 0.164352 0.169792 0.126852 0.890137
2 0.0734375 0.721296 0.146875 0.338889 0.898926
2 0.639063 0.177315 0.1375 0.102778 0.917969
2 0.21849 0.43287 0.150521 0.219444 0.927246
2 0.139323 0.593982 0.150521 0.212037 0.933594
