9 0.608333 0.0763889 0.0125 0.075 0.250732
9 0.435937 0.0236111 0.034375 0.0472222 0.291992
0 0.72526 0.13287 0.0223958 0.037963 0.395752
9 0.449219 0.0240741 0.0140625 0.0462963 0.418457
2 0.38151 0.508333 0.158854 0.268519 0.459961
7 0.377083 0.518056 0.146875 0.275 0.471924
9 0.426042 0.0240741 0.0145833 0.0462963 0.488037
2 0.172396 0.952315 0.271875 0.087963 0.799316
2 0.345052 0.647685 0.139062 0.234259 0.814941
2 0.0299479 0.845833 0.0598958 0.308333 0.824219
2 0.422656 0.417593 0.104687 0.157407 0.875
2 0.939583 0.164352 0.11875 0.130556 0.89502
2 0.274219 0.783796 0.216146 0.369444 0.91748
2 0.74375 0.1625 0.178125 0.130556 0.919434
2 0.164583 0.548611 0.139583 0.202778 0.921387
2 0.2625 0.355556 0.122917 0.192593 0.925293
2 0.0848958 0.674074 0.169792 0.318519 0.931152
