9 0.608333 0.0796296 0.0125 0.0722222 0.256836
0 0.940104 0.1375 0.021875 0.0305556 0.279053
0 0.00859375 0.876852 0.0171875 0.246296 0.343506
9 0.425781 0.0231481 0.0130208 0.0462963 0.423096
9 0.449479 0.0240741 0.0135417 0.0462963 0.483154
2 0.391667 0.47037 0.142708 0.235185 0.822754
2 0.273177 0.766204 0.219271 0.326852 0.876953
2 0.442969 0.322685 0.0890625 0.132407 0.888672
2 0.727865 0.164352 0.177604 0.130556 0.903809
2 0.93125 0.164815 0.1375 0.12963 0.903809
2 0.347396 0.646759 0.146875 0.232407 0.904297
2 0.0770833 0.713426 0.154167 0.336111 0.910645
2 0.195833 0.892593 0.3 0.203704 0.913574
2 0.232292 0.452315 0.120833 0.169444 0.921875
2 0.145833 0.537963 0.186458 0.255556 0.925293
