9 0.608333 0.0787037 0.0125 0.0722222 0.278809
9 0.43724 0.0236111 0.0348958 0.0472222 0.295898
0 0.907031 0.134722 0.0234375 0.0361111 0.420654
9 0.517969 0.0111111 0.0401042 0.0203704 0.479004
2 0.415625 0.421759 0.1 0.143519 0.543457
9 0.426302 0.0236111 0.0130208 0.0472222 0.571777
9 0.449219 0.0240741 0.0130208 0.0462963 0.583008
2 0.376823 0.501389 0.154687 0.250926 0.645996
2 0.916146 0.164815 0.167708 0.127778 0.899414
2 0.0734375 0.723611 0.146875 0.347222 0.910156
2 0.709896 0.175 0.1375 0.103704 0.916504
2 0.215625 0.437037 0.154167 0.222222 0.930664
2 0.139323 0.592593 0.150521 0.211111 0.935059
