9 0.449219 0.0236111 0.0130208 0.0472222 0.437256
9 0.426042 0.0236111 0.0125 0.0472222 0.4729
2 0.375781 0.498611 0.144271 0.234259 0.638672
2 0.37526 0.64537 0.0786458 0.227778 0.817383
2 0.346875 0.143056 0.0791667 0.132407 0.820312
2 0.275 0.680556 0.215625 0.312963 0.854492
2 0.422396 0.41713 0.105208 0.158333 0.867188
2 0.192448 0.851852 0.297396 0.281481 0.891113
2 0.940625 0.164352 0.11875 0.130556 0.895508
2 0.0473958 0.8125 0.0947917 0.367593 0.900879
2 0.74401 0.1625 0.177604 0.128704 0.919922
2 0.126042 0.561574 0.190625 0.263889 0.922363
2 0.23099 0.45 0.131771 0.159259 0.930664
