9 0.435937 0.0236111 0.0333333 0.0472222 0.271973
0 0.703125 0.133796 0.01875 0.0361111 0.283691
0 0.940104 0.137037 0.021875 0.0314815 0.30127
9 0.608333 0.0796296 0.0125 0.0722222 0.350342
9 0.426302 0.0236111 0.0130208 0.0472222 0.523438
9 0.449479 0.0236111 0.0135417 0.0453704 0.557129
9 0.517708 0.0143519 0.040625 0.0287037 0.634766
7 0.413021 0.413426 0.121875 0.215741 0.675293
2 0.384115 0.543519 0.116146 0.194444 0.854492
2 0.721875 0.1625 0.177083 0.128704 0.90332
2 0.93125 0.164815 0.1375 0.12963 0.904297
2 0.327604 0.63287 0.180208 0.313889 0.90918
2 0.0770833 0.713889 0.154167 0.335185 0.912109
2 0.233333 0.446759 0.114583 0.169444 0.912598
2 0.145833 0.54213 0.186458 0.265741 0.925781
2 0.246354 0.837037 0.255208 0.314815 0.927246
