9 0.436719 0.0236111 0.0348958 0.0472222 0.277344
0 0.90625 0.134722 0.0229167 0.037963 0.379395
2 0.0174479 0.0199074 0.0348958 0.0398148 0.404785
9 0.449219 0.0240741 0.0140625 0.0462963 0.458984
9 0.426302 0.0240741 0.0130208 0.0462963 0.499756
2 0.37474 0.506019 0.150521 0.247222 0.611816
2 0.41875 0.420833 0.10625 0.147222 0.830078
2 0.0731771 0.719907 0.146354 0.337963 0.895508
2 0.915104 0.165278 0.169792 0.126852 0.899414
2 0.643229 0.176852 0.1375 0.103704 0.916504
2 0.21875 0.43287 0.15 0.219444 0.927734
2 0.139323 0.593982 0.150521 0.212037 0.93457
