9 0.449219 0.0236111 0.0130208 0.0472222 0.372803
9 0.426042 0.0236111 0.0125 0.0472222 0.379639
2 0.376042 0.501389 0.144792 0.237963 0.437256
7 0.375781 0.499074 0.145313 0.235185 0.497803
2 0.0299479 0.841667 0.0598958 0.312963 0.853027
2 0.422656 0.418056 0.103646 0.158333 0.869629
2 0.344792 0.644444 0.139583 0.227778 0.887695
2 0.294531 0.276852 0.104687 0.175926 0.89502
2 0.940625 0.164352 0.11875 0.130556 0.897461
2 0.196094 0.890741 0.279687 0.205556 0.905762
2 0.276563 0.780556 0.21875 0.364815 0.912109
2 0.200781 0.483796 0.135937 0.180556 0.918457
2 0.74401 0.1625 0.177604 0.128704 0.92041
2 0.0898438 0.653241 0.179688 0.312037 0.934082
