9 0.608333 0.0791667 0.0125 0.0731481 0.272461
0 0.940104 0.137037 0.021875 0.0314815 0.303955
2 0.413542 0.416204 0.125 0.213889 0.384766
0 0.00859375 0.876852 0.0171875 0.246296 0.405762
7 0.4125 0.413889 0.122917 0.216667 0.76709
2 0.375521 0.547222 0.123958 0.201852 0.888184
2 0.495313 0.0819444 0.0552083 0.0861111 0.893555
2 0.233594 0.445833 0.114063 0.167593 0.900879
2 0.93125 0.164352 0.1375 0.128704 0.902344
2 0.721875 0.162037 0.177083 0.127778 0.908203
2 0.0773437 0.713889 0.153646 0.337037 0.911133
2 0.194531 0.890278 0.294271 0.206481 0.925293
2 0.145573 0.543981 0.185937 0.267593 0.925293
2 0.309896 0.691667 0.196875 0.325926 0.932617
