0 0.907812 0.137963 0.0239583 0.0314815 0.289307
9 0.435937 0.0236111 0.0333333 0.0472222 0.301514
9 0.608333 0.0805556 0.0125 0.0703704 0.437256
9 0.44974 0.0240741 0.0140625 0.0462963 0.497559
9 0.426302 0.0236111 0.0130208 0.0472222 0.511719
2 0.201562 0.959722 0.220833 0.075 0.830566
2 0.338281 0.226852 0.0901042 0.157407 0.879883
2 0.917708 0.164352 0.164583 0.128704 0.900879
2 0.733854 0.174537 0.138542 0.102778 0.916992
2 0.201562 0.462963 0.161458 0.233333 0.929199
2 0.420312 0.41713 0.109375 0.160185 0.931641
