7 0.376823 0.503704 0.154687 0.248148 0.345703
0 0.907031 0.133796 0.0234375 0.0361111 0.430908
9 0.449219 0.0236111 0.0130208 0.0472222 0.533691
9 0.426042 0.0236111 0.0125 0.0472222 0.544434
2 0.376302 0.506481 0.156771 0.257407 0.544922
2 0.417969 0.421296 0.104687 0.148148 0.838379
2 0.916146 0.165278 0.167708 0.126852 0.898438
2 0.0734375 0.724074 0.146875 0.344444 0.90918
2 0.709375 0.175 0.138542 0.103704 0.911621
2 0.21849 0.433333 0.149479 0.218519 0.930176
2 0.139323 0.593982 0.150521 0.212037 0.933105
