9 0.608333 0.0791667 0.0125 0.0731481 0.253174
9 0.436979 0.0236111 0.034375 0.0472222 0.291504
2 0.416146 0.422222 0.0979167 0.144444 0.375
9 0.51849 0.0101852 0.0390625 0.0185185 0.481689
0 0.907812 0.133796 0.0239583 0.037963 0.499268
9 0.449219 0.0236111 0.0130208 0.0472222 0.575195
9 0.426302 0.0236111 0.0130208 0.0472222 0.577148
2 0.378385 0.499074 0.157813 0.255556 0.610352
2 0.916146 0.165278 0.167708 0.126852 0.897461
2 0.0734375 0.723611 0.146875 0.34537 0.912109
2 0.709896 0.175 0.1375 0.103704 0.920898
2 0.215625 0.437037 0.154167 0.22037 0.930664
2 0.139323 0.593056 0.150521 0.212037 0.935059
