0 0.942187 0.137963 0.0239583 0.0333333 0.304932
0 0.716146 0.135648 0.0197917 0.0342593 0.353516
7 0.375521 0.499074 0.144792 0.235185 0.383301
2 0.375521 0.501852 0.144792 0.238889 0.470947
7 0.403385 0.0277778 0.0567708 0.0555556 0.650391
2 0.422135 0.416667 0.106771 0.159259 0.82666
2 0.34375 0.645833 0.140625 0.228704 0.886719
2 0.273958 0.783333 0.21875 0.355556 0.887207
2 0.93125 0.164352 0.1375 0.128704 0.901855
2 0.735156 0.162963 0.176563 0.12963 0.907715
2 0.0744792 0.714352 0.148958 0.334259 0.908691
2 0.194531 0.89537 0.298438 0.2 0.913574
2 0.233333 0.456481 0.128125 0.172222 0.919922
2 0.145052 0.543981 0.186979 0.262037 0.92041
