0 0.940625 0.137037 0.021875 0.0314815 0.286377
9 0.4375 0.0240741 0.034375 0.0481481 0.288818
0 0.716146 0.135648 0.01875 0.0342593 0.338135
2 0.379167 0.501389 0.153125 0.247222 0.35498
0 0.00859375 0.878704 0.0171875 0.242593 0.395996
7 0.375781 0.50463 0.144271 0.246296 0.501465
9 0.449219 0.024537 0.0151042 0.0490741 0.620117
9 0.426042 0.0236111 0.0125 0.0472222 0.636719
2 0.422135 0.416667 0.106771 0.159259 0.851562
2 0.274479 0.721296 0.215625 0.285185 0.870605
2 0.345313 0.647222 0.138542 0.233333 0.891113
2 0.0770833 0.712963 0.154167 0.333333 0.894043
2 0.930208 0.163426 0.1375 0.126852 0.904785
2 0.735156 0.162963 0.176563 0.12963 0.905762
2 0.196615 0.872222 0.300521 0.246296 0.914062
2 0.233594 0.456019 0.127604 0.171296 0.916016
2 0.145052 0.535185 0.184896 0.251852 0.919434
