9 0.435677 0.0236111 0.0317708 0.0472222 0.262207
0 0.452865 0.431481 0.0265625 0.12037 0.264404
2 0.414062 0.422222 0.101042 0.142593 0.393311
0 0.90625 0.134722 0.025 0.037963 0.495117
9 0.449219 0.0236111 0.0130208 0.0472222 0.529297
9 0.426042 0.0231481 0.0125 0.0462963 0.575195
2 0.377344 0.500926 0.155729 0.255556 0.637207
2 0.916146 0.165741 0.167708 0.127778 0.898926
2 0.0734375 0.723611 0.146875 0.34537 0.912598
2 0.709896 0.175 0.1375 0.103704 0.916016
2 0.215365 0.436574 0.153646 0.221296 0.929199
2 0.139323 0.592593 0.150521 0.211111 0.93457
