9 0.439063 0.0240741 0.0364583 0.0481481 0.336914
0 0.907292 0.135185 0.025 0.037037 0.425049
9 0.426302 0.0236111 0.0130208 0.0472222 0.505859
9 0.449479 0.025463 0.015625 0.0472222 0.572754
2 0.369271 0.108333 0.0708333 0.12037 0.73584
2 0.916406 0.165278 0.167187 0.126852 0.894531
2 0.734375 0.174537 0.139583 0.102778 0.914551
2 0.0890625 0.6625 0.177083 0.234259 0.919922
2 0.201823 0.461574 0.160938 0.234259 0.928711
2 0.338281 0.640278 0.154687 0.223148 0.933105
2 0.419792 0.41713 0.109375 0.162037 0.933594
