0 0.916406 0.135648 0.0234375 0.0324074 0.262207
9 0.4375 0.024537 0.0364583 0.0472222 0.324219
7 0.416406 0.40463 0.128646 0.22037 0.530273
9 0.426302 0.0240741 0.0140625 0.0481481 0.539062
9 0.44974 0.025463 0.0161458 0.0472222 0.562012
2 0.415104 0.404167 0.128125 0.210185 0.727539
2 0.383854 0.534722 0.117708 0.176852 0.748047
2 0.332552 0.628241 0.190104 0.319444 0.875
2 0.713021 0.1625 0.178125 0.130556 0.899414
2 0.919792 0.166204 0.160417 0.132407 0.90918
2 0.0768229 0.713889 0.153646 0.335185 0.910645
2 0.248177 0.833333 0.253646 0.32037 0.914551
2 0.232031 0.438889 0.110937 0.159259 0.918945
2 0.145833 0.542593 0.186458 0.264815 0.928223
