9 0.608333 0.0796296 0.0125 0.0722222 0.30542
9 0.426042 0.0236111 0.0125 0.0472222 0.434814
9 0.44974 0.0236111 0.0140625 0.0472222 0.437988
2 0.420052 0.400926 0.130729 0.207407 0.692871
2 0.384896 0.535648 0.120833 0.178704 0.704102
2 0.336198 0.628704 0.197396 0.32037 0.85791
2 0.713021 0.162963 0.178125 0.12963 0.902344
2 0.0770833 0.713426 0.153125 0.334259 0.908203
2 0.919792 0.166204 0.160417 0.132407 0.911133
2 0.248177 0.83287 0.255729 0.321296 0.913086
2 0.235417 0.427778 0.110417 0.161111 0.915527
2 0.145833 0.542593 0.186458 0.264815 0.928711
