0 0.941146 0.137037 0.021875 0.0314815 0.294434
0 0.716146 0.135648 0.0197917 0.0342593 0.339111
7 0.375781 0.498611 0.144271 0.234259 0.394287
9 0.426042 0.0236111 0.0125 0.0453704 0.436768
2 0.375521 0.500926 0.144792 0.237037 0.479736
9 0.449219 0.0240741 0.0151042 0.0462963 0.52002
2 0.422396 0.416667 0.10625 0.159259 0.842773
2 0.346875 0.646296 0.134375 0.231481 0.884766
2 0.275 0.700926 0.216667 0.253704 0.891602
2 0.144271 0.535648 0.184375 0.250926 0.899902
2 0.0776042 0.712963 0.155208 0.333333 0.904297
2 0.93125 0.163889 0.1375 0.127778 0.904297
2 0.735156 0.162963 0.176563 0.12963 0.905273
2 0.233854 0.455556 0.128125 0.17037 0.915039
2 0.197656 0.868519 0.304688 0.25 0.919922
