9 0.438281 0.0240741 0.0390625 0.0481481 0.322754
9 0.45 0.0240741 0.0145833 0.0462963 0.4104
0 0.907031 0.134722 0.0234375 0.0361111 0.441406
9 0.426302 0.0236111 0.0140625 0.0472222 0.457031
9 0.608333 0.0805556 0.0125 0.0703704 0.458496
2 0.186979 0.915278 0.286458 0.158333 0.870605
2 0.916146 0.165278 0.167708 0.126852 0.898926
2 0.723698 0.175 0.139062 0.105556 0.90918
2 0.449479 0.295833 0.084375 0.134259 0.911133
2 0.406771 0.453704 0.115625 0.175926 0.926758
2 0.121875 0.611111 0.165625 0.224074 0.929199
2 0.208594 0.447685 0.154687 0.225 0.929688
