0 0.726823 0.134259 0.0234375 0.037037 0.263428
9 0.438542 0.0240741 0.034375 0.0481481 0.303467
2 0.378646 0.500926 0.15 0.242593 0.339111
7 0.376563 0.5 0.144792 0.237037 0.590332
9 0.449219 0.024537 0.0151042 0.0490741 0.617676
9 0.426042 0.0236111 0.0125 0.0472222 0.620605
2 0.344271 0.654167 0.138542 0.249074 0.827637
2 0.0299479 0.84213 0.0598958 0.308333 0.850586
2 0.421094 0.419444 0.105729 0.155556 0.866211
2 0.940625 0.164352 0.11875 0.130556 0.894043
2 0.75026 0.163426 0.178646 0.128704 0.900879
2 0.274219 0.781944 0.215104 0.365741 0.901367
2 0.153906 0.572685 0.139062 0.20463 0.910156
2 0.224219 0.420833 0.149479 0.210185 0.911621
2 0.0848958 0.673611 0.169792 0.317593 0.92334
