0 0.00859375 0.881481 0.0171875 0.237037 0.250977
9 0.438281 0.025 0.0421875 0.0481481 0.25293
2 0.0278646 0.012037 0.0421875 0.0240741 0.261963
0 0.684635 0.1375 0.0234375 0.0324074 0.273926
9 0.450521 0.024537 0.015625 0.0472222 0.461182
9 0.426042 0.025 0.0145833 0.0481481 0.581055
2 0.420312 0.398611 0.130208 0.208333 0.707031
2 0.386458 0.531018 0.123958 0.187963 0.863281
2 0.33151 0.631944 0.188021 0.312037 0.901855
2 0.0953125 0.237037 0.190625 0.155556 0.905762
2 0.702865 0.163889 0.178646 0.131481 0.907227
2 0.919792 0.166204 0.160417 0.132407 0.90918
2 0.250781 0.390278 0.107813 0.149074 0.910156
2 0.248177 0.833333 0.255729 0.322222 0.916504
2 0.0768229 0.714352 0.153646 0.334259 0.916992
2 0.149219 0.532407 0.179688 0.261111 0.93457
