9 0.608594 0.0791667 0.0119792 0.0731481 0.269775
0 0.907812 0.134722 0.025 0.0361111 0.449219
2 0.415104 0.422222 0.101042 0.144444 0.451416
9 0.448958 0.0236111 0.0125 0.0472222 0.540527
9 0.426042 0.0231481 0.0125 0.0462963 0.563477
2 0.377083 0.5 0.154167 0.25 0.621094
2 0.916146 0.165278 0.167708 0.126852 0.898438
2 0.0734375 0.723611 0.146875 0.347222 0.910156
2 0.709896 0.175 0.1375 0.103704 0.916016
2 0.215625 0.4375 0.154167 0.221296 0.930176
2 0.139323 0.593056 0.150521 0.212037 0.935059
