2 0.0145833 0.843056 0.0291667 0.306481 0.261475
9 0.436979 0.0236111 0.034375 0.0472222 0.289307
0 0.904688 0.137037 0.021875 0.0333333 0.333496
9 0.448698 0.0240741 0.0130208 0.0462963 0.529297
9 0.426302 0.0236111 0.0130208 0.0472222 0.559082
2 0.37526 0.504167 0.151562 0.247222 0.569336
2 0.41875 0.420833 0.10625 0.147222 0.813477
2 0.0734375 0.721296 0.146875 0.338889 0.893555
2 0.914583 0.164815 0.170833 0.127778 0.898926
2 0.627083 0.176852 0.1375 0.101852 0.911621
2 0.21849 0.43287 0.150521 0.219444 0.927734
2 0.139323 0.593518 0.150521 0.211111 0.933594
