9 0.436458 0.0236111 0.034375 0.0472222 0.295166
0 0.907031 0.134722 0.0234375 0.0361111 0.405518
9 0.608333 0.0800926 0.0125 0.0712963 0.424072
9 0.45 0.0240741 0.0145833 0.0462963 0.495361
9 0.426302 0.0236111 0.0140625 0.0472222 0.499023
2 0.0151042 0.87037 0.0302083 0.255556 0.528809
2 0.916146 0.165278 0.167708 0.126852 0.899414
2 0.724219 0.175463 0.138021 0.106481 0.90918
2 0.459375 0.247685 0.0791667 0.123148 0.914551
2 0.410937 0.443056 0.113542 0.171296 0.921387
2 0.270833 0.796296 0.225 0.372222 0.927734
2 0.208594 0.447222 0.154687 0.224074 0.930664
2 0.121875 0.609722 0.165625 0.219444 0.931641
