9 0.608333 0.0796296 0.0125 0.0722222 0.263916
0 0.688281 0.134722 0.0234375 0.037963 0.343506
9 0.426042 0.0236111 0.0125 0.0472222 0.400146
9 0.44974 0.0236111 0.0140625 0.0472222 0.431396
2 0.419531 0.400463 0.130729 0.206481 0.653809
2 0.382552 0.531018 0.122396 0.175 0.833496
2 0.33151 0.631944 0.188021 0.312037 0.891602
2 0.708594 0.163426 0.178646 0.130556 0.902832
2 0.0768229 0.713426 0.153646 0.336111 0.90918
2 0.919792 0.166204 0.160417 0.132407 0.911133
2 0.248177 0.833333 0.255729 0.322222 0.915039
2 0.239063 0.416667 0.109375 0.155556 0.91748
2 0.145833 0.541667 0.185417 0.264815 0.928711
