0 0.723698 0.13287 0.0255208 0.0416667 0.341797
9 0.425781 0.0231481 0.0130208 0.0462963 0.426514
9 0.449219 0.0236111 0.0130208 0.0472222 0.433838
2 0.380729 0.512963 0.157292 0.272222 0.465576
7 0.376563 0.521296 0.146875 0.281481 0.523438
2 0.0296875 0.837037 0.059375 0.32037 0.82373
2 0.344531 0.671759 0.140104 0.284259 0.827148
2 0.422656 0.417593 0.103646 0.157407 0.876953
2 0.276823 0.317593 0.113021 0.192593 0.892578
2 0.939844 0.164352 0.120312 0.130556 0.895996
2 0.19375 0.901389 0.275 0.187963 0.900879
2 0.273438 0.779167 0.2125 0.362037 0.907227
2 0.74401 0.1625 0.177604 0.130556 0.918457
2 0.0856771 0.672222 0.171354 0.318519 0.922363
2 0.180729 0.516667 0.140625 0.192593 0.930664
