2 0.0148437 0.843518 0.0296875 0.305556 0.25415
0 0.875 0.135185 0.0208333 0.037037 0.393066
9 0.449219 0.0236111 0.0130208 0.0472222 0.397217
9 0.426042 0.0231481 0.0125 0.0462963 0.417725
2 0.375 0.505556 0.151042 0.248148 0.583496
2 0.41875 0.420833 0.10625 0.147222 0.812988
2 0.0734375 0.721296 0.146875 0.338889 0.878418
2 0.889583 0.164815 0.180208 0.12963 0.90918
2 0.540365 0.175463 0.128646 0.10463 0.916504
2 0.21875 0.43287 0.15 0.219444 0.924316
2 0.139323 0.593518 0.150521 0.211111 0.933594
