3 0.992969 0.172222 0.0140625 0.124074 0.262207
9 0.436458 0.0236111 0.0333333 0.0472222 0.271973
9 0.608333 0.0842593 0.0125 0.0592593 0.306396
0 0.753125 0.134722 0.0229167 0.0398148 0.349365
2 0.0148437 0.878241 0.0296875 0.239815 0.364746
9 0.449219 0.0231481 0.0140625 0.0462963 0.508789
7 0.375 0.506944 0.151042 0.249074 0.51416
2 0.376042 0.50787 0.15625 0.256481 0.538574
9 0.426042 0.0236111 0.0125 0.0472222 0.585449
2 0.420312 0.421759 0.10625 0.149074 0.868652
2 0.0734375 0.720833 0.146875 0.337963 0.880371
2 0.247135 0.875 0.214062 0.240741 0.893555
2 0.772135 0.163426 0.178646 0.128704 0.904297
2 0.200781 0.173148 0.139062 0.105556 0.908691
2 0.219271 0.431019 0.148958 0.221296 0.92627
2 0.139323 0.593518 0.150521 0.211111 0.936523
