7 0.377344 0.501852 0.156771 0.25 0.402588
0 0.907031 0.134722 0.0234375 0.0361111 0.444336
2 0.376042 0.504167 0.153125 0.249074 0.533203
9 0.449219 0.0236111 0.0130208 0.0472222 0.553223
9 0.426042 0.0231481 0.0125 0.0462963 0.578613
2 0.416667 0.420833 0.102083 0.14537 0.723633
2 0.916146 0.165278 0.167708 0.126852 0.898926
2 0.0734375 0.723611 0.146875 0.34537 0.908691
2 0.709896 0.175 0.1375 0.103704 0.916016
2 0.218229 0.43287 0.148958 0.217593 0.927734
2 0.139323 0.593518 0.150521 0.211111 0.93457
