9 0.435677 0.0240741 0.0328125 0.0481481 0.274902
0 0.940625 0.1375 0.021875 0.0305556 0.283447
9 0.608333 0.0800926 0.0125 0.0712963 0.371338
0 0.00859375 0.877778 0.0171875 0.244444 0.424561
9 0.45 0.0240741 0.0145833 0.0462963 0.441162
9 0.426302 0.0236111 0.0140625 0.0472222 0.448975
2 0.409635 0.426389 0.133854 0.210185 0.845703
2 0.274219 0.751852 0.217187 0.298148 0.878418
2 0.458333 0.253241 0.08125 0.117593 0.901855
2 0.727865 0.164352 0.177604 0.130556 0.903809
2 0.93125 0.164815 0.1375 0.12963 0.904297
2 0.34974 0.640278 0.146354 0.230556 0.907715
2 0.0770833 0.713889 0.154167 0.335185 0.90918
2 0.195833 0.893056 0.3 0.202778 0.922363
2 0.146094 0.539815 0.185937 0.259259 0.92334
2 0.232552 0.453241 0.121354 0.171296 0.92334
