0 0.90625 0.138426 0.01875 0.0342593 0.271973
9 0.435677 0.0236111 0.0328125 0.0472222 0.295166
9 0.608333 0.0805556 0.0125 0.0703704 0.464111
9 0.426302 0.0236111 0.0130208 0.0472222 0.540039
9 0.449479 0.0236111 0.0135417 0.0472222 0.544922
2 0.0197917 0.0180556 0.0395833 0.0361111 0.559082
2 0.355208 0.15787 0.0770833 0.136111 0.724609
2 0.916406 0.162037 0.167187 0.135185 0.902344
2 0.0486979 0.825463 0.0973958 0.289815 0.905273
2 0.734375 0.174537 0.139583 0.102778 0.915527
2 0.279948 0.814815 0.188021 0.281481 0.928711
2 0.201823 0.462963 0.161979 0.233333 0.930664
2 0.420312 0.416667 0.109375 0.159259 0.932617
