2 0.380208 0.50463 0.15625 0.251852 0.409668
9 0.449219 0.0236111 0.0130208 0.0472222 0.462402
9 0.426042 0.0231481 0.0125 0.0462963 0.471436
7 0.376302 0.508333 0.146354 0.253704 0.546875
2 0.345052 0.65 0.139062 0.240741 0.819824
2 0.0299479 0.845833 0.0598958 0.306481 0.834961
2 0.422656 0.417593 0.103646 0.157407 0.87793
2 0.272917 0.333333 0.114583 0.192593 0.887695
2 0.939583 0.164352 0.11875 0.130556 0.896973
2 0.189323 0.9125 0.286979 0.163889 0.902832
2 0.27474 0.778704 0.216146 0.361111 0.907715
2 0.175 0.526389 0.141667 0.193519 0.913086
2 0.74401 0.1625 0.177604 0.128704 0.918457
2 0.0848958 0.673611 0.169792 0.315741 0.929688
