9 0.438281 0.025 0.0421875 0.0481481 0.252197
0 0.940625 0.137037 0.0229167 0.0314815 0.306152
9 0.608333 0.0796296 0.0125 0.0722222 0.354736
9 0.45 0.024537 0.0145833 0.0472222 0.49585
7 0.416406 0.40463 0.128646 0.218519 0.505371
9 0.426042 0.025 0.0145833 0.0481481 0.593262
2 0.383073 0.535648 0.118229 0.176852 0.696777
2 0.415104 0.404167 0.128125 0.208333 0.754883
2 0.334115 0.628241 0.192188 0.321296 0.867676
2 0.93125 0.164815 0.1375 0.12963 0.899902
2 0.0768229 0.712963 0.153646 0.335185 0.907227
2 0.713281 0.1625 0.176563 0.132407 0.907715
2 0.248437 0.832407 0.255208 0.322222 0.90918
2 0.231771 0.438889 0.110417 0.159259 0.918457
2 0.145833 0.542593 0.186458 0.264815 0.927246
