9 0.43776 0.0240741 0.0348958 0.0481481 0.299805
2 0.0148437 0.881944 0.0296875 0.234259 0.351807
0 0.753125 0.136111 0.021875 0.037037 0.424072
2 0.37474 0.50463 0.149479 0.246296 0.602051
9 0.44974 0.024537 0.0151042 0.0490741 0.626953
9 0.426042 0.0236111 0.0125 0.0472222 0.635742
2 0.419531 0.421759 0.107813 0.149074 0.841309
2 0.0734375 0.721296 0.146875 0.338889 0.886719
2 0.223438 0.907407 0.225 0.174074 0.896484
2 0.254687 0.173611 0.138542 0.10463 0.907227
2 0.772135 0.163889 0.178646 0.12963 0.911621
2 0.21849 0.431944 0.150521 0.221296 0.928223
2 0.139062 0.593518 0.151042 0.211111 0.936035
