2 0.909375 0.138889 0.116667 0.0518519 0.290039
9 0.439844 0.0240741 0.0338542 0.0481481 0.343994
0 0.907812 0.135185 0.0239583 0.0351852 0.44751
9 0.426302 0.0236111 0.0130208 0.0472222 0.512207
9 0.44974 0.024537 0.0151042 0.0472222 0.588867
2 0.371615 0.0944444 0.0682292 0.112963 0.852539
2 0.916406 0.164815 0.167187 0.125926 0.897461
2 0.733854 0.174537 0.138542 0.102778 0.915039
2 0.101302 0.640278 0.176563 0.225 0.92041
2 0.348437 0.611574 0.148958 0.217593 0.926758
2 0.202083 0.463426 0.160417 0.234259 0.928223
2 0.419531 0.414352 0.108854 0.156481 0.931641
