0 0.684896 0.136111 0.0239583 0.0351852 0.318359
2 0.0289063 0.012963 0.0401042 0.0259259 0.333008
0 0.35651 0.209259 0.0286458 0.037037 0.333496
2 0.386719 0.531482 0.122396 0.188889 0.871582
2 0.33125 0.235185 0.211458 0.148148 0.87207
2 0.420833 0.39537 0.130208 0.212963 0.892578
2 0.0773437 0.712963 0.154687 0.337037 0.899902
2 0.703125 0.163889 0.179167 0.131481 0.901367
2 0.331771 0.630556 0.1875 0.316667 0.905762
2 0.268229 0.349074 0.0989583 0.138889 0.90625
2 0.919792 0.166204 0.160417 0.132407 0.909668
2 0.248177 0.832407 0.255729 0.32037 0.916504
2 0.171094 0.500926 0.171354 0.25 0.929688
