9 0.608333 0.0796296 0.0125 0.0722222 0.319336
9 0.426042 0.0236111 0.0125 0.0472222 0.398926
9 0.44974 0.0236111 0.0140625 0.0472222 0.398926
2 0.383594 0.539815 0.118229 0.183333 0.700195
2 0.420312 0.4 0.130208 0.207407 0.81543
2 0.333594 0.628704 0.192188 0.318519 0.865234
2 0.232031 0.436111 0.108854 0.157407 0.892578
2 0.713542 0.162963 0.177083 0.131481 0.904297
2 0.919792 0.166204 0.160417 0.132407 0.909668
2 0.0770833 0.713426 0.153125 0.334259 0.910645
2 0.248437 0.83287 0.255208 0.321296 0.914551
2 0.145833 0.541667 0.186458 0.264815 0.928711
