0 0.727604 0.134722 0.0239583 0.0361111 0.315186
2 0.378646 0.502778 0.151042 0.25 0.34082
9 0.449219 0.0240741 0.0140625 0.0481481 0.576172
7 0.376302 0.501389 0.144271 0.241667 0.637207
9 0.426302 0.024537 0.0140625 0.0490741 0.64209
2 0.0302083 0.844907 0.0604167 0.30463 0.86084
2 0.420833 0.419444 0.10625 0.155556 0.871094
2 0.947656 0.166667 0.104687 0.131481 0.886719
2 0.153646 0.572222 0.139583 0.203704 0.89209
2 0.74974 0.1625 0.177604 0.130556 0.90332
2 0.0846354 0.673611 0.169271 0.317593 0.907227
2 0.340365 0.648148 0.147396 0.237037 0.912109
2 0.225 0.422222 0.15 0.214815 0.914551
2 0.259115 0.814352 0.228646 0.356481 0.916504
