9 0.438021 0.0240741 0.034375 0.0481481 0.30957
2 0.415104 0.422222 0.101042 0.144444 0.471191
0 0.907812 0.133796 0.025 0.037963 0.489502
2 0.376823 0.500926 0.154687 0.251852 0.619141
9 0.449219 0.024537 0.0151042 0.0490741 0.643555
9 0.426042 0.0236111 0.0125 0.0472222 0.656738
2 0.916146 0.165278 0.167708 0.126852 0.895996
2 0.0734375 0.720833 0.146875 0.341667 0.912598
2 0.709896 0.175 0.1375 0.103704 0.915527
2 0.215625 0.437037 0.154167 0.22037 0.930176
2 0.139323 0.593056 0.150521 0.212037 0.93457
