2 0.0151042 0.841667 0.0302083 0.309259 0.251221
0 0.882812 0.135648 0.021875 0.0342593 0.370605
9 0.449219 0.0236111 0.0130208 0.0472222 0.418701
9 0.426042 0.0231481 0.0125 0.0462963 0.451172
2 0.375 0.505556 0.151042 0.248148 0.626465
2 0.41875 0.420833 0.10625 0.147222 0.81543
2 0.0734375 0.721296 0.146875 0.338889 0.875488
2 0.895833 0.164815 0.18125 0.12963 0.906738
2 0.560417 0.174537 0.1375 0.102778 0.914062
2 0.21849 0.433333 0.150521 0.22037 0.925781
2 0.139323 0.593518 0.150521 0.211111 0.933105
