0 0.907031 0.134259 0.0234375 0.037037 0.453613
7 0.375521 0.506019 0.151042 0.249074 0.472168
2 0.376823 0.50463 0.157813 0.257407 0.502441
9 0.449219 0.0240741 0.0140625 0.0481481 0.565918
9 0.426302 0.024537 0.0140625 0.0490741 0.645996
2 0.41875 0.420833 0.107292 0.147222 0.79834
2 0.0734375 0.723611 0.146875 0.343519 0.887207
2 0.916146 0.165278 0.167708 0.126852 0.896484
2 0.680729 0.175463 0.138542 0.102778 0.914551
2 0.21875 0.43287 0.15 0.219444 0.927246
2 0.139323 0.593518 0.150521 0.211111 0.933105
