9 0.608333 0.0791667 0.0125 0.0731481 0.250244
9 0.436719 0.0236111 0.0338542 0.0472222 0.255615
0 0.452344 0.433796 0.0265625 0.123148 0.265381
2 0.414844 0.422685 0.100521 0.14537 0.442627
0 0.907812 0.134259 0.0239583 0.037037 0.453857
9 0.449219 0.0236111 0.0130208 0.0472222 0.562012
9 0.426042 0.0236111 0.0125 0.0472222 0.581055
2 0.376823 0.5 0.154687 0.25 0.626465
2 0.916146 0.165278 0.167708 0.126852 0.896973
2 0.0734375 0.723611 0.146875 0.347222 0.912109
2 0.709896 0.175 0.1375 0.103704 0.915039
2 0.215625 0.437037 0.154167 0.22037 0.930176
2 0.139323 0.593518 0.150521 0.212963 0.935059
