9 0.436719 0.0236111 0.0348958 0.0472222 0.281738
2 0.0177083 0.0175926 0.0354167 0.0351852 0.314941
0 0.907812 0.137037 0.0197917 0.0333333 0.369873
9 0.449219 0.0240741 0.0140625 0.0462963 0.500488
9 0.426302 0.0240741 0.0130208 0.0462963 0.522461
2 0.37526 0.504167 0.151562 0.247222 0.579102
2 0.41875 0.420833 0.10625 0.147222 0.822266
2 0.0734375 0.720833 0.146875 0.339815 0.897461
2 0.915104 0.164815 0.169792 0.127778 0.897949
2 0.647396 0.175926 0.136458 0.105556 0.910645
2 0.21875 0.433333 0.15 0.22037 0.926758
2 0.139323 0.593518 0.150521 0.211111 0.934082
