9 0.438281 0.025 0.0432292 0.0481481 0.251465
9 0.608333 0.0791667 0.0125 0.0731481 0.261719
2 0.0283854 0.012963 0.0421875 0.0259259 0.265381
0 0.0414063 0.206481 0.0182292 0.0351852 0.336182
9 0.45 0.024537 0.0145833 0.0472222 0.5
9 0.426302 0.025 0.0140625 0.0481481 0.606934
2 0.420573 0.398611 0.130729 0.206481 0.665527
2 0.386458 0.52963 0.123958 0.187037 0.867188
2 0.0692708 0.236111 0.138542 0.157407 0.87207
2 0.703125 0.163426 0.179167 0.130556 0.902344
2 0.33125 0.63287 0.1875 0.310185 0.904297
2 0.919792 0.166204 0.160417 0.132407 0.910156
2 0.0768229 0.714352 0.153646 0.334259 0.911621
2 0.248177 0.833333 0.255729 0.322222 0.915527
2 0.247135 0.396759 0.107813 0.150926 0.919922
2 0.147396 0.536111 0.182292 0.264815 0.929199
