0 0.702604 0.133796 0.0197917 0.0361111 0.265381
9 0.434115 0.0240741 0.0286458 0.0481481 0.27124
0 0.939844 0.1375 0.0234375 0.0324074 0.305908
9 0.608333 0.0796296 0.0125 0.0722222 0.331787
7 0.415365 0.405093 0.127604 0.217593 0.359131
9 0.45 0.0240741 0.0145833 0.0462963 0.451416
9 0.426302 0.0236111 0.0130208 0.0472222 0.468994
2 0.382812 0.538889 0.117708 0.183333 0.732422
2 0.416406 0.405556 0.126563 0.211111 0.813477
2 0.332031 0.629167 0.189063 0.317593 0.877441
2 0.93125 0.164815 0.1375 0.12963 0.904297
2 0.721875 0.162963 0.177083 0.127778 0.907227
2 0.0770833 0.713889 0.153125 0.335185 0.907715
2 0.23099 0.437963 0.108854 0.157407 0.914062
2 0.248437 0.833333 0.255208 0.322222 0.916992
2 0.145833 0.542593 0.186458 0.264815 0.927734
