0 0.714063 0.134722 0.0239583 0.0361111 0.266602
9 0.449219 0.0240741 0.0130208 0.0462963 0.320312
2 0.376563 0.5 0.148958 0.237037 0.35791
9 0.425781 0.0240741 0.0130208 0.0481481 0.371582
7 0.37526 0.499537 0.145313 0.236111 0.530762
2 0.377344 0.0662037 0.0651042 0.110185 0.777832
2 0.344271 0.644907 0.140625 0.228704 0.847168
2 0.422917 0.416667 0.10625 0.159259 0.851074
2 0.271615 0.779167 0.213021 0.356481 0.881836
2 0.939844 0.164815 0.120312 0.12963 0.890137
2 0.0651042 0.756481 0.129167 0.359259 0.900879
2 0.735156 0.163426 0.176563 0.130556 0.902832
2 0.194792 0.895833 0.298958 0.197222 0.91748
2 0.232552 0.456481 0.129688 0.172222 0.924316
2 0.138021 0.549537 0.186458 0.269444 0.936523
