2 0.378646 0.501389 0.151042 0.247222 0.364258
9 0.449219 0.0236111 0.0130208 0.0472222 0.520508
9 0.426042 0.0236111 0.0125 0.0472222 0.537598
7 0.376563 0.500463 0.144792 0.237963 0.621094
2 0.0299479 0.847222 0.0598958 0.305556 0.811035
2 0.168229 0.956481 0.276042 0.0833333 0.816895
2 0.419271 0.418981 0.103125 0.15463 0.868652
2 0.947656 0.16713 0.104687 0.132407 0.894043
2 0.76224 0.162963 0.178646 0.127778 0.908691
2 0.153906 0.572685 0.139062 0.20463 0.910645
2 0.223698 0.423611 0.147396 0.215741 0.913574
2 0.0848958 0.674537 0.169792 0.319444 0.921387
2 0.339063 0.647222 0.157292 0.233333 0.926758
