9 0.434896 0.0240741 0.03125 0.0481481 0.268555
0 0.702604 0.134722 0.0197917 0.0361111 0.268555
0 0.940104 0.1375 0.021875 0.0305556 0.292969
9 0.608333 0.0796296 0.0125 0.0722222 0.326904
9 0.45 0.0240741 0.0145833 0.0462963 0.444824
9 0.426302 0.0236111 0.0130208 0.0472222 0.459229
2 0.414062 0.405556 0.128125 0.211111 0.762695
2 0.383854 0.533796 0.117708 0.175 0.780762
2 0.331771 0.62963 0.188542 0.318519 0.885742
2 0.93125 0.164815 0.1375 0.12963 0.904297
2 0.721875 0.163426 0.177083 0.128704 0.905762
2 0.0770833 0.713426 0.154167 0.336111 0.90918
2 0.247656 0.833333 0.253646 0.32037 0.915527
2 0.231771 0.438889 0.110417 0.159259 0.916016
2 0.145833 0.542593 0.186458 0.264815 0.926758
