9 0.608333 0.0800926 0.0125 0.0712963 0.293457
0 0.940625 0.137037 0.0229167 0.0314815 0.309326
2 0.413021 0.415741 0.125 0.214815 0.387695
0 0.00859375 0.878241 0.0171875 0.241667 0.440186
7 0.4125 0.413889 0.122917 0.216667 0.775879
2 0.497396 0.0689815 0.053125 0.0824074 0.885742
2 0.375781 0.547222 0.123438 0.201852 0.887207
2 0.93125 0.164815 0.1375 0.12963 0.90332
2 0.233594 0.444907 0.115104 0.165741 0.907715
2 0.721875 0.1625 0.177083 0.128704 0.908691
2 0.0773437 0.714815 0.153646 0.337037 0.913574
2 0.196094 0.887963 0.292188 0.211111 0.915527
2 0.145573 0.543519 0.185937 0.268519 0.928223
2 0.310417 0.689352 0.195833 0.326852 0.932617
