9 0.608333 0.0800926 0.0125 0.0712963 0.327637
7 0.0263021 0.0111111 0.0515625 0.0222222 0.412354
0 0.907812 0.134259 0.0239583 0.037037 0.45752
2 0.41224 0.434722 0.107813 0.169444 0.875
2 0.0747396 0.724074 0.149479 0.344444 0.881348
2 0.363021 0.537037 0.157292 0.262963 0.894043
2 0.489323 0.106481 0.0609375 0.0907407 0.897949
2 0.916146 0.165278 0.167708 0.126852 0.899902
2 0.13099 0.609259 0.146354 0.22037 0.900879
2 0.723698 0.175 0.139062 0.105556 0.910156
2 0.215104 0.440741 0.154167 0.224074 0.932129
