9 0.449219 0.0236111 0.0130208 0.0472222 0.411865
2 0.376302 0.501389 0.144271 0.237963 0.44043
9 0.425781 0.0231481 0.0130208 0.0462963 0.45166
7 0.375521 0.499537 0.145833 0.234259 0.480469
2 0.348958 0.137037 0.078125 0.12963 0.795898
2 0.422396 0.416667 0.10625 0.159259 0.869141
2 0.05 0.806944 0.1 0.375 0.877441
2 0.274219 0.693056 0.218229 0.273148 0.884766
2 0.940625 0.163889 0.11875 0.12963 0.895508
2 0.193229 0.863889 0.298958 0.261111 0.898438
2 0.352083 0.644907 0.125 0.228704 0.899414
2 0.23125 0.456481 0.132292 0.17037 0.918945
2 0.74401 0.1625 0.177604 0.128704 0.919922
2 0.129167 0.556019 0.192708 0.262037 0.934082
