9 0.435417 0.0240741 0.03125 0.0481481 0.256836
9 0.608333 0.0796296 0.0125 0.0722222 0.330322
9 0.45 0.0240741 0.0145833 0.0462963 0.410156
9 0.426302 0.0236111 0.0130208 0.0472222 0.42749
7 0.416406 0.40463 0.128646 0.218519 0.499756
2 0.415104 0.404167 0.128125 0.208333 0.744141
2 0.383854 0.536111 0.117708 0.181481 0.760254
2 0.331771 0.62963 0.188542 0.318519 0.882812
2 0.713281 0.1625 0.176563 0.134259 0.908691
2 0.0770833 0.713426 0.153125 0.334259 0.910156
2 0.923437 0.166204 0.153125 0.132407 0.910645
2 0.248177 0.832407 0.255729 0.32037 0.915039
2 0.231771 0.438889 0.110417 0.159259 0.917969
2 0.145833 0.542593 0.186458 0.264815 0.927734
