2 0.0151042 0.839352 0.0302083 0.313889 0.313965
2 0.381771 0.503704 0.159375 0.251852 0.336426
9 0.44974 0.0240741 0.0140625 0.0481481 0.587891
9 0.426302 0.024537 0.0140625 0.0490741 0.647949
7 0.377083 0.506481 0.148958 0.248148 0.850586
2 0.421615 0.420833 0.104687 0.15463 0.871094
2 0.0752604 0.711574 0.150521 0.337963 0.885742
2 0.947656 0.166667 0.104687 0.131481 0.904785
2 0.32526 0.683333 0.160938 0.240741 0.908203
2 0.761719 0.162037 0.176563 0.12963 0.910645
2 0.221094 0.424537 0.148438 0.212037 0.921387
2 0.149219 0.573611 0.149479 0.206481 0.926758
