9 0.449219 0.0236111 0.0130208 0.0472222 0.371094
0 0.725781 0.13287 0.0223958 0.0435185 0.418701
9 0.426042 0.0231481 0.0125 0.0462963 0.42041
2 0.375521 0.499537 0.144792 0.236111 0.49585
2 0.350521 0.134722 0.078125 0.130556 0.666016
2 0.422396 0.416667 0.10625 0.159259 0.868652
2 0.278125 0.705093 0.214583 0.273148 0.878418
2 0.940625 0.164352 0.11875 0.130556 0.89502
2 0.349479 0.646296 0.130208 0.233333 0.902832
2 0.0518229 0.806019 0.103646 0.373148 0.905762
2 0.196875 0.868519 0.304167 0.251852 0.909668
2 0.74401 0.162037 0.177604 0.12963 0.919922
2 0.23125 0.456944 0.132292 0.169444 0.921387
2 0.129688 0.55463 0.192708 0.272222 0.929199
