9 0.436458 0.0236111 0.0333333 0.0472222 0.290527
9 0.608333 0.0847222 0.0125 0.0601852 0.29248
0 0.907812 0.134259 0.0239583 0.037037 0.44043
9 0.449219 0.0236111 0.0151042 0.0453704 0.503906
2 0.376302 0.500926 0.153646 0.25 0.586426
9 0.426042 0.0236111 0.0125 0.0472222 0.595703
2 0.415625 0.421296 0.105208 0.144444 0.673828
2 0.916146 0.165278 0.167708 0.126852 0.897461
2 0.0734375 0.724074 0.146875 0.348148 0.906738
2 0.709896 0.175 0.1375 0.103704 0.915039
2 0.215625 0.435648 0.15 0.217593 0.928223
2 0.139323 0.593056 0.150521 0.212037 0.93457
