0 0.833854 0.131944 0.021875 0.0287037 0.277588
3 0.0151042 0.870833 0.0302083 0.256481 0.315674
0 0.796094 0.135648 0.0223958 0.0361111 0.341309
9 0.426042 0.0236111 0.0125 0.0472222 0.39624
9 0.449219 0.0236111 0.0130208 0.0472222 0.398926
2 0.375 0.506019 0.15 0.249074 0.575684
2 0.41875 0.420833 0.107292 0.147222 0.816406
2 0.0734375 0.719907 0.146875 0.337963 0.890137
2 0.81224 0.163889 0.179688 0.12963 0.899414
2 0.401302 0.173611 0.138021 0.106481 0.90625
2 0.21875 0.433333 0.15 0.22037 0.92627
2 0.139323 0.593982 0.150521 0.212037 0.933105
