9 0.436458 0.0236111 0.034375 0.0472222 0.284668
0 0.727604 0.135185 0.025 0.0351852 0.311768
2 0.378385 0.501389 0.150521 0.24537 0.362549
9 0.449219 0.0240741 0.0140625 0.0462963 0.521973
9 0.426302 0.0240741 0.0130208 0.0462963 0.53125
7 0.376302 0.500463 0.144271 0.237963 0.569336
2 0.0299479 0.843982 0.0598958 0.306481 0.854492
2 0.420312 0.419444 0.10625 0.155556 0.874512
2 0.947396 0.168056 0.103125 0.132407 0.89209
2 0.342969 0.64537 0.143229 0.22963 0.904785
2 0.75 0.162963 0.178125 0.12963 0.905762
2 0.223698 0.421296 0.148438 0.211111 0.90625
2 0.0848958 0.673611 0.169792 0.315741 0.906738
2 0.153906 0.572222 0.139062 0.205556 0.906738
2 0.267969 0.8 0.218229 0.37037 0.916992
