2 0.378385 0.500463 0.150521 0.243519 0.373047
9 0.449219 0.0236111 0.0130208 0.0472222 0.464111
9 0.426042 0.0231481 0.0125 0.0462963 0.512695
7 0.376302 0.499537 0.144271 0.237963 0.536133
2 0.0296875 0.843056 0.059375 0.306481 0.851562
2 0.420573 0.419907 0.105729 0.156481 0.875488
2 0.344271 0.645833 0.140625 0.230556 0.896973
2 0.940625 0.164815 0.11875 0.12963 0.901367
2 0.224219 0.420833 0.149479 0.212037 0.907227
2 0.74974 0.1625 0.177604 0.130556 0.907715
2 0.154167 0.572685 0.138542 0.20463 0.90918
2 0.0848958 0.673611 0.169792 0.315741 0.919922
2 0.273438 0.783333 0.214583 0.364815 0.92041
