2 0.382031 0.50787 0.158854 0.267593 0.431641
9 0.448958 0.0236111 0.0125 0.0472222 0.439697
9 0.425781 0.0231481 0.0130208 0.0462963 0.513184
7 0.377083 0.518981 0.147917 0.276852 0.568359
2 0.0302083 0.843518 0.0604167 0.311111 0.816895
2 0.345313 0.676389 0.141667 0.291667 0.843262
2 0.422656 0.41713 0.103646 0.156481 0.869141
2 0.939844 0.165278 0.120312 0.130556 0.89502
2 0.155729 0.566667 0.1375 0.203704 0.916992
2 0.74401 0.1625 0.177604 0.128704 0.917969
2 0.272656 0.78287 0.213021 0.369444 0.922852
2 0.0851562 0.674074 0.170312 0.318519 0.92627
2 0.245573 0.380556 0.131771 0.194444 0.928711
