0 0.940625 0.1375 0.0229167 0.0305556 0.276855
0 0.715625 0.135648 0.0197917 0.0342593 0.349854
0 0.00859375 0.878704 0.0171875 0.242593 0.412354
9 0.449219 0.0236111 0.0130208 0.0472222 0.457031
9 0.426042 0.0236111 0.0125 0.0472222 0.48584
2 0.376823 0.50787 0.145313 0.250926 0.612305
2 0.422396 0.409259 0.103125 0.155556 0.836426
2 0.273958 0.761111 0.214583 0.335185 0.875488
2 0.344271 0.646759 0.138542 0.232407 0.877441
2 0.93125 0.164352 0.1375 0.128704 0.904785
2 0.735156 0.162963 0.176563 0.12963 0.90625
2 0.0770833 0.712963 0.154167 0.335185 0.913574
2 0.232552 0.452315 0.121354 0.169444 0.914062
2 0.197135 0.888889 0.301562 0.211111 0.92334
2 0.145833 0.5375 0.186458 0.25463 0.926758
