2 0.378906 0.501389 0.151562 0.247222 0.36084
9 0.449219 0.0236111 0.0130208 0.0472222 0.50293
9 0.426042 0.0236111 0.0125 0.0472222 0.532227
7 0.376563 0.500463 0.144792 0.237963 0.629395
2 0.0302083 0.843518 0.0604167 0.312963 0.807129
2 0.41901 0.419444 0.103646 0.155556 0.865723
2 0.947656 0.16713 0.104687 0.132407 0.893066
2 0.176042 0.928704 0.283333 0.133333 0.902344
2 0.761979 0.163426 0.176042 0.128704 0.905762
2 0.153906 0.573148 0.139062 0.205556 0.916016
2 0.223958 0.424537 0.147917 0.217593 0.916016
2 0.0848958 0.674537 0.169792 0.319444 0.921387
2 0.339323 0.647222 0.157813 0.233333 0.930176
