9 0.436458 0.0236111 0.0333333 0.0472222 0.2854
0 0.740104 0.135185 0.0239583 0.037037 0.310791
2 0.0148437 0.840278 0.0296875 0.313889 0.362061
2 0.38125 0.506019 0.158333 0.256481 0.415283
9 0.449219 0.0236111 0.0140625 0.0472222 0.541016
9 0.426302 0.0236111 0.0130208 0.0472222 0.569336
7 0.376823 0.509259 0.148438 0.255556 0.727051
2 0.421615 0.420833 0.104687 0.152778 0.874512
2 0.947656 0.16713 0.104687 0.132407 0.89502
2 0.761719 0.163426 0.176563 0.128704 0.899902
2 0.0807292 0.691667 0.160417 0.327778 0.92041
2 0.221094 0.427315 0.148438 0.217593 0.920898
2 0.333854 0.654167 0.153125 0.232407 0.930176
2 0.151562 0.573611 0.14375 0.206481 0.930664
