2 0.0192708 0.0175926 0.0385417 0.0351852 0.277588
9 0.438021 0.0240741 0.034375 0.0481481 0.30249
2 0.378906 0.502778 0.150521 0.246296 0.325928
9 0.44974 0.024537 0.0151042 0.0490741 0.635254
9 0.426042 0.0236111 0.0125 0.0472222 0.646973
7 0.376042 0.500463 0.14375 0.237963 0.657227
2 0.0299479 0.833796 0.0598958 0.330556 0.796875
2 0.421354 0.421759 0.105208 0.15463 0.852539
2 0.947656 0.16713 0.104687 0.132407 0.893555
2 0.76224 0.162963 0.178646 0.127778 0.90918
2 0.221615 0.425 0.147396 0.212963 0.919922
2 0.154167 0.572685 0.138542 0.20463 0.920898
2 0.0848958 0.675 0.169792 0.32037 0.924316
2 0.338542 0.647222 0.155208 0.235185 0.924805
