9 0.608333 0.0800926 0.0125 0.0712963 0.282471
7 0.0239583 0.012037 0.0479167 0.0240741 0.371826
0 0.907812 0.134722 0.0239583 0.0361111 0.429932
2 0.411979 0.435185 0.107292 0.17037 0.846191
2 0.365365 0.533333 0.154687 0.262963 0.880371
2 0.490365 0.100926 0.0588542 0.0907407 0.885742
2 0.0747396 0.724537 0.149479 0.34537 0.890625
2 0.916146 0.165278 0.167708 0.126852 0.899414
2 0.13099 0.608333 0.146354 0.218519 0.90918
2 0.723698 0.175 0.139062 0.105556 0.910645
2 0.215625 0.440278 0.154167 0.223148 0.930176
