0 0.711458 0.136574 0.025 0.0361111 0.282959
9 0.448698 0.0240741 0.0130208 0.0462963 0.346924
2 0.376823 0.503704 0.150521 0.246296 0.362061
9 0.426302 0.0240741 0.0130208 0.0481481 0.407959
7 0.37526 0.499074 0.145313 0.235185 0.570801
2 0.371094 0.0777778 0.0671875 0.114815 0.790039
2 0.422135 0.416667 0.106771 0.159259 0.85498
2 0.344792 0.644907 0.140625 0.228704 0.855957
2 0.272135 0.780556 0.215104 0.357407 0.88623
2 0.939844 0.163889 0.120312 0.12963 0.894043
2 0.0640625 0.760648 0.127083 0.358333 0.90332
2 0.734896 0.163426 0.177083 0.130556 0.905273
2 0.19375 0.895833 0.297917 0.197222 0.91748
2 0.232812 0.456481 0.130208 0.172222 0.923828
2 0.136719 0.551852 0.189063 0.27037 0.935059
