9 0.436719 0.0240741 0.0359375 0.0481481 0.289551
0 0.907031 0.134722 0.0234375 0.0361111 0.391602
9 0.608333 0.0800926 0.0125 0.0712963 0.458496
9 0.45 0.0240741 0.0135417 0.0462963 0.462158
9 0.426302 0.0236111 0.0130208 0.0472222 0.477783
2 0.472917 0.18287 0.0708333 0.108333 0.890137
2 0.916146 0.165278 0.167708 0.126852 0.900879
2 0.411719 0.438426 0.114063 0.162037 0.904785
2 0.723698 0.175 0.138021 0.105556 0.908203
2 0.0609375 0.777778 0.121875 0.368519 0.909668
2 0.333594 0.614352 0.174479 0.291667 0.915039
2 0.207292 0.443519 0.152083 0.214815 0.931152
2 0.125521 0.608333 0.157292 0.216667 0.931641
