2 0.908854 0.138889 0.140625 0.0574074 0.343506
0 0.907292 0.134259 0.025 0.0351852 0.475098
9 0.426302 0.0236111 0.0130208 0.0472222 0.480469
9 0.44974 0.024537 0.0151042 0.0472222 0.589844
2 0.373698 0.087037 0.0661458 0.114815 0.827148
2 0.916406 0.164815 0.167187 0.125926 0.895996
2 0.734375 0.174537 0.139583 0.102778 0.914551
2 0.201562 0.460185 0.159375 0.233333 0.922363
2 0.110156 0.625926 0.171354 0.22037 0.927246
2 0.41875 0.413426 0.107292 0.15463 0.929688
2 0.354688 0.594444 0.144792 0.211111 0.933105
