9 0.435677 0.0236111 0.0328125 0.0472222 0.300537
0 0.907031 0.134722 0.0234375 0.0361111 0.419678
9 0.608333 0.0805556 0.0125 0.0703704 0.421387
9 0.45 0.0240741 0.0145833 0.0462963 0.498779
9 0.426302 0.0236111 0.0140625 0.0472222 0.508789
2 0.0127604 0.872222 0.0255208 0.251852 0.560547
2 0.916146 0.165278 0.167708 0.126852 0.899414
2 0.458854 0.248148 0.078125 0.122222 0.907715
2 0.724219 0.175463 0.138021 0.106481 0.90918
2 0.266406 0.804167 0.228646 0.371296 0.911133
2 0.410937 0.443056 0.113542 0.171296 0.922363
2 0.208854 0.447222 0.154167 0.224074 0.931152
2 0.121354 0.609259 0.165625 0.22037 0.931641
