9 0.426042 0.0231481 0.0125 0.0462963 0.374512
2 0.379687 0.504167 0.154167 0.249074 0.403564
9 0.448698 0.0236111 0.0130208 0.0472222 0.410156
7 0.376042 0.507407 0.145833 0.25 0.540039
2 0.0299479 0.84537 0.0598958 0.305556 0.834473
2 0.344792 0.643519 0.138542 0.225926 0.835938
2 0.422656 0.417593 0.103646 0.157407 0.875
2 0.939583 0.164352 0.11875 0.130556 0.894531
2 0.186979 0.912963 0.2875 0.162963 0.900879
2 0.27526 0.780093 0.216146 0.363889 0.905762
2 0.271094 0.33287 0.115104 0.186111 0.916504
2 0.173438 0.528704 0.142708 0.194444 0.916504
2 0.74401 0.1625 0.177604 0.130556 0.918945
2 0.0848958 0.674537 0.169792 0.317593 0.929199
