9 0.4375 0.0236111 0.0364583 0.0472222 0.276611
0 0.907031 0.1375 0.0234375 0.0342593 0.331543
2 0.0104167 0.0231481 0.0208333 0.0462963 0.380859
9 0.608333 0.0810185 0.0125 0.0694444 0.456055
9 0.426302 0.0236111 0.0130208 0.0472222 0.466064
9 0.449479 0.0236111 0.0135417 0.0472222 0.483154
2 0.363542 0.123148 0.0729167 0.124074 0.597656
2 0.916406 0.164815 0.167187 0.125926 0.899414
2 0.733854 0.174537 0.138542 0.102778 0.916504
2 0.0765625 0.711111 0.152083 0.248148 0.923828
2 0.202083 0.462037 0.161458 0.233333 0.931152
2 0.319271 0.69537 0.163542 0.240741 0.935059
2 0.420052 0.41713 0.108854 0.160185 0.936523
