0 0.915625 0.136111 0.0229167 0.0314815 0.258545
9 0.608333 0.0796296 0.0125 0.0722222 0.346191
9 0.449479 0.0236111 0.0135417 0.0472222 0.378662
9 0.426042 0.0236111 0.0125 0.0472222 0.391113
2 0.420052 0.400463 0.131771 0.208333 0.616211
2 0.383854 0.544444 0.11875 0.192593 0.751465
2 0.331771 0.630093 0.188542 0.315741 0.869629
2 0.713021 0.162963 0.178125 0.131481 0.905273
2 0.0768229 0.713426 0.153646 0.336111 0.908203
2 0.919792 0.166204 0.160417 0.132407 0.909668
2 0.248177 0.832407 0.255729 0.32037 0.914062
2 0.233333 0.433333 0.110417 0.161111 0.915039
2 0.145833 0.542593 0.186458 0.264815 0.927734
