9 0.434115 0.0240741 0.0296875 0.0481481 0.275146
0 0.940104 0.1375 0.021875 0.0305556 0.295654
9 0.608333 0.0796296 0.0125 0.0740741 0.360107
7 0.416406 0.403704 0.128646 0.218519 0.442139
9 0.45 0.0240741 0.0145833 0.0462963 0.469971
9 0.426302 0.0236111 0.0130208 0.0472222 0.482666
2 0.383594 0.532407 0.118229 0.172222 0.697754
2 0.417188 0.404167 0.128125 0.208333 0.777832
2 0.333854 0.627315 0.192708 0.323148 0.873535
2 0.93125 0.164815 0.1375 0.12963 0.904297
2 0.71849 0.1625 0.175521 0.128704 0.907715
2 0.0768229 0.713889 0.153646 0.335185 0.910156
2 0.248177 0.832407 0.255729 0.32037 0.915039
2 0.231771 0.438889 0.110417 0.159259 0.916992
2 0.145833 0.542593 0.186458 0.264815 0.926758
