0 0.00859375 0.880556 0.0171875 0.238889 0.269043
9 0.608333 0.0796296 0.0125 0.0722222 0.276855
9 0.426042 0.0231481 0.0125 0.0462963 0.393555
9 0.449479 0.0236111 0.0135417 0.0472222 0.416016
2 0.420312 0.399537 0.13125 0.206481 0.687988
2 0.383073 0.533333 0.119271 0.177778 0.826172
2 0.332031 0.631481 0.188021 0.314815 0.885254
2 0.710938 0.163426 0.178125 0.130556 0.901367
2 0.0770833 0.712963 0.153125 0.335185 0.906738
2 0.919792 0.166204 0.160417 0.132407 0.910156
2 0.248177 0.832407 0.255729 0.322222 0.914062
2 0.2375 0.422222 0.110417 0.159259 0.91748
2 0.145833 0.542593 0.186458 0.264815 0.926758
