2 0.0286458 0.012963 0.040625 0.0259259 0.26001
9 0.608333 0.0787037 0.0125 0.0740741 0.275146
9 0.45 0.0240741 0.0145833 0.0462963 0.291992
0 0.00859375 0.893056 0.0171875 0.213889 0.328125
9 0.426302 0.0240741 0.0130208 0.0462963 0.350098
0 0.381771 0.208333 0.021875 0.037037 0.36084
2 0.36224 0.233333 0.207813 0.146296 0.865234
2 0.386719 0.531482 0.122396 0.188889 0.871582
2 0.0776042 0.711574 0.155208 0.337963 0.890137
2 0.421094 0.397222 0.129688 0.209259 0.892578
2 0.702865 0.163889 0.178646 0.131481 0.90332
2 0.331771 0.631019 0.1875 0.315741 0.905273
2 0.919792 0.166204 0.160417 0.132407 0.911133
2 0.270052 0.343981 0.0973958 0.137963 0.916504
2 0.248437 0.832407 0.255208 0.322222 0.916504
2 0.17526 0.494907 0.169271 0.247222 0.926758
