0 0.724479 0.13287 0.0239583 0.0416667 0.369385
9 0.426042 0.0231481 0.0125 0.0462963 0.412354
9 0.448698 0.0236111 0.0130208 0.0472222 0.415771
2 0.38125 0.506481 0.15625 0.255556 0.42627
7 0.377083 0.511111 0.146875 0.259259 0.53125
2 0.0296875 0.838889 0.059375 0.318519 0.815918
2 0.344792 0.666204 0.139583 0.271296 0.816406
2 0.422656 0.417593 0.103646 0.157407 0.877441
2 0.939844 0.164815 0.120312 0.12963 0.894043
2 0.195312 0.899537 0.273958 0.191667 0.899902
2 0.273698 0.777778 0.211979 0.359259 0.901855
2 0.278125 0.3125 0.1125 0.193519 0.90332
2 0.0856771 0.669907 0.171354 0.313889 0.914551
2 0.74401 0.1625 0.177604 0.130556 0.919922
2 0.182031 0.513426 0.140104 0.189815 0.929199
