9 0.43724 0.025 0.0401042 0.0481481 0.256348
9 0.608333 0.0800926 0.0125 0.0712963 0.420166
0 0.907031 0.134722 0.0234375 0.0361111 0.421387
9 0.45 0.024537 0.0145833 0.0472222 0.577637
9 0.426302 0.025 0.0140625 0.0481481 0.667969
2 0.916146 0.165278 0.167708 0.126852 0.900391
2 0.445052 0.318981 0.0890625 0.134259 0.902344
2 0.723698 0.175 0.139062 0.105556 0.912598
2 0.400521 0.469444 0.119792 0.175926 0.916992
2 0.121615 0.610185 0.165104 0.22037 0.92334
2 0.208594 0.448148 0.154687 0.225926 0.930664
