2 0.0179687 0.0171296 0.0359375 0.0342593 0.251709
9 0.436458 0.0236111 0.034375 0.0472222 0.282959
2 0.378385 0.502315 0.150521 0.247222 0.365723
9 0.449219 0.0240741 0.0140625 0.0462963 0.512207
9 0.426302 0.0240741 0.0130208 0.0462963 0.526367
7 0.376302 0.500926 0.144271 0.238889 0.554199
2 0.0299479 0.843518 0.0598958 0.305556 0.857422
2 0.420312 0.419907 0.10625 0.156481 0.875977
2 0.947656 0.166667 0.104687 0.131481 0.896484
2 0.74974 0.1625 0.177604 0.130556 0.901367
2 0.342187 0.64537 0.142708 0.22963 0.905762
2 0.153906 0.571759 0.139062 0.20463 0.90625
2 0.0848958 0.673611 0.169792 0.315741 0.908203
2 0.223698 0.421759 0.148438 0.212037 0.908691
2 0.267969 0.800463 0.216146 0.373148 0.916992
