0 0.717708 0.134259 0.0166667 0.0351852 0.260986
2 0.376563 0.500463 0.148958 0.237963 0.365723
7 0.37526 0.5 0.145313 0.237037 0.525879
2 0.34401 0.644907 0.140104 0.228704 0.851074
2 0.422396 0.416667 0.10625 0.159259 0.855957
2 0.378125 0.062037 0.0635417 0.109259 0.859375
2 0.272917 0.780556 0.215625 0.359259 0.881348
2 0.939844 0.164352 0.120312 0.130556 0.891602
2 0.0658854 0.751852 0.130729 0.355556 0.897949
2 0.735156 0.163889 0.176563 0.12963 0.90332
2 0.19349 0.895833 0.297396 0.197222 0.915527
2 0.232552 0.456481 0.129688 0.172222 0.925293
2 0.138281 0.55 0.185937 0.268519 0.937012
