0 0.94375 0.137963 0.025 0.0314815 0.321777
0 0.716406 0.135648 0.0182292 0.0342593 0.374023
7 0.396875 0.0337963 0.0541667 0.0675926 0.483154
2 0.396615 0.0337963 0.0536458 0.0675926 0.504395
2 0.375521 0.500926 0.144792 0.237037 0.520996
2 0.422135 0.416667 0.106771 0.159259 0.832031
2 0.34401 0.64537 0.140104 0.22963 0.878906
2 0.273438 0.780556 0.21875 0.357407 0.886719
2 0.932292 0.164815 0.135417 0.127778 0.897949
2 0.0744792 0.713889 0.148958 0.333333 0.904785
2 0.735156 0.162963 0.176563 0.12963 0.907227
2 0.194271 0.89537 0.298958 0.198148 0.917969
2 0.233854 0.456481 0.128125 0.172222 0.922363
2 0.145052 0.543519 0.186979 0.262963 0.924316
