9 0.436719 0.0236111 0.0348958 0.0472222 0.295166
9 0.608333 0.0800926 0.0125 0.0712963 0.422852
0 0.907812 0.134259 0.0239583 0.037037 0.451172
9 0.449479 0.0240741 0.0135417 0.0462963 0.496094
9 0.426302 0.0236111 0.0130208 0.0472222 0.498779
2 0.916406 0.164352 0.167187 0.126852 0.898438
2 0.723698 0.175 0.138021 0.105556 0.908203
2 0.0494792 0.811574 0.0989583 0.369444 0.908691
2 0.467969 0.203704 0.0723958 0.112963 0.910645
2 0.411719 0.440741 0.114063 0.166667 0.913086
2 0.319792 0.65463 0.189583 0.303704 0.927246
2 0.122656 0.608796 0.164062 0.219444 0.931152
2 0.208594 0.441204 0.154687 0.210185 0.932617
