9 0.449219 0.0236111 0.0130208 0.0472222 0.358643
7 0.375781 0.498611 0.145313 0.234259 0.375244
9 0.426042 0.0236111 0.0125 0.0472222 0.375488
2 0.376042 0.499537 0.145833 0.236111 0.492676
2 0.0302083 0.844444 0.0604167 0.307407 0.861816
2 0.422135 0.418056 0.104687 0.158333 0.87207
2 0.344792 0.643519 0.139583 0.227778 0.874512
2 0.940625 0.164352 0.11875 0.130556 0.896973
2 0.297656 0.27037 0.102604 0.17037 0.902344
2 0.197135 0.891667 0.282813 0.205556 0.910645
2 0.277083 0.781482 0.219792 0.366667 0.912109
2 0.74401 0.1625 0.177604 0.128704 0.919922
2 0.203646 0.481019 0.135417 0.180556 0.929199
2 0.0911458 0.648611 0.18125 0.312037 0.933594
