0 0.740625 0.134259 0.0239583 0.037037 0.27417
9 0.435937 0.0236111 0.0333333 0.0472222 0.288574
2 0.0148437 0.843056 0.0296875 0.308333 0.342041
2 0.38125 0.505556 0.158333 0.255556 0.414795
9 0.449219 0.0236111 0.0130208 0.0472222 0.539062
9 0.426302 0.0236111 0.0130208 0.0472222 0.572266
7 0.376823 0.508333 0.148438 0.253704 0.723633
2 0.421615 0.42037 0.104687 0.153704 0.875
2 0.947396 0.16713 0.105208 0.132407 0.895508
2 0.761719 0.163426 0.176563 0.128704 0.903809
2 0.221094 0.426389 0.148438 0.215741 0.918945
2 0.0804688 0.693519 0.159896 0.327778 0.92627
2 0.333594 0.656944 0.153646 0.232407 0.929199
2 0.151562 0.573148 0.14375 0.207407 0.929199
