9 0.4375 0.0240741 0.0364583 0.0481481 0.30957
0 0.907812 0.134259 0.0239583 0.037037 0.452637
9 0.426302 0.0236111 0.0130208 0.0472222 0.530762
9 0.44974 0.025 0.0151042 0.0462963 0.535645
2 0.482292 0.137963 0.0645833 0.0981481 0.873047
2 0.0721354 0.725463 0.144271 0.34537 0.893555
2 0.916146 0.165278 0.167708 0.126852 0.898926
2 0.349479 0.574537 0.164583 0.278704 0.902832
2 0.411458 0.436111 0.109375 0.161111 0.905762
2 0.723698 0.175 0.138021 0.105556 0.907715
2 0.13125 0.608333 0.146875 0.216667 0.923828
2 0.209115 0.448148 0.153646 0.225926 0.930176
