7 0.350521 0.1875 0.0854167 0.14537 0.264893
9 0.434896 0.0236111 0.03125 0.0472222 0.310059
9 0.608333 0.0805556 0.0125 0.0703704 0.453125
0 0.90625 0.131019 0.0229167 0.037963 0.496582
9 0.45 0.0240741 0.0135417 0.0462963 0.533691
9 0.426302 0.0236111 0.0130208 0.0472222 0.548828
2 0.349479 0.186111 0.0833333 0.144444 0.655762
2 0.021875 0.873611 0.04375 0.249074 0.729492
2 0.916667 0.158333 0.166667 0.135185 0.895508
2 0.245052 0.880556 0.213021 0.231481 0.914551
2 0.733854 0.174537 0.138542 0.102778 0.916992
2 0.201562 0.462037 0.161458 0.233333 0.929199
2 0.420312 0.416667 0.109375 0.159259 0.932617
