0 0.726823 0.133796 0.0234375 0.0361111 0.291016
9 0.438021 0.0240741 0.034375 0.0481481 0.29834
2 0.377865 0.5 0.149479 0.240741 0.366699
7 0.376302 0.499537 0.144271 0.236111 0.527832
9 0.44974 0.024537 0.0151042 0.0490741 0.633789
9 0.426042 0.0236111 0.0125 0.0472222 0.648438
2 0.344271 0.657407 0.139583 0.253704 0.827148
2 0.0302083 0.843982 0.0604167 0.306481 0.855957
2 0.420573 0.418981 0.105729 0.15463 0.871582
2 0.940625 0.164352 0.11875 0.130556 0.895508
2 0.74974 0.1625 0.177604 0.130556 0.901855
2 0.223698 0.42037 0.148438 0.209259 0.907227
2 0.273958 0.781482 0.214583 0.366667 0.907715
2 0.154167 0.572685 0.138542 0.20463 0.910645
2 0.0851562 0.674074 0.170312 0.316667 0.921875
