9 0.608333 0.0800926 0.0125 0.0712963 0.253906
0 0.940104 0.137037 0.021875 0.0314815 0.302002
0 0.703646 0.134259 0.0177083 0.0351852 0.303955
0 0.173438 0.852778 0.0583333 0.0703704 0.355469
2 0.41224 0.415741 0.124479 0.214815 0.401123
0 0.00859375 0.878704 0.0171875 0.242593 0.408936
7 0.4125 0.414815 0.122917 0.218519 0.774414
2 0.500781 0.0564815 0.0526042 0.0796296 0.818848
2 0.233594 0.446759 0.115104 0.169444 0.876465
2 0.377344 0.546759 0.124479 0.202778 0.889648
2 0.93125 0.164815 0.1375 0.12963 0.903809
2 0.721875 0.1625 0.177083 0.128704 0.90625
2 0.2 0.884722 0.29375 0.219444 0.90918
2 0.0773437 0.713426 0.153646 0.336111 0.915527
2 0.145052 0.543056 0.184896 0.267593 0.927734
2 0.311719 0.683333 0.191146 0.324074 0.929199
