0 0.906771 0.137037 0.021875 0.037037 0.278076
9 0.436719 0.0236111 0.0348958 0.0472222 0.294434
9 0.608333 0.0805556 0.0125 0.0703704 0.463135
7 0.359896 0.141667 0.075 0.131481 0.483154
9 0.426302 0.0236111 0.0130208 0.0472222 0.51709
9 0.449479 0.0236111 0.0135417 0.0472222 0.520508
2 0.359375 0.141667 0.0760417 0.133333 0.635742
2 0.0153646 0.0222222 0.0307292 0.0444444 0.6875
2 0.916406 0.164352 0.167187 0.128704 0.903809
2 0.733854 0.174537 0.138542 0.102778 0.916016
2 0.0627604 0.766667 0.125521 0.27037 0.923828
2 0.299219 0.75787 0.176563 0.263889 0.929199
2 0.201562 0.462037 0.161458 0.233333 0.931641
2 0.420312 0.41713 0.109375 0.160185 0.934082
