0 0.940104 0.1375 0.021875 0.0324074 0.297852
9 0.608333 0.0791667 0.0125 0.0731481 0.33252
9 0.45 0.0240741 0.0145833 0.0462963 0.455078
9 0.426302 0.0236111 0.0130208 0.0472222 0.481934
7 0.416406 0.405556 0.128646 0.224074 0.519531
2 0.383073 0.537037 0.118229 0.17963 0.665039
2 0.417188 0.406481 0.128125 0.212963 0.763184
2 0.333854 0.627315 0.192708 0.323148 0.868164
2 0.93125 0.164815 0.1375 0.12963 0.904297
2 0.0770833 0.713426 0.153125 0.334259 0.907715
2 0.720312 0.1625 0.176042 0.128704 0.914062
2 0.248437 0.832407 0.255208 0.32037 0.915039
2 0.232031 0.439352 0.110937 0.160185 0.91748
2 0.145833 0.542593 0.186458 0.264815 0.927246
