9 0.608333 0.0796296 0.0125 0.0722222 0.337158
9 0.44974 0.0236111 0.0140625 0.0472222 0.432861
9 0.426042 0.0236111 0.0125 0.0472222 0.438477
2 0.419792 0.401389 0.130208 0.208333 0.677734
2 0.383594 0.531944 0.118229 0.169444 0.746582
2 0.333333 0.62963 0.191667 0.318519 0.869141
2 0.231771 0.436574 0.109375 0.160185 0.891602
2 0.713281 0.162963 0.177604 0.131481 0.903809
2 0.0770833 0.713426 0.154167 0.336111 0.90625
2 0.919792 0.166204 0.160417 0.132407 0.909668
2 0.248177 0.832407 0.255729 0.322222 0.914551
2 0.145833 0.542593 0.186458 0.264815 0.927734
