0 0.452865 0.431944 0.0265625 0.121296 0.279541
2 0.414062 0.422222 0.101042 0.142593 0.333008
0 0.907292 0.135185 0.025 0.037037 0.465088
9 0.448958 0.0231481 0.0125 0.0462963 0.467285
9 0.426042 0.0231481 0.0125 0.0462963 0.499023
2 0.377604 0.5 0.15625 0.255556 0.654785
2 0.916146 0.165741 0.167708 0.127778 0.899902
2 0.0734375 0.723611 0.146875 0.34537 0.912109
2 0.709896 0.175 0.1375 0.103704 0.916504
2 0.215625 0.436574 0.154167 0.221296 0.930176
2 0.139062 0.593056 0.151042 0.212037 0.935059
