0 0.0815104 0.206019 0.0151042 0.0361111 0.260254
9 0.45026 0.024537 0.0151042 0.0472222 0.484131
9 0.426042 0.025 0.0145833 0.0481481 0.589355
2 0.420052 0.398611 0.130729 0.208333 0.654785
2 0.386458 0.531018 0.123958 0.187963 0.860352
2 0.33125 0.63287 0.1875 0.312037 0.903809
2 0.703125 0.163889 0.179167 0.131481 0.903809
2 0.0885417 0.237037 0.177083 0.155556 0.909668
2 0.919792 0.166204 0.160417 0.132407 0.910645
2 0.0768229 0.713889 0.153646 0.335185 0.911621
2 0.24974 0.388889 0.106771 0.144444 0.915039
2 0.248437 0.833333 0.255208 0.322222 0.916992
2 0.149219 0.532407 0.180729 0.261111 0.933594
