9 0.435417 0.0240741 0.03125 0.0481481 0.294434
0 0.907031 0.134722 0.0234375 0.0361111 0.4375
9 0.608333 0.0805556 0.0125 0.0703704 0.449219
9 0.45 0.0236111 0.0145833 0.0472222 0.538086
9 0.426302 0.0236111 0.0130208 0.0472222 0.539062
2 0.230729 0.848611 0.259375 0.291667 0.76709
2 0.454688 0.27037 0.08125 0.127778 0.884766
2 0.916146 0.165278 0.167708 0.126852 0.899414
2 0.723698 0.175463 0.139062 0.106481 0.910156
2 0.410937 0.443519 0.113542 0.17037 0.92334
2 0.121354 0.609722 0.165625 0.221296 0.930176
2 0.208594 0.448611 0.154687 0.226852 0.930664
