0 0.726042 0.134259 0.021875 0.037037 0.313721
2 0.377865 0.503241 0.149479 0.24537 0.367432
9 0.449219 0.0236111 0.0130208 0.0472222 0.452637
9 0.426042 0.0236111 0.0125 0.0472222 0.495605
7 0.376042 0.501852 0.144792 0.240741 0.552246
2 0.0302083 0.843518 0.0604167 0.312963 0.830566
2 0.344792 0.64537 0.138542 0.22963 0.833008
2 0.422656 0.418056 0.104687 0.158333 0.870605
2 0.940625 0.164352 0.11875 0.130556 0.896484
2 0.153125 0.569444 0.1375 0.203704 0.908691
2 0.747135 0.163426 0.177604 0.128704 0.912598
2 0.275 0.781482 0.216667 0.366667 0.916992
2 0.240885 0.394907 0.135937 0.202778 0.922363
2 0.0851562 0.674537 0.170312 0.317593 0.925293
