0 0.705208 0.13287 0.015625 0.037963 0.313232
0 0.940625 0.137037 0.021875 0.0314815 0.318115
9 0.608333 0.0796296 0.0125 0.0722222 0.333252
9 0.45 0.0240741 0.0145833 0.0462963 0.454102
9 0.426302 0.0236111 0.0130208 0.0472222 0.483643
7 0.416406 0.405093 0.129688 0.221296 0.521973
2 0.383594 0.53287 0.118229 0.173148 0.664551
2 0.416927 0.406019 0.126563 0.210185 0.778809
2 0.334896 0.626852 0.194792 0.324074 0.870605
2 0.93125 0.164352 0.1375 0.128704 0.90332
2 0.722135 0.1625 0.177604 0.128704 0.90625
2 0.0768229 0.713426 0.153646 0.336111 0.908691
2 0.248177 0.832407 0.255729 0.322222 0.915039
2 0.232031 0.438889 0.110937 0.159259 0.916504
2 0.145833 0.54213 0.186458 0.265741 0.927734
