9 0.439323 0.0240741 0.0328125 0.0481481 0.295166
0 0.716146 0.135648 0.01875 0.0342593 0.349854
0 0.00859375 0.880093 0.0171875 0.239815 0.385254
2 0.376042 0.503241 0.14375 0.241667 0.445801
7 0.375521 0.501389 0.144792 0.237963 0.481689
9 0.426302 0.0240741 0.0130208 0.0462963 0.538086
9 0.44974 0.024537 0.0151042 0.0490741 0.566895
2 0.422917 0.416667 0.10625 0.159259 0.847168
2 0.348437 0.646759 0.13125 0.232407 0.895508
2 0.14375 0.533333 0.183333 0.246296 0.896484
2 0.0773437 0.711574 0.154687 0.332407 0.896973
2 0.735156 0.162963 0.176563 0.12963 0.904297
2 0.93125 0.163889 0.1375 0.127778 0.905762
2 0.233594 0.455556 0.127604 0.17037 0.908203
2 0.272656 0.698611 0.211979 0.263889 0.90918
2 0.197656 0.868056 0.305729 0.250926 0.91748
