9 0.434896 0.0240741 0.0302083 0.0481481 0.264648
0 0.940104 0.1375 0.021875 0.0305556 0.278809
9 0.608333 0.0796296 0.0125 0.0722222 0.330078
0 0.703646 0.133333 0.0177083 0.0351852 0.418701
9 0.45 0.0240741 0.0145833 0.0462963 0.444824
9 0.426302 0.0236111 0.0130208 0.0472222 0.45459
7 0.415885 0.405556 0.128646 0.222222 0.520508
2 0.383333 0.535185 0.117708 0.177778 0.70166
2 0.416927 0.406481 0.126563 0.212963 0.760742
2 0.333854 0.628704 0.192708 0.32037 0.869629
2 0.93125 0.164815 0.1375 0.12963 0.903809
2 0.0770833 0.712963 0.154167 0.335185 0.908203
2 0.721615 0.1625 0.177604 0.128704 0.90918
2 0.248177 0.832407 0.255729 0.322222 0.914551
2 0.231771 0.439815 0.111458 0.161111 0.916992
2 0.145833 0.542593 0.186458 0.264815 0.927734
