9 0.43776 0.025 0.0401042 0.0481481 0.27002
0 0.00598958 0.206019 0.0119792 0.0342593 0.292725
0 0.688802 0.135648 0.0171875 0.0324074 0.309082
9 0.45 0.024537 0.0145833 0.0472222 0.482666
9 0.426562 0.025 0.0145833 0.0481481 0.597168
2 0.420573 0.399537 0.130729 0.208333 0.649414
2 0.0497396 0.235648 0.0984375 0.156481 0.831543
2 0.386458 0.530556 0.122917 0.187037 0.870117
2 0.703125 0.163889 0.179167 0.131481 0.900879
2 0.33151 0.63287 0.188021 0.310185 0.90332
2 0.919792 0.166204 0.160417 0.132407 0.90918
2 0.248177 0.833333 0.255729 0.322222 0.913574
2 0.0770833 0.713889 0.153125 0.335185 0.914062
2 0.244531 0.403241 0.108854 0.15463 0.926758
2 0.145833 0.539815 0.182292 0.266667 0.931641
