0 0.740625 0.136111 0.0229167 0.0351852 0.30835
2 0.378125 0.500463 0.15 0.243519 0.367188
9 0.449219 0.0236111 0.0130208 0.0472222 0.533203
9 0.426042 0.0236111 0.0125 0.0472222 0.557617
7 0.376042 0.499537 0.14375 0.237963 0.601074
2 0.0302083 0.844907 0.0604167 0.308333 0.848633
2 0.420052 0.419444 0.104687 0.155556 0.875488
2 0.947656 0.166667 0.104687 0.131481 0.893555
2 0.761979 0.163426 0.179167 0.128704 0.90332
2 0.224219 0.423611 0.149479 0.215741 0.916992
2 0.153906 0.572685 0.139062 0.20463 0.91748
2 0.0848958 0.674537 0.169792 0.319444 0.919434
2 0.205208 0.878704 0.272917 0.233333 0.921875
2 0.338542 0.646296 0.15625 0.231481 0.92627
