0 0.702344 0.134259 0.0203125 0.037037 0.251709
9 0.608333 0.0791667 0.0125 0.0731481 0.262695
0 0.940625 0.137963 0.021875 0.0314815 0.273682
2 0.407813 0.435185 0.123958 0.244444 0.333252
0 0.00859375 0.880093 0.0171875 0.239815 0.368408
7 0.4125 0.413889 0.122917 0.216667 0.754395
2 0.233594 0.445833 0.114063 0.167593 0.888184
2 0.379687 0.544444 0.123958 0.196296 0.88916
2 0.503646 0.0412037 0.0489583 0.0731481 0.890137
2 0.93125 0.164815 0.1375 0.12963 0.904297
2 0.721875 0.1625 0.177083 0.128704 0.908691
2 0.207292 0.875926 0.2875 0.237037 0.916504
2 0.0773437 0.713426 0.153646 0.334259 0.916992
2 0.145313 0.542593 0.185417 0.266667 0.928223
2 0.316146 0.668056 0.188542 0.317593 0.935547
