0 0.940625 0.137963 0.021875 0.0314815 0.271729
0 0.00859375 0.875926 0.0171875 0.248148 0.372314
9 0.449219 0.0240741 0.0140625 0.0481481 0.541016
7 0.38151 0.503704 0.149479 0.257407 0.572754
9 0.426302 0.024537 0.0140625 0.0490741 0.60498
2 0.346094 0.646296 0.145313 0.22963 0.878418
2 0.274219 0.777778 0.219271 0.346296 0.891602
2 0.433594 0.368519 0.0963542 0.144444 0.892578
2 0.727344 0.163889 0.178646 0.12963 0.904297
2 0.93125 0.164815 0.1375 0.12963 0.904785
2 0.0770833 0.713889 0.154167 0.335185 0.909668
2 0.232552 0.451389 0.121354 0.167593 0.911621
2 0.195052 0.89537 0.299479 0.198148 0.920898
2 0.145833 0.540278 0.186458 0.260185 0.92334
