9 0.449219 0.0240741 0.0130208 0.0462963 0.354004
9 0.425781 0.0236111 0.0130208 0.0472222 0.380127
2 0.375781 0.5 0.145313 0.237037 0.467041
7 0.376042 0.5 0.145833 0.237037 0.477783
2 0.344271 0.65787 0.139583 0.256481 0.835449
2 0.0302083 0.845833 0.0604167 0.300926 0.855469
2 0.422135 0.418056 0.104687 0.158333 0.874023
2 0.940625 0.163889 0.11875 0.12963 0.897949
2 0.273698 0.782407 0.214062 0.362963 0.898438
2 0.302344 0.260185 0.100521 0.172222 0.899414
2 0.196615 0.891667 0.283854 0.203704 0.904297
2 0.74401 0.1625 0.177604 0.128704 0.919922
2 0.205729 0.475463 0.134375 0.176852 0.92334
2 0.0932292 0.637963 0.186458 0.303704 0.930664
