9 0.448958 0.0240741 0.0125 0.0462963 0.376709
0 0.90625 0.134722 0.025 0.0361111 0.430176
2 0.415885 0.423148 0.101562 0.146296 0.52832
9 0.425781 0.0240741 0.0130208 0.0481481 0.540527
2 0.377344 0.500463 0.155729 0.252778 0.639648
2 0.514844 0.0180556 0.0421875 0.0342593 0.675293
2 0.916146 0.165278 0.167708 0.126852 0.897461
2 0.0734375 0.724074 0.146875 0.348148 0.908691
2 0.709896 0.175 0.1375 0.103704 0.915527
2 0.215625 0.4375 0.154167 0.221296 0.928223
2 0.138281 0.593518 0.148438 0.211111 0.936035
