0 0.940104 0.1375 0.021875 0.0305556 0.256592
9 0.608333 0.0791667 0.0125 0.0731481 0.340332
9 0.45 0.0240741 0.0145833 0.0462963 0.458008
9 0.426302 0.0236111 0.0130208 0.0472222 0.485596
7 0.416406 0.405093 0.128646 0.221296 0.504883
2 0.383594 0.535185 0.118229 0.177778 0.720215
2 0.417188 0.405556 0.127083 0.211111 0.775391
2 0.332812 0.628241 0.190625 0.321296 0.875977
2 0.93125 0.164815 0.1375 0.12963 0.90332
2 0.720573 0.1625 0.177604 0.128704 0.909668
2 0.0768229 0.713426 0.153646 0.336111 0.909668
2 0.248437 0.832407 0.255208 0.32037 0.914551
2 0.232031 0.439352 0.110937 0.160185 0.91748
2 0.145833 0.542593 0.186458 0.264815 0.927246
