9 0.438021 0.0240741 0.0364583 0.0481481 0.315186
0 0.907812 0.134259 0.0239583 0.037037 0.462402
9 0.426302 0.0236111 0.0130208 0.0472222 0.522461
9 0.44974 0.025 0.0151042 0.0462963 0.545898
2 0.482292 0.140278 0.0645833 0.0972222 0.873047
2 0.916146 0.165278 0.167708 0.126852 0.899414
2 0.071875 0.725 0.14375 0.342593 0.905762
2 0.348177 0.576389 0.165104 0.276852 0.908203
2 0.723698 0.175 0.138021 0.105556 0.908691
2 0.411719 0.437963 0.110937 0.162963 0.913086
2 0.13099 0.608333 0.147396 0.216667 0.92627
2 0.209115 0.448148 0.154687 0.225926 0.931641
