9 0.608333 0.0842593 0.0125 0.0592593 0.27002
9 0.436458 0.0236111 0.0333333 0.0472222 0.2854
7 0.373698 0.503704 0.149479 0.244444 0.359863
2 0.0148437 0.881481 0.0296875 0.233333 0.395264
0 0.753125 0.135185 0.0229167 0.0388889 0.455811
9 0.449219 0.0240741 0.0151042 0.0462963 0.48291
9 0.426042 0.0236111 0.0125 0.0472222 0.57373
2 0.374479 0.50463 0.15 0.246296 0.588379
2 0.419792 0.421296 0.108333 0.148148 0.86377
2 0.0734375 0.721296 0.146875 0.338889 0.889648
2 0.228385 0.173148 0.139062 0.105556 0.896973
2 0.772396 0.164352 0.178125 0.128704 0.90332
2 0.235156 0.889352 0.220313 0.208333 0.911133
2 0.21875 0.431019 0.15 0.221296 0.930176
2 0.139323 0.593982 0.150521 0.212037 0.936035
