9 0.43776 0.0240741 0.0348958 0.0481481 0.277344
2 0.377083 0.499537 0.15 0.237963 0.37207
7 0.375781 0.499537 0.145313 0.236111 0.511719
9 0.44974 0.024537 0.0151042 0.0472222 0.526855
9 0.426042 0.0236111 0.0125 0.0472222 0.545898
2 0.0315104 0.84213 0.0630208 0.310185 0.821289
2 0.421875 0.418056 0.104167 0.158333 0.877441
2 0.325 0.199537 0.0875 0.14537 0.882324
2 0.940625 0.163889 0.11875 0.12963 0.895996
2 0.344271 0.646759 0.140625 0.232407 0.902832
2 0.276302 0.783333 0.216146 0.355556 0.910156
2 0.74401 0.1625 0.177604 0.128704 0.919434
2 0.19349 0.888889 0.303646 0.211111 0.919434
2 0.216406 0.470833 0.128646 0.175 0.921875
2 0.117708 0.581019 0.196875 0.278704 0.943359
