9 0.608333 0.0796296 0.0125 0.0722222 0.283447
0 0.940104 0.1375 0.021875 0.0305556 0.294678
0 0.00859375 0.87963 0.0171875 0.240741 0.331543
7 0.4125 0.413889 0.121875 0.214815 0.710449
2 0.507812 0.0319444 0.0479167 0.062037 0.855957
2 0.381771 0.543056 0.121875 0.193519 0.881348
2 0.93125 0.164815 0.1375 0.12963 0.903809
2 0.321615 0.653241 0.181771 0.321296 0.907715
2 0.721875 0.1625 0.177083 0.128704 0.908203
2 0.233594 0.446296 0.115104 0.168519 0.913086
2 0.0770833 0.713889 0.153125 0.335185 0.916016
2 0.145573 0.542593 0.185937 0.266667 0.929199
2 0.214844 0.863889 0.281771 0.257407 0.930176
