2 0.0145833 0.843982 0.0291667 0.306481 0.371582
2 0.38151 0.506481 0.154687 0.259259 0.404297
9 0.449219 0.0236111 0.0130208 0.0472222 0.514648
9 0.426042 0.0236111 0.0125 0.0472222 0.552734
7 0.376823 0.510648 0.144271 0.258333 0.697266
2 0.421615 0.420833 0.104687 0.15463 0.869141
2 0.947656 0.16713 0.104687 0.132407 0.892578
2 0.761979 0.162963 0.176042 0.12963 0.904297
2 0.153385 0.572685 0.140104 0.206481 0.917969
2 0.221094 0.427315 0.148438 0.217593 0.918457
2 0.0841146 0.67963 0.168229 0.32037 0.927246
2 0.336458 0.648148 0.152083 0.237037 0.929688
